! ! 
! S ! 
! ! 
! # MHz  S  MA  R  50.00000
! ! ===================================================================
1.00000,9.932793e-01,-7.357566e-01,8.630576e-04,1.764438e+02,4.698837e-05,8.957185e+01,9.608035e-01,-1.799999e+02
1.09648,9.932764e-01,-8.067386e-01,8.633125e-04,1.761014e+02,5.152143e-05,8.953051e+01,9.608035e-01,-1.799999e+02
1.20226,9.932729e-01,-8.845680e-01,8.636189e-04,1.757261e+02,5.649173e-05,8.948518e+01,9.608035e-01,-1.799999e+02
1.31826,9.932687e-01,-9.699053e-01,8.639870e-04,1.753149e+02,6.194144e-05,8.943548e+01,9.608036e-01,-1.799999e+02
1.44544,9.932637e-01,-1.063474e+00,8.644294e-04,1.748645e+02,6.791675e-05,8.938099e+01,9.608036e-01,-1.799999e+02
1.58489,9.932576e-01,-1.166069e+00,8.649609e-04,1.743710e+02,7.446834e-05,8.932125e+01,9.608036e-01,-1.799999e+02
1.73780,9.932503e-01,-1.278559e+00,8.655995e-04,1.738307e+02,8.165173e-05,8.925575e+01,9.608036e-01,-1.799999e+02
1.90546,9.932416e-01,-1.401900e+00,8.663665e-04,1.732390e+02,8.952779e-05,8.918393e+01,9.608036e-01,-1.799999e+02
2.08930,9.932310e-01,-1.537135e+00,8.672878e-04,1.725914e+02,9.816322e-05,8.910519e+01,9.608036e-01,-1.799999e+02
2.29087,9.932184e-01,-1.685413e+00,8.683940e-04,1.718829e+02,1.076311e-04,8.901886e+01,9.608036e-01,-1.799999e+02
2.51189,9.932032e-01,-1.847989e+00,8.697219e-04,1.711079e+02,1.180116e-04,8.892420e+01,9.608036e-01,-1.799999e+02
2.75423,9.931849e-01,-2.026241e+00,8.713155e-04,1.702607e+02,1.293925e-04,8.882043e+01,9.608036e-01,-1.799998e+02
3.01995,9.931629e-01,-2.221678e+00,8.732273e-04,1.693351e+02,1.418698e-04,8.870665e+01,9.608036e-01,-1.799998e+02
3.31131,9.931364e-01,-2.435954e+00,8.755198e-04,1.683246e+02,1.555490e-04,8.858190e+01,9.608036e-01,-1.799998e+02
3.63078,9.931046e-01,-2.670881e+00,8.782674e-04,1.672222e+02,1.705453e-04,8.844514e+01,9.608036e-01,-1.799998e+02
3.98107,9.930664e-01,-2.928446e+00,8.815586e-04,1.660210e+02,1.869850e-04,8.829521e+01,9.608036e-01,-1.799998e+02
4.36516,9.930205e-01,-3.210822e+00,8.854979e-04,1.647135e+02,2.050063e-04,8.813084e+01,9.608036e-01,-1.799998e+02
4.78630,9.929654e-01,-3.520393e+00,8.902090e-04,1.632922e+02,2.247603e-04,8.795065e+01,9.608036e-01,-1.799997e+02
5.24807,9.928990e-01,-3.859765e+00,8.958376e-04,1.617499e+02,2.464123e-04,8.775312e+01,9.608036e-01,-1.799997e+02
5.75440,9.928194e-01,-4.231795e+00,9.025542e-04,1.600795e+02,2.701429e-04,8.753660e+01,9.608036e-01,-1.799997e+02
6.30957,9.927236e-01,-4.639604e+00,9.105582e-04,1.582743e+02,2.961494e-04,8.729928e+01,9.608036e-01,-1.799996e+02
6.91831,9.926086e-01,-5.086610e+00,9.200810e-04,1.563284e+02,3.246471e-04,8.703917e+01,9.608036e-01,-1.799996e+02
7.58578,9.924704e-01,-5.576548e+00,9.313898e-04,1.542372e+02,3.558706e-04,8.675411e+01,9.608036e-01,-1.799996e+02
8.31764,9.923045e-01,-6.113496e+00,9.447906e-04,1.519973e+02,3.900754e-04,8.644173e+01,9.608037e-01,-1.799995e+02
9.12011,9.921052e-01,-6.701910e+00,9.606315e-04,1.496073e+02,4.275395e-04,8.609948e+01,9.608037e-01,-1.799995e+02
10.00000,9.918660e-01,-7.346648e+00,9.793051e-04,1.470680e+02,4.685643e-04,8.572453e+01,9.608037e-01,-1.799994e+02
10.96478,9.915790e-01,-8.053003e+00,1.001249e-03,1.443829e+02,5.134765e-04,8.531385e+01,9.608037e-01,-1.799994e+02
12.02264,9.912347e-01,-8.826734e+00,1.026947e-03,1.415578e+02,5.626288e-04,8.486411e+01,9.608038e-01,-1.799993e+02
13.18257,9.908218e-01,-9.674099e+00,1.056927e-03,1.386018e+02,6.164013e-04,8.437174e+01,9.608038e-01,-1.799993e+02
14.45440,9.903269e-01,-1.060188e+01,1.091756e-03,1.355266e+02,6.752015e-04,8.383285e+01,9.608039e-01,-1.799992e+02
15.84893,9.897343e-01,-1.161743e+01,1.132040e-03,1.323461e+02,7.394646e-04,8.324327e+01,9.608039e-01,-1.799991e+02
17.37801,9.890250e-01,-1.272865e+01,1.178412e-03,1.290762e+02,8.096524e-04,8.259851e+01,9.608040e-01,-1.799990e+02
19.05461,9.881769e-01,-1.394406e+01,1.231528e-03,1.257338e+02,8.862516e-04,8.189377e+01,9.608041e-01,-1.799989e+02
20.89296,9.871640e-01,-1.527279e+01,1.292057e-03,1.223362e+02,9.697701e-04,8.112397e+01,9.608042e-01,-1.799988e+02
22.90868,9.859557e-01,-1.672453e+01,1.360666e-03,1.188997e+02,1.060732e-03,8.028371e+01,9.608043e-01,-1.799987e+02
25.11886,9.845166e-01,-1.830958e+01,1.438014e-03,1.154394e+02,1.159670e-03,7.936736e+01,9.608045e-01,-1.799986e+02
27.54229,9.828058e-01,-2.003872e+01,1.524736e-03,1.119678e+02,1.267114e-03,7.836911e+01,9.608046e-01,-1.799985e+02
30.19952,9.807764e-01,-2.192321e+01,1.621426e-03,1.084950e+02,1.383579e-03,7.728297e+01,9.608048e-01,-1.799983e+02
33.11311,9.783753e-01,-2.397459e+01,1.728620e-03,1.050277e+02,1.509543e-03,7.610299e+01,9.608051e-01,-1.799982e+02
36.30781,9.755432e-01,-2.620454e+01,1.846774e-03,1.015700e+02,1.645426e-03,7.482330e+01,9.608054e-01,-1.799980e+02
39.81072,9.722147e-01,-2.862468e+01,1.976236e-03,9.812296e+01,1.791562e-03,7.343833e+01,9.608057e-01,-1.799978e+02
43.65158,9.683193e-01,-3.124619e+01,2.117213e-03,9.468550e+01,1.948161e-03,7.194306e+01,9.608061e-01,-1.799976e+02
47.86301,9.637829e-01,-3.407951e+01,2.269739e-03,9.125481e+01,2.115272e-03,7.033324e+01,9.608066e-01,-1.799974e+02
52.48075,9.585303e-01,-3.713380e+01,2.433631e-03,8.782709e+01,2.292738e-03,6.860577e+01,9.608071e-01,-1.799971e+02
57.54399,9.524888e-01,-4.041644e+01,2.608448e-03,8.439831e+01,2.480151e-03,6.675902e+01,9.608077e-01,-1.799969e+02
63.09573,9.455924e-01,-4.393238e+01,2.793449e-03,8.096502e+01,2.676811e-03,6.479326e+01,9.608084e-01,-1.799966e+02
69.18310,9.377883e-01,-4.768347e+01,2.987563e-03,7.752503e+01,2.881688e-03,6.271102e+01,9.608092e-01,-1.799963e+02
75.85776,9.290429e-01,-5.166775e+01,3.189365e-03,7.407816e+01,3.093399e-03,6.051750e+01,9.608100e-01,-1.799959e+02
83.17638,9.193490e-01,-5.587882e+01,3.397082e-03,7.062671e+01,3.310212e-03,5.822082e+01,9.608110e-01,-1.799956e+02
91.20108,9.087326e-01,-6.030524e+01,3.608611e-03,6.717590e+01,3.530067e-03,5.583222e+01,9.608120e-01,-1.799952e+02
100.00000,8.972581e-01,-6.493019e+01,3.821586e-03,6.373401e+01,3.750636e-03,5.336605e+01,9.608131e-01,-1.799948e+02
109.64782,8.850306e-01,-6.973126e+01,4.033460e-03,6.031227e+01,3.969409e-03,5.083955e+01,9.608143e-01,-1.799943e+02
120.22644,8.721956e-01,-7.468065e+01,4.241625e-03,5.692456e+01,4.183816e-03,4.827244e+01,9.608155e-01,-1.799938e+02
131.82567,8.589336e-01,-7.974569e+01,4.443542e-03,5.358679e+01,4.391352e-03,4.568624e+01,9.608168e-01,-1.799933e+02
144.54398,8.454515e-01,-8.488967e+01,4.636877e-03,5.031617e+01,4.589721e-03,4.310349e+01,9.608180e-01,-1.799927e+02
158.48932,8.319699e-01,-9.007300e+01,4.819621e-03,4.713026e+01,4.776950e-03,4.054680e+01,9.608193e-01,-1.799921e+02
173.78008,8.187094e-01,-9.525462e+01,4.990187e-03,4.404614e+01,4.951489e-03,3.803796e+01,9.608205e-01,-1.799914e+02
190.54607,8.058760e-01,-1.003935e+02,5.147459e-03,4.107950e+01,5.112260e-03,3.559710e+01,9.608218e-01,-1.799907e+02
208.92961,7.936499e-01,-1.054502e+02,5.290811e-03,3.824405e+01,5.258676e-03,3.324202e+01,9.608229e-01,-1.799899e+02
229.08677,7.821758e-01,-1.103881e+02,5.420079e-03,3.555102e+01,5.390614e-03,3.098777e+01,9.608241e-01,-1.799890e+02
251.18864,7.715583e-01,-1.151748e+02,5.535506e-03,3.300890e+01,5.508354e-03,2.884634e+01,9.608252e-01,-1.799881e+02
275.42287,7.618616e-01,-1.197827e+02,5.637669e-03,3.062342e+01,5.612510e-03,2.682673e+01,9.608263e-01,-1.799870e+02
301.99517,7.531117e-01,-1.241897e+02,5.727392e-03,2.839772e+01,5.703945e-03,2.493504e+01,9.608273e-01,-1.799859e+02
331.13112,7.453017e-01,-1.283791e+02,5.805670e-03,2.633258e+01,5.783686e-03,2.317480e+01,9.608284e-01,-1.799846e+02
363.07805,7.383987e-01,-1.323398e+02,5.873591e-03,2.442679e+01,5.852853e-03,2.154732e+01,9.608295e-01,-1.799832e+02
398.10717,7.323501e-01,-1.360654e+02,5.932281e-03,2.267753e+01,5.912601e-03,2.005209e+01,9.608306e-01,-1.799816e+02
436.51583,7.270907e-01,-1.395543e+02,5.982853e-03,2.108075e+01,5.964069e-03,1.868719e+01,9.608318e-01,-1.799800e+02
478.63009,7.225483e-01,-1.428082e+02,6.026378e-03,1.963156e+01,6.008352e-03,1.744964e+01,9.608331e-01,-1.799781e+02
524.80746,7.186482e-01,-1.458321e+02,6.063864e-03,1.832449e+01,6.046477e-03,1.633578e+01,9.608345e-01,-1.799760e+02
575.43994,7.153168e-01,-1.486335e+02,6.096241e-03,1.715385e+01,6.079394e-03,1.534150e+01,9.608362e-01,-1.799738e+02
630.95734,7.124839e-01,-1.512213e+02,6.124366e-03,1.611386e+01,6.107974e-03,1.446253e+01,9.608380e-01,-1.799713e+02
691.83097,7.100847e-01,-1.536058e+02,6.149019e-03,1.519891e+01,6.133010e-03,1.369462e+01,9.608402e-01,-1.799686e+02
758.57758,7.080600e-01,-1.557981e+02,6.170912e-03,1.440365e+01,6.155228e-03,1.303364e+01,9.608428e-01,-1.799657e+02
831.76377,7.063572e-01,-1.578096e+02,6.190700e-03,1.372310e+01,6.175290e-03,1.247575e+01,9.608458e-01,-1.799624e+02
912.01084,7.049299e-01,-1.596516e+02,6.208991e-03,1.315275e+01,6.193816e-03,1.201748e+01,9.608494e-01,-1.799588e+02
1000.00000,7.037377e-01,-1.613355e+02,6.226359e-03,1.268854e+01,6.211386e-03,1.165571e+01,9.608536e-01,-1.799549e+02
1096.47820,7.027457e-01,-1.628721e+02,6.243360e-03,1.232693e+01,6.228562e-03,1.138777e+01,9.608587e-01,-1.799506e+02
1202.26443,7.019243e-01,-1.642718e+02,6.260542e-03,1.206488e+01,6.245897e-03,1.121140e+01,9.608648e-01,-1.799459e+02
1318.25674,7.012484e-01,-1.655447e+02,6.278461e-03,1.189982e+01,6.263954e-03,1.112475e+01,9.608721e-01,-1.799407e+02
1445.43977,7.006969e-01,-1.666998e+02,6.297700e-03,1.182962e+01,6.283320e-03,1.112635e+01,9.608809e-01,-1.799350e+02
1584.89319,7.002525e-01,-1.677459e+02,6.318882e-03,1.185250e+01,6.304620e-03,1.121502e+01,9.608914e-01,-1.799288e+02
1737.80083,6.999010e-01,-1.686910e+02,6.342684e-03,1.196696e+01,6.328538e-03,1.138981e+01,9.609040e-01,-1.799220e+02
1905.46072,6.996311e-01,-1.695423e+02,6.369863e-03,1.217167e+01,6.355832e-03,1.164988e+01,9.609191e-01,-1.799146e+02
2089.29613,6.994340e-01,-1.703067e+02,6.401267e-03,1.246529e+01,6.387355e-03,1.199435e+01,9.609372e-01,-1.799064e+02
2290.86765,6.993033e-01,-1.709903e+02,6.437859e-03,1.284633e+01,6.424073e-03,1.242211e+01,9.609590e-01,-1.798975e+02
2511.88643,6.992348e-01,-1.715985e+02,6.480736e-03,1.331286e+01,6.467085e-03,1.293161e+01,9.609850e-01,-1.798878e+02
2754.22870,6.992261e-01,-1.721365e+02,6.531147e-03,1.386228e+01,6.517646e-03,1.352058e+01,9.610163e-01,-1.798771e+02
3019.95172,6.992768e-01,-1.726086e+02,6.590515e-03,1.449100e+01,6.577181e-03,1.418570e+01,9.610538e-01,-1.798655e+02
3311.31121,6.993887e-01,-1.730190e+02,6.660453e-03,1.519403e+01,6.647306e-03,1.492226e+01,9.610987e-01,-1.798528e+02
3630.78055,6.995651e-01,-1.733710e+02,6.742774e-03,1.596462e+01,6.729840e-03,1.572371e+01,9.611524e-01,-1.798390e+02
3981.07171,6.998117e-01,-1.736679e+02,6.839502e-03,1.679380e+01,6.826807e-03,1.658126e+01,9.612166e-01,-1.798240e+02
4365.15832,7.001363e-01,-1.739123e+02,6.952863e-03,1.766998e+01,6.940437e-03,1.748348e+01,9.612933e-01,-1.798078e+02
4786.30092,7.005490e-01,-1.741067e+02,7.085271e-03,1.857856e+01,7.073148e-03,1.841590e+01,9.613848e-01,-1.797901e+02
5248.07460,7.010624e-01,-1.742531e+02,7.239298e-03,1.950162e+01,7.227513e-03,1.936070e+01,9.614937e-01,-1.797710e+02
5754.39937,7.016922e-01,-1.743533e+02,7.417617e-03,2.041783e+01,7.406207e-03,2.029663e+01,9.616232e-01,-1.797504e+02
6309.57344,7.024572e-01,-1.744088e+02,7.622928e-03,2.130242e+01,7.611929e-03,2.119902e+01,9.617769e-01,-1.797283e+02
6918.30971,7.033795e-01,-1.744212e+02,7.857857e-03,2.212756e+01,7.847305e-03,2.204009e+01,9.619586e-01,-1.797046e+02
7585.77575,7.044852e-01,-1.743916e+02,8.124822e-03,2.286285e+01,8.114750e-03,2.278951e+01,9.621730e-01,-1.796794e+02
8317.63771,7.058045e-01,-1.743214e+02,8.425880e-03,2.347612e+01,8.416317e-03,2.341520e+01,9.624249e-01,-1.796527e+02
9120.10839,7.073718e-01,-1.742120e+02,8.762541e-03,2.393449e+01,8.753514e-03,2.388437e+01,9.627198e-01,-1.796246e+02
10000.00000,7.092263e-01,-1.740648e+02,9.135567e-03,2.420550e+01,9.127094e-03,2.416466e+01,9.630631e-01,-1.795952e+02
