! ! 
! S ! 
! ! 
! # MHz  S  MA  R  50.00000
! ! ===================================================================
1.00000,9.922918e-01,-7.614264e-01,3.156184e-03,1.786946e+02,4.711212e-05,8.955712e+01,9.608036e-01,-1.799999e+02
1.09648,9.922887e-01,-8.348846e-01,3.156237e-03,1.785686e+02,5.165710e-05,8.951435e+01,9.608036e-01,-1.799999e+02
1.20226,9.922849e-01,-9.154291e-01,3.156301e-03,1.784305e+02,5.664046e-05,8.946747e+01,9.608036e-01,-1.799999e+02
1.31826,9.922805e-01,-1.003743e+00,3.156377e-03,1.782791e+02,6.210448e-05,8.941606e+01,9.608036e-01,-1.799999e+02
1.44544,9.922751e-01,-1.100576e+00,3.156469e-03,1.781130e+02,6.809548e-05,8.935970e+01,9.608036e-01,-1.799999e+02
1.58489,9.922686e-01,-1.206750e+00,3.156579e-03,1.779310e+02,7.466424e-05,8.929790e+01,9.608036e-01,-1.799999e+02
1.73780,9.922608e-01,-1.323164e+00,3.156712e-03,1.777314e+02,8.186645e-05,8.923015e+01,9.608036e-01,-1.799999e+02
1.90546,9.922515e-01,-1.450806e+00,3.156872e-03,1.775125e+02,8.976310e-05,8.915586e+01,9.608036e-01,-1.799999e+02
2.08930,9.922402e-01,-1.590758e+00,3.157064e-03,1.772726e+02,9.842108e-05,8.907442e+01,9.608036e-01,-1.799999e+02
2.29087,9.922267e-01,-1.744207e+00,3.157294e-03,1.770096e+02,1.079137e-04,8.898512e+01,9.608036e-01,-1.799999e+02
2.51189,9.922104e-01,-1.912452e+00,3.157571e-03,1.767213e+02,1.183212e-04,8.888721e+01,9.608036e-01,-1.799998e+02
2.75423,9.921909e-01,-2.096919e+00,3.157905e-03,1.764052e+02,1.297315e-04,8.877987e+01,9.608036e-01,-1.799998e+02
3.01995,9.921674e-01,-2.299169e+00,3.158305e-03,1.760587e+02,1.422411e-04,8.866218e+01,9.608036e-01,-1.799998e+02
3.31131,9.921392e-01,-2.520914e+00,3.158787e-03,1.756788e+02,1.559555e-04,8.853315e+01,9.608036e-01,-1.799998e+02
3.63078,9.921052e-01,-2.764028e+00,3.159365e-03,1.752625e+02,1.709903e-04,8.839170e+01,9.608036e-01,-1.799998e+02
3.98107,9.920644e-01,-3.030567e+00,3.160060e-03,1.748062e+02,1.874719e-04,8.823662e+01,9.608036e-01,-1.799998e+02
4.36516,9.920154e-01,-3.322779e+00,3.160896e-03,1.743061e+02,2.055388e-04,8.806660e+01,9.608036e-01,-1.799997e+02
4.78630,9.919565e-01,-3.643129e+00,3.161899e-03,1.737581e+02,2.253423e-04,8.788023e+01,9.608036e-01,-1.799997e+02
5.24807,9.918857e-01,-3.994314e+00,3.163104e-03,1.731577e+02,2.470481e-04,8.767593e+01,9.608037e-01,-1.799997e+02
5.75440,9.918006e-01,-4.379286e+00,3.164552e-03,1.724999e+02,2.708369e-04,8.745200e+01,9.608037e-01,-1.799997e+02
6.30957,9.916984e-01,-4.801275e+00,3.166290e-03,1.717795e+02,2.969063e-04,8.720655e+01,9.608037e-01,-1.799996e+02
6.91831,9.915756e-01,-5.263813e+00,3.168377e-03,1.709904e+02,3.254716e-04,8.693754e+01,9.608037e-01,-1.799996e+02
7.58578,9.914281e-01,-5.770759e+00,3.170882e-03,1.701266e+02,3.567675e-04,8.664274e+01,9.608037e-01,-1.799995e+02
8.31764,9.912510e-01,-6.326330e+00,3.173886e-03,1.691811e+02,3.910495e-04,8.631971e+01,9.608037e-01,-1.799995e+02
9.12011,9.910383e-01,-6.935127e+00,3.177489e-03,1.681466e+02,4.285952e-04,8.596579e+01,9.608038e-01,-1.799994e+02
10.00000,9.907830e-01,-7.602166e+00,3.181807e-03,1.670152e+02,4.697057e-04,8.557809e+01,9.608038e-01,-1.799994e+02
10.96478,9.904767e-01,-8.332911e+00,3.186979e-03,1.657785e+02,5.147066e-04,8.515347e+01,9.608038e-01,-1.799993e+02
12.02264,9.901093e-01,-9.133302e+00,3.193169e-03,1.644274e+02,5.639497e-04,8.468852e+01,9.608039e-01,-1.799993e+02
13.18257,9.896689e-01,-1.000979e+01,3.200572e-03,1.629526e+02,6.178128e-04,8.417954e+01,9.608039e-01,-1.799992e+02
14.45440,9.891411e-01,-1.096937e+01,3.209415e-03,1.613439e+02,6.767011e-04,8.362255e+01,9.608040e-01,-1.799991e+02
15.84893,9.885092e-01,-1.201958e+01,3.219965e-03,1.595910e+02,7.410458e-04,8.301325e+01,9.608041e-01,-1.799990e+02
17.37801,9.877532e-01,-1.316858e+01,3.232533e-03,1.576834e+02,8.113037e-04,8.234705e+01,9.608042e-01,-1.799990e+02
19.05461,9.868496e-01,-1.442510e+01,3.247479e-03,1.556102e+02,8.879545e-04,8.161904e+01,9.608043e-01,-1.799989e+02
20.89296,9.857708e-01,-1.579847e+01,3.265215e-03,1.533607e+02,9.714970e-04,8.082402e+01,9.608045e-01,-1.799987e+02
22.90868,9.844846e-01,-1.729863e+01,3.286209e-03,1.509248e+02,1.062443e-03,7.995651e+01,9.608046e-01,-1.799986e+02
25.11886,9.829538e-01,-1.893606e+01,3.310989e-03,1.482928e+02,1.161309e-03,7.901080e+01,9.608048e-01,-1.799985e+02
27.54229,9.811354e-01,-2.072173e+01,3.340136e-03,1.454563e+02,1.268606e-03,7.798100e+01,9.608051e-01,-1.799984e+02
30.19952,9.789803e-01,-2.266703e+01,3.374285e-03,1.424084e+02,1.384821e-03,7.686114e+01,9.608053e-01,-1.799982e+02
33.11311,9.764332e-01,-2.478356e+01,3.414110e-03,1.391442e+02,1.510400e-03,7.564526e+01,9.608057e-01,-1.799980e+02
36.30781,9.734326e-01,-2.708303e+01,3.460307e-03,1.356617e+02,1.645723e-03,7.432760e+01,9.608060e-01,-1.799978e+02
39.81072,9.699114e-01,-2.957693e+01,3.513568e-03,1.319618e+02,1.791073e-03,7.290276e+01,9.608065e-01,-1.799976e+02
43.65158,9.657976e-01,-3.227622e+01,3.574550e-03,1.280492e+02,1.946601e-03,7.136596e+01,9.608070e-01,-1.799974e+02
47.86301,9.610167e-01,-3.519092e+01,3.643825e-03,1.239325e+02,2.112285e-03,6.971336e+01,9.608076e-01,-1.799972e+02
52.48075,9.554940e-01,-3.832960e+01,3.721830e-03,1.196246e+02,2.287889e-03,6.794234e+01,9.608083e-01,-1.799969e+02
57.54399,9.491588e-01,-4.169881e+01,3.808810e-03,1.151428e+02,2.472918e-03,6.605194e+01,9.608091e-01,-1.799967e+02
63.09573,9.419496e-01,-4.530244e+01,3.904758e-03,1.105086e+02,2.666578e-03,6.404322e+01,9.608100e-01,-1.799964e+02
69.18310,9.338198e-01,-4.914101e+01,4.009365e-03,1.057470e+02,2.867747e-03,6.191966e+01,9.608110e-01,-1.799961e+02
75.85776,9.247450e-01,-5.321098e+01,4.121975e-03,1.008867e+02,3.074959e-03,5.968750e+01,9.608122e-01,-1.799957e+02
83.17638,9.147295e-01,-5.750413e+01,4.241573e-03,9.595881e+01,3.286412e-03,5.735603e+01,9.608134e-01,-1.799953e+02
91.20108,9.038130e-01,-6.200706e+01,4.366790e-03,9.099619e+01,3.500006e-03,5.493765e+01,9.608147e-01,-1.799949e+02
100.00000,8.920746e-01,-6.670086e+01,4.495954e-03,8.603282e+01,3.713410e-03,5.244780e+01,9.608161e-01,-1.799945e+02
109.64782,8.796344e-01,-7.156108e+01,4.627157e-03,8.110279e+01,3.924154e-03,4.990472e+01,9.608176e-01,-1.799941e+02
120.22644,8.666513e-01,-7.655803e+01,4.758368e-03,7.623943e+01,4.129756e-03,4.732888e+01,9.608191e-01,-1.799936e+02
131.82567,8.533163e-01,-8.165739e+01,4.887546e-03,7.147453e+01,4.327849e-03,4.474230e+01,9.608207e-01,-1.799930e+02
144.54398,8.398425e-01,-8.682123e+01,5.012765e-03,6.683747e+01,4.516309e-03,4.216764e+01,9.608223e-01,-1.799925e+02
158.48932,8.264516e-01,-9.200923e+01,5.132325e-03,6.235460e+01,4.693367e-03,3.962733e+01,9.608238e-01,-1.799919e+02
173.78008,8.133598e-01,-9.718015e+01,5.244835e-03,5.804859e+01,4.857687e-03,3.714266e+01,9.608254e-01,-1.799912e+02
190.54607,8.007644e-01,-1.022934e+02,5.349267e-03,5.393809e+01,5.008400e-03,3.473296e+01,9.608268e-01,-1.799905e+02
208.92961,7.888327e-01,-1.073103e+02,5.444965e-03,5.003754e+01,5.145108e-03,3.241508e+01,9.608283e-01,-1.799897e+02
229.08677,7.776946e-01,-1.121959e+02,5.531639e-03,4.635713e+01,5.267844e-03,3.020296e+01,9.608296e-01,-1.799888e+02
251.18864,7.674395e-01,-1.169193e+02,5.609314e-03,4.290303e+01,5.377007e-03,2.810750e+01,9.608309e-01,-1.799878e+02
275.42287,7.581166e-01,-1.214550e+02,5.678277e-03,3.967776e+01,5.473292e-03,2.613661e+01,9.608322e-01,-1.799868e+02
301.99517,7.497391e-01,-1.257830e+02,5.739017e-03,3.668063e+01,5.557602e-03,2.429542e+01,9.608334e-01,-1.799856e+02
331.13112,7.422897e-01,-1.298886e+02,5.792159e-03,3.390829e+01,5.630974e-03,2.258663e+01,9.608346e-01,-1.799843e+02
363.07805,7.357273e-01,-1.337625e+02,5.838412e-03,3.135526e+01,5.694513e-03,2.101084e+01,9.608357e-01,-1.799829e+02
398.10717,7.299942e-01,-1.374003e+02,5.878523e-03,2.901446e+01,5.749336e-03,1.956699e+01,9.608370e-01,-1.799814e+02
436.51583,7.250221e-01,-1.408016e+02,5.913242e-03,2.687772e+01,5.796535e-03,1.825276e+01,9.608383e-01,-1.799797e+02
478.63009,7.207376e-01,-1.439696e+02,5.943299e-03,2.493617e+01,5.837149e-03,1.706491e+01,9.608396e-01,-1.799778e+02
524.80746,7.170661e-01,-1.469101e+02,5.969388e-03,2.318062e+01,5.872146e-03,1.599961e+01,9.608412e-01,-1.799757e+02
575.43994,7.139353e-01,-1.496312e+02,5.992158e-03,2.160187e+01,5.902421e-03,1.505270e+01,9.608429e-01,-1.799735e+02
630.95734,7.112770e-01,-1.521426e+02,6.012214e-03,2.019091e+01,5.928788e-03,1.421993e+01,9.608448e-01,-1.799710e+02
691.83097,7.090286e-01,-1.544548e+02,6.030116e-03,1.893912e+01,5.951993e-03,1.349712e+01,9.608471e-01,-1.799683e+02
758.57758,7.071334e-01,-1.565791e+02,6.046385e-03,1.783839e+01,5.972716e-03,1.288029e+01,9.608497e-01,-1.799653e+02
831.76377,7.055413e-01,-1.585269e+02,6.061511e-03,1.688122e+01,5.991584e-03,1.236576e+01,9.608528e-01,-1.799620e+02
912.01084,7.042081e-01,-1.603096e+02,6.075964e-03,1.606076e+01,6.009182e-03,1.195024e+01,9.608564e-01,-1.799584e+02
1000.00000,7.030957e-01,-1.619383e+02,6.090200e-03,1.537086e+01,6.026067e-03,1.163083e+01,9.608608e-01,-1.799544e+02
1096.47820,7.021713e-01,-1.634239e+02,6.104677e-03,1.480604e+01,6.042780e-03,1.140507e+01,9.608660e-01,-1.799501e+02
1202.26443,7.014069e-01,-1.647764e+02,6.119862e-03,1.436149e+01,6.059862e-03,1.127093e+01,9.608722e-01,-1.799453e+02
1318.25674,7.007790e-01,-1.660057e+02,6.136249e-03,1.403305e+01,6.077868e-03,1.122677e+01,9.608797e-01,-1.799401e+02
1445.43977,7.002680e-01,-1.671207e+02,6.154370e-03,1.381709e+01,6.097382e-03,1.127129e+01,9.608886e-01,-1.799344e+02
1584.89319,6.998578e-01,-1.681299e+02,6.174808e-03,1.371049e+01,6.119033e-03,1.140352e+01,9.608993e-01,-1.799281e+02
1737.80083,6.995351e-01,-1.690410e+02,6.198217e-03,1.371049e+01,6.143515e-03,1.162262e+01,9.609122e-01,-1.799212e+02
1905.46072,6.992895e-01,-1.698612e+02,6.225333e-03,1.381457e+01,6.171600e-03,1.192786e+01,9.609276e-01,-1.799137e+02
2089.29613,6.991132e-01,-1.705970e+02,6.256999e-03,1.402028e+01,6.204159e-03,1.231840e+01,9.609461e-01,-1.799055e+02
2290.86765,6.990002e-01,-1.712542e+02,6.294179e-03,1.432503e+01,6.242185e-03,1.279308e+01,9.609682e-01,-1.798965e+02
2511.88643,6.989469e-01,-1.718383e+02,6.337976e-03,1.472584e+01,6.286807e-03,1.335025e+01,9.609948e-01,-1.798867e+02
2754.22870,6.989516e-01,-1.723541e+02,6.389655e-03,1.521904e+01,6.339312e-03,1.398738e+01,9.610267e-01,-1.798759e+02
3019.95172,6.990142e-01,-1.728059e+02,6.450661e-03,1.579993e+01,6.401166e-03,1.470081e+01,9.610649e-01,-1.798642e+02
3311.31121,6.991367e-01,-1.731975e+02,6.522629e-03,1.646239e+01,6.474026e-03,1.548529e+01,9.611107e-01,-1.798514e+02
3630.78055,6.993232e-01,-1.735323e+02,6.607401e-03,1.719843e+01,6.559751e-03,1.633362e+01,9.611654e-01,-1.798375e+02
3981.07171,6.995793e-01,-1.738134e+02,6.707026e-03,1.799780e+01,6.660408e-03,1.723620e+01,9.612308e-01,-1.798224e+02
4365.15832,6.999133e-01,-1.740432e+02,6.823756e-03,1.884756e+01,6.778263e-03,1.818061e+01,9.613090e-01,-1.798060e+02
4786.30092,7.003355e-01,-1.742241e+02,6.960025e-03,1.973169e+01,6.915763e-03,1.915128e+01,9.614022e-01,-1.797882e+02
5248.07460,7.008589e-01,-1.743580e+02,7.118415e-03,2.063084e+01,7.075499e-03,2.012923e+01,9.615131e-01,-1.797689e+02
5754.39937,7.014994e-01,-1.744466e+02,7.301597e-03,2.152225e+01,7.260147e-03,2.109202e+01,9.616450e-01,-1.797482e+02
6309.57344,7.022761e-01,-1.744915e+02,7.512252e-03,2.237987e+01,7.472389e-03,2.201385e+01,9.618014e-01,-1.797259e+02
6918.30971,7.032113e-01,-1.744939e+02,7.752966e-03,2.317469e+01,7.714809e-03,2.286597e+01,9.619864e-01,-1.797020e+02
7585.77575,7.043316e-01,-1.744551e+02,8.026098e-03,2.387537e+01,7.989756e-03,2.361734e+01,9.622045e-01,-1.796767e+02
8317.63771,7.056672e-01,-1.743764e+02,8.333618e-03,2.444912e+01,8.299189e-03,2.423548e+01,9.624608e-01,-1.796498e+02
9120.10839,7.072532e-01,-1.742591e+02,8.676928e-03,2.486276e+01,8.644493e-03,2.468756e+01,9.627605e-01,-1.796215e+02
10000.00000,7.091286e-01,-1.741046e+02,9.056657e-03,2.508386e+01,9.026277e-03,2.494158e+01,9.631093e-01,-1.795921e+02
