! ! 
! S ! 
! ! 
! # MHz  S  MA  R  50.00000
! ! ===================================================================
1.00000,9.937322e-01,-7.400372e-01,4.662362e-02,1.766196e+02,2.339866e-03,8.950337e+01,9.511617e-01,-1.418068e-01
1.09648,9.937287e-01,-8.114321e-01,4.663526e-02,1.762940e+02,2.565596e-03,8.945542e+01,9.511609e-01,-1.554858e-01
1.20226,9.937244e-01,-8.897141e-01,4.664925e-02,1.759371e+02,2.813098e-03,8.940285e+01,9.511601e-01,-1.704845e-01
1.31826,9.937194e-01,-9.755475e-01,4.666606e-02,1.755460e+02,3.084473e-03,8.934521e+01,9.511590e-01,-1.869303e-01
1.44544,9.937133e-01,-1.069661e+00,4.668627e-02,1.751175e+02,3.382020e-03,8.928201e+01,9.511578e-01,-2.049627e-01
1.58489,9.937059e-01,-1.172852e+00,4.671055e-02,1.746481e+02,3.708263e-03,8.921272e+01,9.511562e-01,-2.247347e-01
1.73780,9.936971e-01,-1.285996e+00,4.673972e-02,1.741338e+02,4.065965e-03,8.913675e+01,9.511544e-01,-2.464139e-01
1.90546,9.936865e-01,-1.410053e+00,4.677476e-02,1.735707e+02,4.458157e-03,8.905346e+01,9.511522e-01,-2.701844e-01
2.08930,9.936738e-01,-1.546074e+00,4.681686e-02,1.729541e+02,4.888160e-03,8.896213e+01,9.511496e-01,-2.962477e-01
2.29087,9.936585e-01,-1.695212e+00,4.686741e-02,1.722791e+02,5.359614e-03,8.886200e+01,9.511464e-01,-3.248247e-01
2.51189,9.936401e-01,-1.858732e+00,4.692811e-02,1.715407e+02,5.876505e-03,8.875221e+01,9.511426e-01,-3.561578e-01
2.75423,9.936179e-01,-2.038018e+00,4.700097e-02,1.707329e+02,6.443204e-03,8.863185e+01,9.511380e-01,-3.905125e-01
3.01995,9.935913e-01,-2.234587e+00,4.708841e-02,1.698499e+02,7.064495e-03,8.849988e+01,9.511325e-01,-4.281798e-01
3.31131,9.935594e-01,-2.450104e+00,4.719329e-02,1.688852e+02,7.745620e-03,8.835519e+01,9.511259e-01,-4.694787e-01
3.63078,9.935209e-01,-2.686391e+00,4.731905e-02,1.678318e+02,8.492317e-03,8.819657e+01,9.511179e-01,-5.147587e-01
3.98107,9.934747e-01,-2.945444e+00,4.746975e-02,1.666828e+02,9.310868e-03,8.802267e+01,9.511083e-01,-5.644030e-01
4.36516,9.934192e-01,-3.229450e+00,4.765025e-02,1.654305e+02,1.020815e-02,8.783201e+01,9.510968e-01,-6.188311e-01
4.78630,9.933525e-01,-3.540805e+00,4.786625e-02,1.640673e+02,1.119167e-02,8.762301e+01,9.510830e-01,-6.785028e-01
5.24807,9.932723e-01,-3.882129e+00,4.812453e-02,1.625855e+02,1.226965e-02,8.739390e+01,9.510664e-01,-7.439214e-01
5.75440,9.931759e-01,-4.256293e+00,4.843302e-02,1.609772e+02,1.345107e-02,8.714276e+01,9.510464e-01,-8.156384e-01
6.30957,9.930601e-01,-4.666435e+00,4.880106e-02,1.592351e+02,1.474574e-02,8.686748e+01,9.510225e-01,-8.942571e-01
6.91831,9.929211e-01,-5.115990e+00,4.923949e-02,1.573520e+02,1.616434e-02,8.656576e+01,9.509937e-01,-9.804379e-01
7.58578,9.927540e-01,-5.608708e+00,4.976091e-02,1.553218e+02,1.771851e-02,8.623510e+01,9.509591e-01,-1.074903e+00
8.31764,9.925534e-01,-6.148690e+00,5.037984e-02,1.531392e+02,1.942095e-02,8.587275e+01,9.509175e-01,-1.178443e+00
9.12011,9.923125e-01,-6.740408e+00,5.111288e-02,1.508007e+02,2.128541e-02,8.547573e+01,9.508677e-01,-1.291919e+00
10.00000,9.920233e-01,-7.388738e+00,5.197886e-02,1.483043e+02,2.332682e-02,8.504077e+01,9.508079e-01,-1.416275e+00
10.96478,9.916764e-01,-8.098995e+00,5.299895e-02,1.456505e+02,2.556135e-02,8.456434e+01,9.507361e-01,-1.552538e+00
12.02264,9.912603e-01,-8.876954e+00,5.419668e-02,1.428420e+02,2.800640e-02,8.404258e+01,9.506500e-01,-1.701829e+00
13.18257,9.907613e-01,-9.728890e+00,5.559794e-02,1.398845e+02,3.068072e-02,8.347133e+01,9.505469e-01,-1.865368e+00
14.45440,9.901635e-01,-1.066160e+01,5.723083e-02,1.367864e+02,3.360435e-02,8.284606e+01,9.504234e-01,-2.044481e+00
15.84893,9.894477e-01,-1.168243e+01,5.912543e-02,1.335586e+02,3.679862e-02,8.216193e+01,9.502756e-01,-2.240608e+00
17.37801,9.885912e-01,-1.279931e+01,6.131349e-02,1.302144e+02,4.028612e-02,8.141370e+01,9.500989e-01,-2.455308e+00
19.05461,9.875675e-01,-1.402073e+01,6.382798e-02,1.267688e+02,4.409053e-02,8.059577e+01,9.498879e-01,-2.690265e+00
20.89296,9.863452e-01,-1.535579e+01,6.670257e-02,1.232376e+02,4.823644e-02,7.970220e+01,9.496362e-01,-2.947296e+00
22.90868,9.848879e-01,-1.681417e+01,6.997100e-02,1.196368e+02,5.274903e-02,7.872668e+01,9.493365e-01,-3.228353e+00
25.11886,9.831532e-01,-1.840607e+01,7.366634e-02,1.159815e+02,5.765365e-02,7.766261e+01,9.489802e-01,-3.535523e+00
27.54229,9.810923e-01,-2.014220e+01,7.782022e-02,1.122853e+02,6.297524e-02,7.650312e+01,9.485578e-01,-3.871033e+00
30.19952,9.786495e-01,-2.203366e+01,8.246183e-02,1.085593e+02,6.873752e-02,7.524117e+01,9.480581e-01,-4.237244e+00
33.11311,9.757620e-01,-2.409182e+01,8.761692e-02,1.048119e+02,7.496198e-02,7.386965e+01,9.474690e-01,-4.636647e+00
36.30781,9.723598e-01,-2.632811e+01,9.330648e-02,1.010487e+02,8.166665e-02,7.238150e+01,9.467770e-01,-5.071856e+00
39.81072,9.683663e-01,-2.875383e+01,9.954533e-02,9.727225e+01,8.886454e-02,7.076997e+01,9.459676e-01,-5.545595e+00
43.65158,9.636995e-01,-3.137975e+01,1.063404e-01,9.348267e+01,9.656182e-02,6.902878e+01,9.450259e-01,-6.060692e+00
47.86301,9.582741e-01,-3.421581e+01,1.136890e-01,8.967812e+01,1.047558e-01,6.715243e+01,9.439365e-01,-6.620060e+00
52.48075,9.520046e-01,-3.727059e+01,1.215764e-01,8.585537e+01,1.134327e-01,6.513656e+01,9.426852e-01,-7.226699e+00
57.54399,9.448097e-01,-4.055075e+01,1.299744e-01,8.201062e+01,1.225655e-01,6.297825e+01,9.412592e-01,-7.883692e+00
63.09573,9.366178e-01,-4.406046e+01,1.388388e-01,7.814026e+01,1.321118e-01,6.067649e+01,9.396489e-01,-8.594229e+00
69.18310,9.273743e-01,-4.780072e+01,1.481083e-01,7.424163e+01,1.420124e-01,5.823247e+01,9.378492e-01,-9.361645e+00
75.85776,9.170491e-01,-5.176870e+01,1.577040e-01,7.031371e+01,1.521902e-01,5.564996e+01,9.358612e-01,-1.018949e+01
83.17638,9.056447e-01,-5.595715e+01,1.675295e-01,6.635760e+01,1.625508e-01,5.293553e+01,9.336936e-01,-1.108163e+01
91.20108,8.932032e-01,-6.035390e+01,1.774726e-01,6.237691e+01,1.729844e-01,5.009862e+01,9.313639e-01,-1.204242e+01
100.00000,8.798118e-01,-6.494154e+01,1.874089e-01,5.837786e+01,1.833685e-01,4.715149e+01,9.288992e-01,-1.307682e+01
109.64782,8.656049e-01,-6.969737e+01,1.972062e-01,5.436908e+01,1.935730e-01,4.410886e+01,9.263358e-01,-1.419064e+01
120.22644,8.507616e-01,-7.459360e+01,2.067305e-01,5.036124e+01,2.034658e-01,4.098738e+01,9.237182e-01,-1.539068e+01
131.82567,8.354994e-01,-7.959792e+01,2.158521e-01,4.636641e+01,2.129192e-01,3.780491e+01,9.210973e-01,-1.668494e+01
144.54398,8.200625e-01,-8.467428e+01,2.244517e-01,4.239718e+01,2.218161e-01,3.457966e+01,9.185275e-01,-1.808267e+01
158.48932,8.047077e-01,-8.978408e+01,2.324254e-01,3.846588e+01,2.300548e-01,3.132923e+01,9.160640e-01,-1.959443e+01
173.78008,7.896882e-01,-9.488740e+01,2.396885e-01,3.458363e+01,2.375527e-01,2.806977e+01,9.137595e-01,-2.123198e+01
190.54607,7.752384e-01,-9.994444e+01,2.461765e-01,3.075969e+01,2.442478e-01,2.481522e+01,9.116621e-01,-2.300819e+01
208.92961,7.615609e-01,-1.049169e+02,2.518450e-01,2.700084e+01,2.500978e-01,2.157674e+01,9.098137e-01,-2.493675e+01
229.08677,7.488176e-01,-1.097692e+02,2.566670e-01,2.331112e+01,2.550785e-01,1.836245e+01,9.082488e-01,-2.703187e+01
251.18864,7.371253e-01,-1.144698e+02,2.606299e-01,1.969175e+01,2.591796e-01,1.517734e+01,9.069951e-01,-2.930794e+01
275.42287,7.265559e-01,-1.189918e+02,2.637312e-01,1.614131e+01,2.624008e-01,1.202347e+01,9.060740e-01,-3.177913e+01
301.99517,7.171400e-01,-1.233133e+02,2.659743e-01,1.265607e+01,2.647478e-01,8.900333e+00,9.055020e-01,-3.445889e+01
331.13112,7.088725e-01,-1.274182e+02,2.673646e-01,9.230516e+00,2.662282e-01,5.805364e+00,9.052913e-01,-3.735946e+01
363.07805,7.017207e-01,-1.312956e+02,2.679067e-01,5.857967e+00,2.668486e-01,2.734603e+00,9.054513e-01,-4.049132e+01
398.10717,6.956310e-01,-1.349394e+02,2.676025e-01,2.531252e+00,2.666128e-01,-3.166285e-01,9.059891e-01,-4.386251e+01
436.51583,6.905361e-01,-1.383484e+02,2.664503e-01,-7.565687e-01,2.655205e-01,-3.352981e+00,9.069091e-01,-4.747796e+01
478.63009,6.863605e-01,-1.415252e+02,2.644450e-01,-4.011476e+00,2.635684e-01,-6.378339e+00,9.082131e-01,-5.133871e+01
524.80746,6.830245e-01,-1.444758e+02,2.615800e-01,-7.237790e+00,2.607510e-01,-9.395106e+00,9.098984e-01,-5.544120e+01
575.43994,6.804477e-01,-1.472087e+02,2.578498e-01,-1.043752e+01,2.570640e-01,-1.240354e+01,9.119568e-01,-5.977652e+01
630.95734,6.785499e-01,-1.497344e+02,2.532534e-01,-1.360983e+01,2.525074e-01,-1.540118e+01,9.143726e-01,-6.432991e+01
691.83097,6.772527e-01,-1.520647e+02,2.477984e-01,-1.675056e+01,2.470898e-01,-1.838242e+01,9.171210e-01,-6.908034e+01
758.57758,6.764790e-01,-1.542124e+02,2.415056e-01,-1.985208e+01,2.408324e-01,-2.133827e+01,9.201668e-01,-7.400060e+01
831.76377,6.761540e-01,-1.561902e+02,2.344121e-01,-2.290316e+01,2.337732e-01,-2.425630e+01,9.234639e-01,-7.905758e+01
912.01084,6.762045e-01,-1.580108e+02,2.265747e-01,-2.588931e+01,2.259691e-01,-2.712085e+01,9.269563e-01,-8.421318e+01
1000.00000,6.765603e-01,-1.596865e+02,2.180706e-01,-2.879314e+01,2.174976e-01,-2.991356e+01,9.305799e-01,-8.942552e+01
1096.47820,6.771543e-01,-1.612284e+02,2.089968e-01,-3.159516e+01,2.084560e-01,-3.261397e+01,9.342657e-01,-9.465051e+01
1202.26443,6.779244e-01,-1.626469e+02,1.994671e-01,-3.427459e+01,1.989582e-01,-3.520044e+01,9.379437e-01,-9.984371e+01
1318.25674,6.788144e-01,-1.639513e+02,1.896079e-01,-3.681031e+01,1.891304e-01,-3.765108e+01,9.415469e-01,-1.049621e+02
1445.43977,6.797751e-01,-1.651496e+02,1.795520e-01,-3.918178e+01,1.791053e-01,-3.994466e+01,9.450154e-01,-1.099659e+02
1584.89319,6.807657e-01,-1.662489e+02,1.694323e-01,-4.136992e+01,1.690159e-01,-4.206141e+01,9.482996e-01,-1.148196e+02
1737.80083,6.817537e-01,-1.672555e+02,1.593760e-01,-4.335775e+01,1.589891e-01,-4.398379e+01,9.513613e-01,-1.194936e+02
1905.46072,6.827152e-01,-1.681748e+02,1.494996e-01,-4.513090e+01,1.491413e-01,-4.569688e+01,9.541754e-01,-1.239640e+02
2089.29613,6.836341e-01,-1.690117e+02,1.399045e-01,-4.667786e+01,1.395738e-01,-4.718868e+01,9.567283e-01,-1.282132e+02
2290.86765,6.845017e-01,-1.697705e+02,1.306757e-01,-4.799017e+01,1.303714e-01,-4.845029e+01,9.590173e-01,-1.322297e+02
2511.88643,6.853150e-01,-1.704552e+02,1.218800e-01,-4.906236e+01,1.216009e-01,-4.947586e+01,9.610484e-01,-1.360072e+02
2754.22870,6.860763e-01,-1.710694e+02,1.135673e-01,-4.989198e+01,1.133121e-01,-5.026256e+01,9.628340e-01,-1.395442e+02
3019.95172,6.867915e-01,-1.716165e+02,1.057713e-01,-5.047943e+01,1.055387e-01,-5.081051e+01,9.643911e-01,-1.428432e+02
3311.31121,6.874701e-01,-1.720995e+02,9.851139e-02,-5.082801e+01,9.830011e-02,-5.112272e+01,9.657397e-01,-1.459097e+02
3630.78055,6.881235e-01,-1.725213e+02,9.179494e-02,-5.094390e+01,9.160363e-02,-5.120513e+01,9.669005e-01,-1.487517e+02
3981.07171,6.887656e-01,-1.728845e+02,8.561916e-02,-5.083620e+01,8.544653e-02,-5.106665e+01,9.678947e-01,-1.513791e+02
4365.15832,6.894117e-01,-1.731914e+02,7.997318e-02,-5.051709e+01,7.981795e-02,-5.071928e+01,9.687427e-01,-1.538029e+02
4786.30092,6.900790e-01,-1.734442e+02,7.483974e-02,-5.000192e+01,7.470068e-02,-5.017825e+01,9.694634e-01,-1.560346e+02
5248.07460,6.907863e-01,-1.736447e+02,7.019665e-02,-4.930934e+01,7.007258e-02,-4.946209e+01,9.700744e-01,-1.580863e+02
5754.39937,6.915545e-01,-1.737945e+02,6.601806e-02,-4.846128e+01,6.590782e-02,-4.859263e+01,9.705913e-01,-1.599700e+02
6309.57344,6.924069e-01,-1.738952e+02,6.227540e-02,-4.748284e+01,6.217786e-02,-4.759489e+01,9.710281e-01,-1.616975e+02
6918.30971,6.933695e-01,-1.739480e+02,5.893817e-02,-4.640200e+01,5.885227e-02,-4.649677e+01,9.713971e-01,-1.632802e+02
7585.77575,6.944717e-01,-1.739541e+02,5.597465e-02,-4.524907e+01,5.589935e-02,-4.532852e+01,9.717092e-01,-1.647291e+02
8317.63771,6.957466e-01,-1.739144e+02,5.335237e-02,-4.405602e+01,5.328667e-02,-4.412201e+01,9.719735e-01,-1.660545e+02
9120.10839,6.972320e-01,-1.738300e+02,5.103862e-02,-4.285563e+01,5.098158e-02,-4.290991e+01,9.721981e-01,-1.672663e+02
10000.00000,6.989708e-01,-1.737021e+02,4.900084e-02,-4.168052e+01,4.895155e-02,-4.172474e+01,9.723901e-01,-1.683737e+02
