! ! 
! S ! 
! ! 
! # MHz  S  MA  R  50.00000
! ! ===================================================================
1.00000,9.915158e-01,-7.888197e-01,2.246678e-01,1.788691e+02,2.347760e-03,8.947513e+01,9.509529e-01,-1.572622e-01
1.09648,9.915118e-01,-8.649203e-01,2.246687e-01,1.787600e+02,2.574250e-03,8.942446e+01,9.509517e-01,-1.724320e-01
1.20226,9.915071e-01,-9.483619e-01,2.246699e-01,1.786403e+02,2.822585e-03,8.936890e+01,9.509504e-01,-1.890653e-01
1.31826,9.915014e-01,-1.039852e+00,2.246712e-01,1.785090e+02,3.094871e-03,8.930798e+01,9.509487e-01,-2.073033e-01
1.44544,9.914945e-01,-1.140168e+00,2.246729e-01,1.783651e+02,3.393416e-03,8.924120e+01,9.509468e-01,-2.273007e-01
1.58489,9.914863e-01,-1.250160e+00,2.246748e-01,1.782074e+02,3.720752e-03,8.916797e+01,9.509444e-01,-2.492271e-01
1.73780,9.914764e-01,-1.370760e+00,2.246772e-01,1.780344e+02,4.079650e-03,8.908769e+01,9.509416e-01,-2.732684e-01
1.90546,9.914645e-01,-1.502992e+00,2.246801e-01,1.778447e+02,4.473151e-03,8.899966e+01,9.509382e-01,-2.996285e-01
2.08930,9.914502e-01,-1.647976e+00,2.246835e-01,1.776368e+02,4.904586e-03,8.890315e+01,9.509341e-01,-3.285308e-01
2.29087,9.914331e-01,-1.806941e+00,2.246876e-01,1.774088e+02,5.377605e-03,8.879733e+01,9.509292e-01,-3.602204e-01
2.51189,9.914124e-01,-1.981234e+00,2.246926e-01,1.771589e+02,5.896206e-03,8.868131e+01,9.509233e-01,-3.949655e-01
2.75423,9.913876e-01,-2.172329e+00,2.246985e-01,1.768849e+02,6.464771e-03,8.855411e+01,9.509162e-01,-4.330606e-01
3.01995,9.913577e-01,-2.381846e+00,2.247057e-01,1.765845e+02,7.088098e-03,8.841465e+01,9.509076e-01,-4.748280e-01
3.31131,9.913219e-01,-2.611555e+00,2.247143e-01,1.762551e+02,7.771441e-03,8.826175e+01,9.508973e-01,-5.206210e-01
3.63078,9.912787e-01,-2.863399e+00,2.247246e-01,1.758941e+02,8.520551e-03,8.809413e+01,9.508850e-01,-5.708267e-01
3.98107,9.912269e-01,-3.139504e+00,2.247370e-01,1.754983e+02,9.341723e-03,8.791036e+01,9.508701e-01,-6.258692e-01
4.36516,9.911646e-01,-3.442198e+00,2.247519e-01,1.750644e+02,1.024184e-02,8.770890e+01,9.508523e-01,-6.862128e-01
4.78630,9.910898e-01,-3.774033e+00,2.247699e-01,1.745888e+02,1.122844e-02,8.748806e+01,9.508309e-01,-7.523660e-01
5.24807,9.909998e-01,-4.137800e+00,2.247914e-01,1.740676e+02,1.230973e-02,8.724597e+01,9.508051e-01,-8.248854e-01
5.75440,9.908917e-01,-4.536552e+00,2.248173e-01,1.734963e+02,1.349471e-02,8.698061e+01,9.507742e-01,-9.043800e-01
6.30957,9.907619e-01,-4.973631e+00,2.248483e-01,1.728702e+02,1.479318e-02,8.668977e+01,9.507370e-01,-9.915161e-01
6.91831,9.906059e-01,-5.452688e+00,2.248857e-01,1.721842e+02,1.621582e-02,8.637101e+01,9.506924e-01,-1.087022e+00
7.58578,9.904186e-01,-5.977713e+00,2.249305e-01,1.714326e+02,1.777425e-02,8.602170e+01,9.506388e-01,-1.191694e+00
8.31764,9.901937e-01,-6.553061e+00,2.249842e-01,1.706092e+02,1.948114e-02,8.563894e+01,9.505744e-01,-1.306400e+00
9.12011,9.899237e-01,-7.183483e+00,2.250487e-01,1.697075e+02,2.135018e-02,8.521960e+01,9.504971e-01,-1.432089e+00
10.00000,9.895997e-01,-7.874155e+00,2.251261e-01,1.687201e+02,2.339624e-02,8.476024e+01,9.504045e-01,-1.569794e+00
10.96478,9.892110e-01,-8.630709e+00,2.252188e-01,1.676392e+02,2.563535e-02,8.425715e+01,9.502933e-01,-1.720639e+00
12.02264,9.887449e-01,-9.459265e+00,2.253299e-01,1.664563e+02,2.808478e-02,8.370629e+01,9.501601e-01,-1.885846e+00
13.18257,9.881863e-01,-1.036646e+01,2.254628e-01,1.651624e+02,3.076302e-02,8.310330e+01,9.500005e-01,-2.066743e+00
14.45440,9.875172e-01,-1.135947e+01,2.256219e-01,1.637477e+02,3.368983e-02,8.244346e+01,9.498095e-01,-2.264765e+00
15.84893,9.867166e-01,-1.244604e+01,2.258119e-01,1.622016e+02,3.688612e-02,8.172170e+01,9.495809e-01,-2.481463e+00
17.37801,9.857592e-01,-1.363450e+01,2.260386e-01,1.605133e+02,4.037393e-02,8.093259e+01,9.493079e-01,-2.718508e+00
19.05461,9.846157e-01,-1.493376e+01,2.263087e-01,1.586710e+02,4.417620e-02,8.007033e+01,9.489821e-01,-2.977692e+00
20.89296,9.832517e-01,-1.635334e+01,2.266300e-01,1.566626e+02,4.831657e-02,7.912879e+01,9.485938e-01,-3.260932e+00
22.90868,9.816271e-01,-1.790328e+01,2.270114e-01,1.544755e+02,5.281896e-02,7.810151e+01,9.481320e-01,-3.570263e+00
25.11886,9.796957e-01,-1.959416e+01,2.274629e-01,1.520971e+02,5.770714e-02,7.698175e+01,9.475837e-01,-3.907840e+00
27.54229,9.774047e-01,-2.143698e+01,2.279959e-01,1.495145e+02,6.300397e-02,7.576259e+01,9.469346e-01,-4.275924e+00
30.19952,9.746940e-01,-2.344306e+01,2.286230e-01,1.467155e+02,6.873061e-02,7.443699e+01,9.461681e-01,-4.676872e+00
33.11311,9.714965e-01,-2.562385e+01,2.293576e-01,1.436882e+02,7.490534e-02,7.299794e+01,9.452663e-01,-5.113118e+00
36.30781,9.677385e-01,-2.799075e+01,2.302141e-01,1.404223e+02,8.154225e-02,7.143863e+01,9.442095e-01,-5.587150e+00
39.81072,9.633401e-01,-3.055475e+01,2.312071e-01,1.369090e+02,8.864959e-02,6.975270e+01,9.429771e-01,-6.101489e+00
43.65158,9.582178e-01,-3.332612e+01,2.323509e-01,1.331420e+02,9.622793e-02,6.793444e+01,9.415479e-01,-6.658656e+00
47.86301,9.522863e-01,-3.631396e+01,2.336584e-01,1.291183e+02,1.042681e-01,6.597919e+01,9.399011e-01,-7.261154e+00
52.48075,9.454632e-01,-3.952562e+01,2.351403e-01,1.248385e+02,1.127493e-01,6.388364e+01,9.380178e-01,-7.911449e+00
57.54399,9.376738e-01,-4.296616e+01,2.368033e-01,1.203080e+02,1.216365e-01,6.164621e+01,9.358826e-01,-8.611975e+00
63.09573,9.288576e-01,-4.663767e+01,2.386489e-01,1.155373e+02,1.308797e-01,5.926747e+01,9.334851e-01,-9.365162e+00
69.18310,9.189760e-01,-5.053861e+01,2.406716e-01,1.105424e+02,1.404120e-01,5.675045e+01,9.308230e-01,-1.017350e+01
75.85776,9.080202e-01,-5.466319e+01,2.428578e-01,1.053452e+02,1.501504e-01,5.410094e+01,9.279032e-01,-1.103965e+01
83.17638,8.960183e-01,-5.900085e+01,2.451850e-01,9.997291e+01,1.599960e-01,5.132759e+01,9.247445e-01,-1.196660e+01
91.20108,8.830420e-01,-6.353582e+01,2.476210e-01,9.445769e+01,1.698377e-01,4.844194e+01,9.213781e-01,-1.295790e+01
100.00000,8.692089e-01,-6.824705e+01,2.501251e-01,8.883560e+01,1.795553e-01,4.545813e+01,9.178486e-01,-1.401789e+01
109.64782,8.546826e-01,-7.310824e+01,2.526492e-01,8.314517e+01,1.890250e-01,4.239244e+01,9.142121e-01,-1.515193e+01
120.22644,8.396671e-01,-7.808838e+01,2.551397e-01,7.742584e+01,1.981255e-01,3.926263e+01,9.105348e-01,-1.636671e+01
131.82567,8.243969e-01,-8.315240e+01,2.575409e-01,7.171625e+01,2.067437e-01,3.608710e+01,9.068892e-01,-1.767036e+01
144.54398,8.091236e-01,-8.826229e+01,2.597971e-01,6.605259e+01,2.147797e-01,3.288395e+01,9.033502e-01,-1.907259e+01
158.48932,7.941005e-01,-9.337829e+01,2.618554e-01,6.046714e+01,2.221511e-01,2.967013e+01,8.999907e-01,-2.058466e+01
173.78008,7.795668e-01,-9.846033e+01,2.636673e-01,5.498717e+01,2.287948e-01,2.646053e+01,8.968783e-01,-2.221924e+01
190.54607,7.657338e-01,-1.034694e+02,2.651901e-01,4.963420e+01,2.346671e-01,2.326746e+01,8.940721e-01,-2.399018e+01
208.92961,7.527745e-01,-1.083689e+02,2.663863e-01,4.442372e+01,2.397420e-01,2.010018e+01,8.916218e-01,-2.591221e+01
229.08677,7.408186e-01,-1.131258e+02,2.672237e-01,3.936526e+01,2.440084e-01,1.696478e+01,8.895667e-01,-2.800053e+01
251.18864,7.299504e-01,-1.177116e+02,2.676731e-01,3.446284e+01,2.474663e-01,1.386426e+01,8.879369e-01,-3.027039e+01
275.42287,7.202118e-01,-1.221029e+02,2.677076e-01,2.971562e+01,2.501222e-01,1.079878e+01,8.867547e-01,-3.273664e+01
301.99517,7.116076e-01,-1.262816e+02,2.673005e-01,2.511875e+01,2.519859e-01,7.766195e+00,8.860363e-01,-3.541325e+01
331.13112,7.041127e-01,-1.302351e+02,2.664240e-01,2.066434e+01,2.530670e-01,4.762531e+00,8.857936e-01,-3.831277e+01
363.07805,6.976795e-01,-1.339558e+02,2.650482e-01,1.634241e+01,2.533722e-01,1.782697e+00,8.860353e-01,-4.144572e+01
398.10717,6.922449e-01,-1.374410e+02,2.631410e-01,1.214192e+01,2.529042e-01,-1.178849e+00,8.867679e-01,-4.482003e+01
436.51583,6.877366e-01,-1.406920e+02,2.606680e-01,8.051738e+00,2.516612e-01,-4.127370e+00,8.879949e-01,-4.844024e+01
478.63009,6.840777e-01,-1.437135e+02,2.575940e-01,4.061500e+00,2.496375e-01,-7.067147e+00,8.897169e-01,-5.230687e+01
524.80746,6.811902e-01,-1.465134e+02,2.538849e-01,1.625025e-01,2.468257e-01,-1.000079e+01,8.919290e-01,-5.641560e+01
575.43994,6.789969e-01,-1.491013e+02,2.495101e-01,-3.651573e+00,2.432188e-01,-1.292860e+01,8.946195e-01,-6.075668e+01
630.95734,6.774224e-01,-1.514887e+02,2.444464e-01,-7.384029e+00,2.388143e-01,-1.584806e+01,8.977669e-01,-6.531439e+01
691.83097,6.763938e-01,-1.536880e+02,2.386817e-01,-1.103469e+01,2.336177e-01,-1.875338e+01,9.013380e-01,-7.006674e+01
758.57758,6.758399e-01,-1.557121e+02,2.322183e-01,-1.459963e+01,2.276469e-01,-2.163531e+01,9.052864e-01,-7.498557e+01
831.76377,6.756917e-01,-1.575740e+02,2.250770e-01,-1.807115e+01,2.209353e-01,-2.448114e+01,9.095519e-01,-8.003696e+01
912.01084,6.758820e-01,-1.592862e+02,2.172988e-01,-2.143797e+01,2.135352e-01,-2.727487e+01,9.140618e-01,-8.518219e+01
1000.00000,6.763462e-01,-1.608607e+02,2.089464e-01,-2.468576e+01,2.055178e-01,-2.999776e+01,9.187331e-01,-9.037897e+01
1096.47820,6.770223e-01,-1.623085e+02,2.001025e-01,-2.779779e+01,1.969734e-01,-3.262899e+01,9.234770e-01,-9.558313e+01
1202.26443,6.778530e-01,-1.636395e+02,1.908677e-01,-3.075584e+01,1.880082e-01,-3.514655e+01,9.282037e-01,-1.007504e+02
1318.25674,6.787863e-01,-1.648627e+02,1.813552e-01,-3.354115e+01,1.787403e-01,-3.752818e+01,9.328278e-01,-1.058381e+02
1445.43977,6.797768e-01,-1.659857e+02,1.716855e-01,-3.613537e+01,1.692939e-01,-3.975228e+01,9.372734e-01,-1.108071e+02
1584.89319,6.807868e-01,-1.670154e+02,1.619805e-01,-3.852142e+01,1.597937e-01,-4.179882e+01,9.414776e-01,-1.156228e+02
1737.80083,6.817865e-01,-1.679576e+02,1.523570e-01,-4.068418e+01,1.503587e-01,-4.364997e+01,9.453928e-01,-1.202561e+02
1905.46072,6.827542e-01,-1.688174e+02,1.429223e-01,-4.261103e+01,1.410980e-01,-4.529061e+01,9.489878e-01,-1.246843e+02
2089.29613,6.836756e-01,-1.695993e+02,1.337704e-01,-4.429213e+01,1.321070e-01,-4.670865e+01,9.522462e-01,-1.288906e+02
2290.86765,6.845432e-01,-1.703075e+02,1.249795e-01,-4.572059e+01,1.234650e-01,-4.789518e+01,9.551656e-01,-1.328639e+02
2511.88643,6.853550e-01,-1.709456e+02,1.166115e-01,-4.689254e+01,1.152350e-01,-4.884447e+01,9.577541e-01,-1.365988e+02
2754.22870,6.861141e-01,-1.715168e+02,1.087121e-01,-4.780706e+01,1.074635e-01,-4.955399e+01,9.600284e-01,-1.400942e+02
3019.95172,6.868270e-01,-1.720244e+02,1.013122e-01,-4.846616e+01,1.001820e-01,-5.002430e+01,9.620106e-01,-1.433531e+02
3311.31121,6.875034e-01,-1.724710e+02,9.442915e-02,-4.887480e+01,9.340846e-02,-5.025910e+01,9.637263e-01,-1.463812e+02
3630.78055,6.881553e-01,-1.728594e+02,8.806888e-02,-4.904088e+01,8.714956e-02,-5.026523e+01,9.652026e-01,-1.491868e+02
3981.07171,6.887965e-01,-1.731919e+02,8.222791e-02,-4.897535e+01,8.140227e-02,-5.005272e+01,9.664664e-01,-1.517799e+02
4365.15832,6.894426e-01,-1.734706e+02,7.689505e-02,-4.869229e+01,7.615587e-02,-4.963491e+01,9.675437e-01,-1.541714e+02
4786.30092,6.901109e-01,-1.736974e+02,7.205306e-02,-4.820904e+01,7.139354e-02,-4.902852e+01,9.684589e-01,-1.563731e+02
5248.07460,6.908203e-01,-1.738740e+02,6.768002e-02,-4.754627e+01,6.709375e-02,-4.825370e+01,9.692343e-01,-1.583968e+02
5754.39937,6.915920e-01,-1.740019e+02,6.375050e-02,-4.672787e+01,6.323138e-02,-4.733392e+01,9.698898e-01,-1.602546e+02
6309.57344,6.924492e-01,-1.740824e+02,6.023645e-02,-4.578079e+01,5.977872e-02,-4.629573e+01,9.704432e-01,-1.619581e+02
6918.30971,6.934181e-01,-1.741166e+02,5.710802e-02,-4.473462e+01,5.670618e-02,-4.516836e+01,9.709102e-01,-1.635187e+02
7585.77575,6.945284e-01,-1.741054e+02,5.433417e-02,-4.362101e+01,5.398298e-02,-4.398302e+01,9.713043e-01,-1.649472e+02
8317.63771,6.958134e-01,-1.740499e+02,5.188322e-02,-4.247284e+01,5.157772e-02,-4.277215e+01,9.716374e-01,-1.662539e+02
9120.10839,6.973112e-01,-1.739509e+02,4.972331e-02,-4.132339e+01,4.945879e-02,-4.156848e+01,9.719196e-01,-1.674485e+02
10000.00000,6.990649e-01,-1.738095e+02,4.782284e-02,-4.020531e+01,4.759485e-02,-4.040406e+01,9.721597e-01,-1.685401e+02
