! ! 
! S ! 
! ! 
! # MHz  S  MA  R  50.00000
! ! ===================================================================
1.00000,9.928227e-01,-7.528856e-01,2.277975e-03,1.783708e+02,4.707056e-05,8.956199e+01,9.608042e-01,-1.799999e+02
1.09648,9.928197e-01,-8.255199e-01,2.278061e-03,1.782136e+02,5.161154e-05,8.951969e+01,9.608042e-01,-1.799999e+02
1.20226,9.928160e-01,-9.051611e-01,2.278164e-03,1.780413e+02,5.659051e-05,8.947332e+01,9.608042e-01,-1.799999e+02
1.31826,9.928116e-01,-9.924848e-01,2.278288e-03,1.778523e+02,6.204972e-05,8.942247e+01,9.608042e-01,-1.799999e+02
1.44544,9.928064e-01,-1.088232e+00,2.278437e-03,1.776451e+02,6.803545e-05,8.936673e+01,9.608042e-01,-1.799999e+02
1.58489,9.928000e-01,-1.193214e+00,2.278616e-03,1.774180e+02,7.459845e-05,8.930561e+01,9.608042e-01,-1.799999e+02
1.73780,9.927924e-01,-1.308323e+00,2.278832e-03,1.771690e+02,8.179434e-05,8.923860e+01,9.608042e-01,-1.799999e+02
1.90546,9.927832e-01,-1.434534e+00,2.279091e-03,1.768961e+02,8.968407e-05,8.916513e+01,9.608042e-01,-1.799999e+02
2.08930,9.927722e-01,-1.572917e+00,2.279402e-03,1.765969e+02,9.833448e-05,8.908458e+01,9.608042e-01,-1.799999e+02
2.29087,9.927590e-01,-1.724645e+00,2.279776e-03,1.762689e+02,1.078188e-04,8.899626e+01,9.608042e-01,-1.799999e+02
2.51189,9.927431e-01,-1.891004e+00,2.280226e-03,1.759094e+02,1.182172e-04,8.889942e+01,9.608042e-01,-1.799999e+02
2.75423,9.927239e-01,-2.073403e+00,2.280767e-03,1.755153e+02,1.296176e-04,8.879326e+01,9.608042e-01,-1.799998e+02
3.01995,9.927009e-01,-2.273387e+00,2.281416e-03,1.750834e+02,1.421164e-04,8.867686e+01,9.608042e-01,-1.799998e+02
3.31131,9.926733e-01,-2.492646e+00,2.282197e-03,1.746102e+02,1.558190e-04,8.854924e+01,9.608042e-01,-1.799998e+02
3.63078,9.926400e-01,-2.733037e+00,2.283135e-03,1.740916e+02,1.708408e-04,8.840934e+01,9.608042e-01,-1.799998e+02
3.98107,9.926001e-01,-2.996590e+00,2.284262e-03,1.735235e+02,1.873084e-04,8.825595e+01,9.608042e-01,-1.799998e+02
4.36516,9.925521e-01,-3.285530e+00,2.285616e-03,1.729011e+02,2.053599e-04,8.808780e+01,9.608042e-01,-1.799997e+02
4.78630,9.924944e-01,-3.602294e+00,2.287241e-03,1.722195e+02,2.251468e-04,8.790347e+01,9.608042e-01,-1.799997e+02
5.24807,9.924250e-01,-3.949549e+00,2.289193e-03,1.714732e+02,2.468345e-04,8.770141e+01,9.608042e-01,-1.799997e+02
5.75440,9.923417e-01,-4.330215e+00,2.291536e-03,1.706562e+02,2.706038e-04,8.747992e+01,9.608042e-01,-1.799997e+02
6.30957,9.922415e-01,-4.747487e+00,2.294348e-03,1.697622e+02,2.966521e-04,8.723715e+01,9.608042e-01,-1.799996e+02
6.91831,9.921213e-01,-5.204857e+00,2.297721e-03,1.687843e+02,3.251946e-04,8.697108e+01,9.608043e-01,-1.799996e+02
7.58578,9.919768e-01,-5.706145e+00,2.301765e-03,1.677151e+02,3.564662e-04,8.667949e+01,9.608043e-01,-1.799996e+02
8.31764,9.918033e-01,-6.255522e+00,2.306612e-03,1.665469e+02,3.907223e-04,8.635998e+01,9.608043e-01,-1.799995e+02
9.12011,9.915949e-01,-6.857538e+00,2.312417e-03,1.652711e+02,4.282406e-04,8.600991e+01,9.608043e-01,-1.799995e+02
10.00000,9.913449e-01,-7.517159e+00,2.319364e-03,1.638791e+02,4.693222e-04,8.562641e+01,9.608044e-01,-1.799994e+02
10.96478,9.910448e-01,-8.239791e+00,2.327671e-03,1.623618e+02,5.142933e-04,8.520639e+01,9.608044e-01,-1.799994e+02
12.02264,9.906849e-01,-9.031316e+00,2.337593e-03,1.607096e+02,5.635058e-04,8.474646e+01,9.608044e-01,-1.799993e+02
13.18257,9.902533e-01,-9.898119e+00,2.349428e-03,1.589129e+02,6.173385e-04,8.424296e+01,9.608045e-01,-1.799992e+02
14.45440,9.897362e-01,-1.084712e+01,2.363525e-03,1.569621e+02,6.761970e-04,8.369193e+01,9.608045e-01,-1.799992e+02
15.84893,9.891170e-01,-1.188581e+01,2.380287e-03,1.548479e+02,7.405142e-04,8.308914e+01,9.608046e-01,-1.799991e+02
17.37801,9.883761e-01,-1.302225e+01,2.400176e-03,1.525612e+02,8.107484e-04,8.243001e+01,9.608047e-01,-1.799990e+02
19.05461,9.874904e-01,-1.426510e+01,2.423718e-03,1.500940e+02,8.873816e-04,8.170967e+01,9.608048e-01,-1.799989e+02
20.89296,9.864328e-01,-1.562364e+01,2.451504e-03,1.474393e+02,9.709156e-04,8.092295e+01,9.608049e-01,-1.799988e+02
22.90868,9.851718e-01,-1.710771e+01,2.484192e-03,1.445917e+02,1.061866e-03,8.006442e+01,9.608051e-01,-1.799987e+02
25.11886,9.836706e-01,-1.872774e+01,2.522502e-03,1.415479e+02,1.160756e-03,7.912838e+01,9.608053e-01,-1.799985e+02
27.54229,9.818868e-01,-2.049464e+01,2.567205e-03,1.383070e+02,1.268101e-03,7.810896e+01,9.608055e-01,-1.799984e+02
30.19952,9.797721e-01,-2.241974e+01,2.619111e-03,1.348710e+02,1.384399e-03,7.700019e+01,9.608057e-01,-1.799982e+02
33.11311,9.772719e-01,-2.451466e+01,2.679042e-03,1.312448e+02,1.510105e-03,7.579611e+01,9.608060e-01,-1.799981e+02
36.30781,9.743253e-01,-2.679108e+01,2.747806e-03,1.274367e+02,1.645614e-03,7.449092e+01,9.608064e-01,-1.799979e+02
39.81072,9.708657e-01,-2.926053e+01,2.826156e-03,1.234582e+02,1.791225e-03,7.307916e+01,9.608068e-01,-1.799977e+02
43.65158,9.668216e-01,-3.193406e+01,2.914737e-03,1.193239e+02,1.947107e-03,7.155597e+01,9.608073e-01,-1.799975e+02
47.86301,9.621184e-01,-3.482182e+01,3.014041e-03,1.150509e+02,2.113264e-03,6.991737e+01,9.608078e-01,-1.799973e+02
52.48075,9.566812e-01,-3.793261e+01,3.124341e-03,1.106585e+02,2.289485e-03,6.816058e+01,9.608084e-01,-1.799970e+02
57.54399,9.504386e-01,-4.127324e+01,3.245636e-03,1.061677e+02,2.475302e-03,6.628441e+01,9.608092e-01,-1.799967e+02
63.09573,9.433274e-01,-4.484797e+01,3.377596e-03,1.016007e+02,2.669953e-03,6.428965e+01,9.608100e-01,-1.799964e+02
69.18310,9.352989e-01,-4.865775e+01,3.519524e-03,9.698016e+01,2.872344e-03,6.217949e+01,9.608109e-01,-1.799961e+02
75.85776,9.263254e-01,-5.269958e+01,3.670326e-03,9.232920e+01,3.081037e-03,5.995980e+01,9.608119e-01,-1.799958e+02
83.17638,9.164076e-01,-5.696585e+01,3.828516e-03,8.767111e+01,3.294252e-03,5.763950e+01,9.608130e-01,-1.799954e+02
91.20108,9.055805e-01,-6.144381e+01,3.992246e-03,8.302922e+01,3.509899e-03,5.523060e+01,9.608143e-01,-1.799950e+02
100.00000,8.939184e-01,-6.611522e+01,4.159370e-03,7.842682e+01,3.725647e-03,5.274821e+01,9.608155e-01,-1.799946e+02
109.64782,8.815366e-01,-7.095633e+01,4.327535e-03,7.388711e+01,3.939012e-03,5.021023e+01,9.608169e-01,-1.799942e+02
120.22644,8.685899e-01,-7.593804e+01,4.494305e-03,6.943292e+01,4.147480e-03,4.763691e+01,9.608183e-01,-1.799937e+02
131.82567,8.552662e-01,-8.102658e+01,4.657290e-03,6.508641e+01,4.348639e-03,4.505010e+01,9.608198e-01,-1.799931e+02
144.54398,8.417767e-01,-8.618440e+01,4.814282e-03,6.086860e+01,4.540309e-03,4.247245e+01,9.608212e-01,-1.799926e+02
158.48932,8.283432e-01,-9.137139e+01,4.963367e-03,5.679889e+01,4.720653e-03,3.992647e+01,9.608227e-01,-1.799920e+02
173.78008,8.151838e-01,-9.654637e+01,5.103016e-03,5.289444e+01,4.888265e-03,3.743360e+01,9.608241e-01,-1.799913e+02
190.54607,8.024988e-01,-1.016685e+02,5.232133e-03,4.916978e+01,5.042211e-03,3.501346e+01,9.608255e-01,-1.799906e+02
208.92961,7.904601e-01,-1.066991e+02,5.350063e-03,4.563642e+01,5.182033e-03,3.268322e+01,9.608268e-01,-1.799898e+02
229.08677,7.792025e-01,-1.116023e+02,5.456572e-03,4.230272e+01,5.307713e-03,3.045716e+01,9.608281e-01,-1.799889e+02
251.18864,7.688205e-01,-1.163469e+02,5.551791e-03,3.917387e+01,5.419615e-03,2.834656e+01,9.608293e-01,-1.799879e+02
275.42287,7.593682e-01,-1.209067e+02,5.636150e-03,3.625206e+01,5.518410e-03,2.635966e+01,9.608305e-01,-1.799869e+02
301.99517,7.508629e-01,-1.252609e+02,5.710303e-03,3.353682e+01,5.604987e-03,2.450194e+01,9.608316e-01,-1.799857e+02
331.13112,7.432906e-01,-1.293942e+02,5.775054e-03,3.102535e+01,5.680383e-03,2.277632e+01,9.608328e-01,-1.799844e+02
363.07805,7.366127e-01,-1.332968e+02,5.831297e-03,2.871300e+01,5.745708e-03,2.118365e+01,9.608339e-01,-1.799830e+02
398.10717,7.307731e-01,-1.369636e+02,5.879961e-03,2.659370e+01,5.802092e-03,1.972305e+01,9.608351e-01,-1.799815e+02
436.51583,7.257044e-01,-1.403937e+02,5.921968e-03,2.466035e+01,5.850643e-03,1.839230e+01,9.608363e-01,-1.799798e+02
478.63009,7.213334e-01,-1.435899e+02,5.958211e-03,2.290520e+01,5.892417e-03,1.718826e+01,9.608377e-01,-1.799779e+02
524.80746,7.175855e-01,-1.465578e+02,5.989531e-03,2.132022e+01,5.928402e-03,1.610714e+01,9.608392e-01,-1.799758e+02
575.43994,7.143878e-01,-1.493053e+02,6.016710e-03,1.989729e+01,5.959511e-03,1.514480e+01,9.608409e-01,-1.799736e+02
630.95734,7.116713e-01,-1.518417e+02,6.040470e-03,1.862847e+01,5.986575e-03,1.429698e+01,9.608428e-01,-1.799711e+02
691.83097,7.093727e-01,-1.541776e+02,6.061473e-03,1.750617e+01,6.010356e-03,1.355947e+01,9.608450e-01,-1.799684e+02
758.57758,7.074345e-01,-1.563241e+02,6.080331e-03,1.652324e+01,6.031547e-03,1.292824e+01,9.608476e-01,-1.799654e+02
831.76377,7.058056e-01,-1.582928e+02,6.097609e-03,1.567308e+01,6.050788e-03,1.239956e+01,9.608507e-01,-1.799621e+02
912.01084,7.044412e-01,-1.600948e+02,6.113841e-03,1.494966e+01,6.068674e-03,1.197008e+01,9.608543e-01,-1.799585e+02
1000.00000,7.033023e-01,-1.617416e+02,6.129540e-03,1.434761e+01,6.085769e-03,1.163682e+01,9.608586e-01,-1.799546e+02
1096.47820,7.023555e-01,-1.632438e+02,6.145209e-03,1.386217e+01,6.102621e-03,1.139726e+01,9.608638e-01,-1.799502e+02
1202.26443,7.015722e-01,-1.646118e+02,6.161353e-03,1.348918e+01,6.119774e-03,1.124930e+01,9.608700e-01,-1.799455e+02
1318.25674,7.009285e-01,-1.658553e+02,6.178497e-03,1.322509e+01,6.137786e-03,1.119121e+01,9.608774e-01,-1.799403e+02
1445.43977,7.004041e-01,-1.669834e+02,6.197198e-03,1.306683e+01,6.157241e-03,1.122166e+01,9.608863e-01,-1.799346e+02
1584.89319,6.999825e-01,-1.680047e+02,6.218058e-03,1.301178e+01,6.178768e-03,1.133959e+01,9.608969e-01,-1.799283e+02
1737.80083,6.996503e-01,-1.689269e+02,6.241746e-03,1.305769e+01,6.203055e-03,1.154415e+01,9.609096e-01,-1.799215e+02
1905.46072,6.993967e-01,-1.697572e+02,6.269009e-03,1.320246e+01,6.230870e-03,1.183456e+01,9.609250e-01,-1.799140e+02
2089.29613,6.992134e-01,-1.705023e+02,6.300697e-03,1.344410e+01,6.263079e-03,1.220997e+01,9.609433e-01,-1.799058e+02
2290.86765,6.990946e-01,-1.711682e+02,6.337775e-03,1.378040e+01,6.300664e-03,1.266926e+01,9.609654e-01,-1.798968e+02
2511.88643,6.990363e-01,-1.717602e+02,6.381349e-03,1.420879e+01,6.344745e-03,1.321078e+01,9.609918e-01,-1.798870e+02
2754.22870,6.990365e-01,-1.722832e+02,6.432681e-03,1.472600e+01,6.396599e-03,1.383213e+01,9.610235e-01,-1.798763e+02
3019.95172,6.990951e-01,-1.727417e+02,6.493211e-03,1.532773e+01,6.457678e-03,1.452974e+01,9.610614e-01,-1.798647e+02
3311.31121,6.992141e-01,-1.731394e+02,6.564568e-03,1.600827e+01,6.529625e-03,1.529856e+01,9.611069e-01,-1.798519e+02
3630.78055,6.993972e-01,-1.734798e+02,6.648588e-03,1.676007e+01,6.614285e-03,1.613160e+01,9.611612e-01,-1.798380e+02
3981.07171,6.996502e-01,-1.737660e+02,6.747311e-03,1.757334e+01,6.713713e-03,1.701955e+01,9.612263e-01,-1.798229e+02
4365.15832,6.999810e-01,-1.740006e+02,6.862984e-03,1.843559e+01,6.830162e-03,1.795031e+01,9.613039e-01,-1.798066e+02
4786.30092,7.004000e-01,-1.741859e+02,6.998036e-03,1.933129e+01,6.966070e-03,1.890867e+01,9.613965e-01,-1.797888e+02
5248.07460,7.009200e-01,-1.743239e+02,7.155044e-03,2.024158e+01,7.124023e-03,1.987605e+01,9.615068e-01,-1.797696e+02
5754.39937,7.015569e-01,-1.744164e+02,7.336684e-03,2.114418e+01,7.306696e-03,2.083039e+01,9.616379e-01,-1.797489e+02
6309.57344,7.023295e-01,-1.744647e+02,7.545643e-03,2.201347e+01,7.516780e-03,2.174626e+01,9.617934e-01,-1.797267e+02
6918.30971,7.032604e-01,-1.744704e+02,7.784519e-03,2.282081e+01,7.756870e-03,2.259522e+01,9.619773e-01,-1.797029e+02
7585.77575,7.043757e-01,-1.744347e+02,8.055693e-03,2.353519e+01,8.029340e-03,2.334645e+01,9.621942e-01,-1.796776e+02
8317.63771,7.057058e-01,-1.743588e+02,8.361164e-03,2.412403e+01,8.336180e-03,2.396759e+01,9.624490e-01,-1.796508e+02
9120.10839,7.072853e-01,-1.742440e+02,8.702369e-03,2.455423e+01,8.678816e-03,2.442581e+01,9.627470e-01,-1.796226e+02
10000.00000,7.091536e-01,-1.740919e+02,9.079981e-03,2.479337e+01,9.057905e-03,2.468897e+01,9.630940e-01,-1.795932e+02
