! ! 
! S ! 
! ! 
! # MHz  S  MA  R  50.00000
! ! ===================================================================
1.00000,9.927968e-01,-7.533198e-01,2.320349e-03,1.783921e+02,4.707395e-05,8.956173e+01,9.608036e-01,-1.799999e+02
1.09648,9.927938e-01,-8.259961e-01,2.320433e-03,1.782370e+02,5.161525e-05,8.951941e+01,9.608036e-01,-1.799999e+02
1.20226,9.927901e-01,-9.056831e-01,2.320534e-03,1.780669e+02,5.659458e-05,8.947301e+01,9.608036e-01,-1.799999e+02
1.31826,9.927857e-01,-9.930572e-01,2.320655e-03,1.778804e+02,6.205418e-05,8.942214e+01,9.608036e-01,-1.799999e+02
1.44544,9.927804e-01,-1.088859e+00,2.320800e-03,1.776759e+02,6.804034e-05,8.936637e+01,9.608036e-01,-1.799999e+02
1.58489,9.927741e-01,-1.193903e+00,2.320975e-03,1.774517e+02,7.460381e-05,8.930522e+01,9.608036e-01,-1.799999e+02
1.73780,9.927665e-01,-1.309078e+00,2.321186e-03,1.772060e+02,8.180021e-05,8.923817e+01,9.608036e-01,-1.799999e+02
1.90546,9.927573e-01,-1.435361e+00,2.321438e-03,1.769366e+02,8.969051e-05,8.916465e+01,9.608036e-01,-1.799999e+02
2.08930,9.927463e-01,-1.573824e+00,2.321742e-03,1.766413e+02,9.834154e-05,8.908406e+01,9.608036e-01,-1.799999e+02
2.29087,9.927330e-01,-1.725640e+00,2.322108e-03,1.763176e+02,1.078265e-04,8.899569e+01,9.608036e-01,-1.799999e+02
2.51189,9.927171e-01,-1.892095e+00,2.322547e-03,1.759627e+02,1.182257e-04,8.889880e+01,9.608036e-01,-1.799999e+02
2.75423,9.926979e-01,-2.074599e+00,2.323074e-03,1.755738e+02,1.296269e-04,8.879257e+01,9.608036e-01,-1.799998e+02
3.01995,9.926749e-01,-2.274697e+00,2.323708e-03,1.751475e+02,1.421266e-04,8.867611e+01,9.608036e-01,-1.799998e+02
3.31131,9.926472e-01,-2.494084e+00,2.324471e-03,1.746804e+02,1.558301e-04,8.854842e+01,9.608036e-01,-1.799998e+02
3.63078,9.926139e-01,-2.734613e+00,2.325386e-03,1.741685e+02,1.708530e-04,8.840844e+01,9.608036e-01,-1.799998e+02
3.98107,9.925739e-01,-2.998317e+00,2.326486e-03,1.736077e+02,1.873217e-04,8.825497e+01,9.608036e-01,-1.799998e+02
4.36516,9.925259e-01,-3.287424e+00,2.327807e-03,1.729933e+02,2.053746e-04,8.808672e+01,9.608036e-01,-1.799997e+02
4.78630,9.924681e-01,-3.604370e+00,2.329394e-03,1.723204e+02,2.251629e-04,8.790229e+01,9.608036e-01,-1.799997e+02
5.24807,9.923987e-01,-3.951825e+00,2.331300e-03,1.715836e+02,2.468521e-04,8.770011e+01,9.608036e-01,-1.799997e+02
5.75440,9.923153e-01,-4.332710e+00,2.333588e-03,1.707770e+02,2.706230e-04,8.747850e+01,9.608036e-01,-1.799997e+02
6.30957,9.922150e-01,-4.750222e+00,2.336333e-03,1.698943e+02,2.966730e-04,8.723559e+01,9.608037e-01,-1.799996e+02
6.91831,9.920946e-01,-5.207855e+00,2.339626e-03,1.689287e+02,3.252175e-04,8.696937e+01,9.608037e-01,-1.799996e+02
7.58578,9.919500e-01,-5.709431e+00,2.343575e-03,1.678728e+02,3.564912e-04,8.667762e+01,9.608037e-01,-1.799996e+02
8.31764,9.917763e-01,-6.259122e+00,2.348308e-03,1.667189e+02,3.907495e-04,8.635793e+01,9.608037e-01,-1.799995e+02
9.12011,9.915677e-01,-6.861483e+00,2.353978e-03,1.654587e+02,4.282702e-04,8.600766e+01,9.608037e-01,-1.799995e+02
10.00000,9.913174e-01,-7.521481e+00,2.360763e-03,1.640834e+02,4.693544e-04,8.562395e+01,9.608038e-01,-1.799994e+02
10.96478,9.910170e-01,-8.244526e+00,2.368878e-03,1.625838e+02,5.143282e-04,8.520370e+01,9.608038e-01,-1.799994e+02
12.02264,9.906567e-01,-9.036501e+00,2.378571e-03,1.609507e+02,5.635436e-04,8.474351e+01,9.608038e-01,-1.799993e+02
13.18257,9.902247e-01,-9.903797e+00,2.390137e-03,1.591742e+02,6.173793e-04,8.423973e+01,9.608039e-01,-1.799992e+02
14.45440,9.897071e-01,-1.085334e+01,2.403915e-03,1.572447e+02,6.762409e-04,8.368840e+01,9.608040e-01,-1.799991e+02
15.84893,9.890872e-01,-1.189261e+01,2.420302e-03,1.551526e+02,7.405612e-04,8.308527e+01,9.608040e-01,-1.799991e+02
17.37801,9.883455e-01,-1.302969e+01,2.439752e-03,1.528889e+02,8.107985e-04,8.242578e+01,9.608041e-01,-1.799990e+02
19.05461,9.874589e-01,-1.427324e+01,2.462781e-03,1.504451e+02,8.874347e-04,8.170505e+01,9.608042e-01,-1.799989e+02
20.89296,9.864003e-01,-1.563253e+01,2.489974e-03,1.478140e+02,9.709714e-04,8.091792e+01,9.608044e-01,-1.799988e+02
22.90868,9.851380e-01,-1.711742e+01,2.521977e-03,1.449898e+02,1.061925e-03,8.005892e+01,9.608045e-01,-1.799987e+02
25.11886,9.836352e-01,-1.873833e+01,2.559503e-03,1.419688e+02,1.160816e-03,7.912239e+01,9.608047e-01,-1.799985e+02
27.54229,9.818496e-01,-2.050619e+01,2.603315e-03,1.387493e+02,1.268161e-03,7.810244e+01,9.608049e-01,-1.799984e+02
30.19952,9.797329e-01,-2.243232e+01,2.654216e-03,1.353329e+02,1.384458e-03,7.699311e+01,9.608051e-01,-1.799982e+02
33.11311,9.772303e-01,-2.452834e+01,2.713028e-03,1.317239e+02,1.510161e-03,7.578843e+01,9.608054e-01,-1.799981e+02
36.30781,9.742810e-01,-2.680593e+01,2.780555e-03,1.279299e+02,1.645664e-03,7.448260e+01,9.608058e-01,-1.799979e+02
39.81072,9.708182e-01,-2.927662e+01,2.857553e-03,1.239620e+02,1.791266e-03,7.307017e+01,9.608062e-01,-1.799977e+02
43.65158,9.667706e-01,-3.195147e+01,2.944674e-03,1.198341e+02,1.947135e-03,7.154629e+01,9.608067e-01,-1.799975e+02
47.86301,9.620634e-01,-3.484061e+01,3.042419e-03,1.155632e+02,2.113272e-03,6.990697e+01,9.608072e-01,-1.799973e+02
52.48075,9.566218e-01,-3.795282e+01,3.151076e-03,1.111686e+02,2.289466e-03,6.814945e+01,9.608079e-01,-1.799970e+02
57.54399,9.503745e-01,-4.129491e+01,3.270658e-03,1.066712e+02,2.475248e-03,6.627255e+01,9.608086e-01,-1.799967e+02
63.09573,9.432583e-01,-4.487111e+01,3.400856e-03,1.020934e+02,2.669854e-03,6.427708e+01,9.608094e-01,-1.799964e+02
69.18310,9.352245e-01,-4.868236e+01,3.540990e-03,9.745846e+01,2.872189e-03,6.216623e+01,9.608103e-01,-1.799961e+02
75.85776,9.262458e-01,-5.272563e+01,3.689989e-03,9.278994e+01,3.080812e-03,5.994590e+01,9.608114e-01,-1.799958e+02
83.17638,9.163230e-01,-5.699328e+01,3.846387e-03,8.811174e+01,3.293942e-03,5.762503e+01,9.608125e-01,-1.799954e+02
91.20108,9.054912e-01,-6.147252e+01,4.008356e-03,8.344783e+01,3.509491e-03,5.521564e+01,9.608137e-01,-1.799950e+02
100.00000,8.938251e-01,-6.614509e+01,4.173764e-03,7.882213e+01,3.725125e-03,5.273285e+01,9.608150e-01,-1.799946e+02
109.64782,8.814402e-01,-7.098718e+01,4.340278e-03,7.425841e+01,3.938361e-03,5.019461e+01,9.608164e-01,-1.799942e+02
120.22644,8.684916e-01,-7.596969e+01,4.505474e-03,6.978003e+01,4.146689e-03,4.762115e+01,9.608178e-01,-1.799937e+02
131.82567,8.551671e-01,-8.105879e+01,4.666974e-03,6.540956e+01,4.347696e-03,4.503434e+01,9.608192e-01,-1.799931e+02
144.54398,8.416783e-01,-8.621693e+01,4.822578e-03,6.116840e+01,4.539206e-03,4.245684e+01,9.608207e-01,-1.799926e+02
158.48932,8.282469e-01,-9.140399e+01,4.970380e-03,5.707618e+01,4.719386e-03,3.991113e+01,9.608222e-01,-1.799920e+02
173.78008,8.150907e-01,-9.657878e+01,5.108853e-03,5.315028e+01,4.886833e-03,3.741868e+01,9.608236e-01,-1.799913e+02
190.54607,8.024103e-01,-1.017005e+02,5.236903e-03,4.940533e+01,5.040617e-03,3.499907e+01,9.608250e-01,-1.799905e+02
208.92961,7.903769e-01,-1.067303e+02,5.353874e-03,4.585294e+01,5.180282e-03,3.266945e+01,9.608263e-01,-1.799897e+02
229.08677,7.791254e-01,-1.116327e+02,5.459528e-03,4.250148e+01,5.305813e-03,3.044410e+01,9.608276e-01,-1.799889e+02
251.18864,7.687498e-01,-1.163762e+02,5.553991e-03,3.935613e+01,5.417577e-03,2.833427e+01,9.608288e-01,-1.799879e+02
275.42287,7.593041e-01,-1.209348e+02,5.637688e-03,3.641907e+01,5.516245e-03,2.634819e+01,9.608300e-01,-1.799868e+02
301.99517,7.508053e-01,-1.252876e+02,5.711263e-03,3.368975e+01,5.602707e-03,2.449131e+01,9.608311e-01,-1.799857e+02
331.13112,7.432393e-01,-1.294196e+02,5.775515e-03,3.116534e+01,5.678000e-03,2.276655e+01,9.608323e-01,-1.799844e+02
363.07805,7.365673e-01,-1.333207e+02,5.831328e-03,2.884111e+01,5.743235e-03,2.117474e+01,9.608334e-01,-1.799830e+02
398.10717,7.307332e-01,-1.369860e+02,5.879623e-03,2.671093e+01,5.799539e-03,1.971499e+01,9.608346e-01,-1.799815e+02
436.51583,7.256694e-01,-1.404147e+02,5.921317e-03,2.476761e+01,5.848021e-03,1.838509e+01,9.608359e-01,-1.799798e+02
478.63009,7.213029e-01,-1.436094e+02,5.957293e-03,2.300337e+01,5.889736e-03,1.718187e+01,9.608372e-01,-1.799779e+02
524.80746,7.175588e-01,-1.465759e+02,5.988388e-03,2.141008e+01,5.925671e-03,1.610156e+01,9.608387e-01,-1.799758e+02
575.43994,7.143645e-01,-1.493220e+02,6.015378e-03,1.997959e+01,5.956737e-03,1.514001e+01,9.608404e-01,-1.799736e+02
630.95734,7.116511e-01,-1.518571e+02,6.038978e-03,1.870389e+01,5.983766e-03,1.429296e+01,9.608423e-01,-1.799711e+02
691.83097,7.093551e-01,-1.541918e+02,6.059848e-03,1.757532e+01,6.007517e-03,1.355620e+01,9.608445e-01,-1.799684e+02
758.57758,7.074191e-01,-1.563372e+02,6.078594e-03,1.658670e+01,6.028685e-03,1.292570e+01,9.608471e-01,-1.799654e+02
831.76377,7.057921e-01,-1.583048e+02,6.095780e-03,1.573138e+01,6.047907e-03,1.239775e+01,9.608502e-01,-1.799621e+02
912.01084,7.044293e-01,-1.601059e+02,6.111936e-03,1.500329e+01,6.065778e-03,1.196897e+01,9.608538e-01,-1.799585e+02
1000.00000,7.032918e-01,-1.617517e+02,6.127573e-03,1.439701e+01,6.082863e-03,1.163642e+01,9.608582e-01,-1.799546e+02
1096.47820,7.023461e-01,-1.632531e+02,6.143191e-03,1.390776e+01,6.099708e-03,1.139757e+01,9.608633e-01,-1.799502e+02
1202.26443,7.015638e-01,-1.646203e+02,6.159296e-03,1.353134e+01,6.116858e-03,1.125030e+01,9.608695e-01,-1.799455e+02
1318.25674,7.009208e-01,-1.658630e+02,6.176409e-03,1.326416e+01,6.134870e-03,1.119292e+01,9.608769e-01,-1.799403e+02
1445.43977,7.003971e-01,-1.669905e+02,6.195086e-03,1.310314e+01,6.154328e-03,1.122408e+01,9.608858e-01,-1.799346e+02
1584.89319,6.999762e-01,-1.680111e+02,6.215930e-03,1.304564e+01,6.175861e-03,1.134274e+01,9.608964e-01,-1.799283e+02
1737.80083,6.996444e-01,-1.689327e+02,6.239609e-03,1.308935e+01,6.200158e-03,1.154803e+01,9.609092e-01,-1.799215e+02
1905.46072,6.993912e-01,-1.697626e+02,6.266869e-03,1.323220e+01,6.227988e-03,1.183919e+01,9.609245e-01,-1.799140e+02
2089.29613,6.992084e-01,-1.705072e+02,6.298559e-03,1.347212e+01,6.260215e-03,1.221536e+01,9.609429e-01,-1.799058e+02
2290.86765,6.990898e-01,-1.711726e+02,6.335646e-03,1.380693e+01,6.297823e-03,1.267543e+01,9.609649e-01,-1.798968e+02
2511.88643,6.990318e-01,-1.717642e+02,6.379234e-03,1.423403e+01,6.341933e-03,1.321774e+01,9.609914e-01,-1.798870e+02
2754.22870,6.990322e-01,-1.722869e+02,6.430587e-03,1.475011e+01,6.393821e-03,1.383988e+01,9.610231e-01,-1.798763e+02
3019.95172,6.990910e-01,-1.727449e+02,6.491144e-03,1.535087e+01,6.454941e-03,1.453829e+01,9.610610e-01,-1.798646e+02
3311.31121,6.992102e-01,-1.731424e+02,6.562536e-03,1.603056e+01,6.526936e-03,1.530790e+01,9.611065e-01,-1.798519e+02
3630.78055,6.993935e-01,-1.734825e+02,6.646597e-03,1.678163e+01,6.611652e-03,1.614171e+01,9.611609e-01,-1.798380e+02
3981.07171,6.996466e-01,-1.737685e+02,6.745370e-03,1.759426e+01,6.711144e-03,1.703039e+01,9.612260e-01,-1.798229e+02
4365.15832,6.999776e-01,-1.740028e+02,6.861101e-03,1.845593e+01,6.827668e-03,1.796183e+01,9.613036e-01,-1.798065e+02
4786.30092,7.003968e-01,-1.741879e+02,6.996219e-03,1.935109e+01,6.963660e-03,1.892081e+01,9.613963e-01,-1.797888e+02
5248.07460,7.009170e-01,-1.743257e+02,7.153303e-03,2.026086e+01,7.121707e-03,1.988872e+01,9.615066e-01,-1.797696e+02
5754.39937,7.015541e-01,-1.744179e+02,7.335027e-03,2.116293e+01,7.304485e-03,2.084347e+01,9.616378e-01,-1.797489e+02
6309.57344,7.023270e-01,-1.744661e+02,7.544078e-03,2.203165e+01,7.514683e-03,2.175963e+01,9.617933e-01,-1.797266e+02
6918.30971,7.032580e-01,-1.744716e+02,7.783055e-03,2.283837e+01,7.754897e-03,2.260873e+01,9.619773e-01,-1.797029e+02
7585.77575,7.043736e-01,-1.744357e+02,8.054336e-03,2.355207e+01,8.027499e-03,2.335995e+01,9.621942e-01,-1.796775e+02
8317.63771,7.057040e-01,-1.743596e+02,8.359919e-03,2.414015e+01,8.334477e-03,2.398092e+01,9.624491e-01,-1.796507e+02
9120.10839,7.072839e-01,-1.742448e+02,8.701239e-03,2.456951e+01,8.677255e-03,2.443881e+01,9.627473e-01,-1.796225e+02
10000.00000,7.091526e-01,-1.740925e+02,9.078968e-03,2.480773e+01,9.056488e-03,2.470148e+01,9.630944e-01,-1.795931e+02
