! ! 
! S ! 
! ! 
! # MHz  S  MA  R  50.00000
! ! ===================================================================
1.00000,9.928878e-01,-7.509719e-01,2.092766e-03,1.782673e+02,4.706386e-05,8.956308e+01,9.608036e-01,-1.799999e+02
1.09648,9.928848e-01,-8.234217e-01,2.092862e-03,1.781001e+02,5.160419e-05,8.952089e+01,9.608036e-01,-1.799999e+02
1.20226,9.928811e-01,-9.028604e-01,2.092977e-03,1.779168e+02,5.658246e-05,8.947463e+01,9.608036e-01,-1.799999e+02
1.31826,9.928768e-01,-9.899622e-01,2.093115e-03,1.777159e+02,6.204089e-05,8.942392e+01,9.608036e-01,-1.799999e+02
1.44544,9.928715e-01,-1.085466e+00,2.093281e-03,1.774956e+02,6.802578e-05,8.936831e+01,9.608036e-01,-1.799999e+02
1.58489,9.928652e-01,-1.190182e+00,2.093481e-03,1.772541e+02,7.458785e-05,8.930735e+01,9.608036e-01,-1.799999e+02
1.73780,9.928576e-01,-1.304998e+00,2.093721e-03,1.769893e+02,8.178272e-05,8.924051e+01,9.608036e-01,-1.799999e+02
1.90546,9.928485e-01,-1.430888e+00,2.094010e-03,1.766991e+02,8.967134e-05,8.916722e+01,9.608036e-01,-1.799999e+02
2.08930,9.928375e-01,-1.568919e+00,2.094357e-03,1.763810e+02,9.832053e-05,8.908687e+01,9.608036e-01,-1.799999e+02
2.29087,9.928244e-01,-1.720262e+00,2.094774e-03,1.760322e+02,1.078035e-04,8.899877e+01,9.608036e-01,-1.799999e+02
2.51189,9.928085e-01,-1.886199e+00,2.095276e-03,1.756500e+02,1.182005e-04,8.890218e+01,9.608036e-01,-1.799999e+02
2.75423,9.927895e-01,-2.068134e+00,2.095878e-03,1.752311e+02,1.295993e-04,8.879628e+01,9.608036e-01,-1.799998e+02
3.01995,9.927666e-01,-2.267610e+00,2.096602e-03,1.747721e+02,1.420964e-04,8.868018e+01,9.608036e-01,-1.799998e+02
3.31131,9.927391e-01,-2.486313e+00,2.097472e-03,1.742691e+02,1.557970e-04,8.855288e+01,9.608036e-01,-1.799998e+02
3.63078,9.927060e-01,-2.726093e+00,2.098517e-03,1.737180e+02,1.708168e-04,8.841332e+01,9.608036e-01,-1.799998e+02
3.98107,9.926662e-01,-2.988977e+00,2.099773e-03,1.731143e+02,1.872821e-04,8.826033e+01,9.608036e-01,-1.799998e+02
4.36516,9.926185e-01,-3.277184e+00,2.101281e-03,1.724531e+02,2.053312e-04,8.809260e+01,9.608036e-01,-1.799997e+02
4.78630,9.925610e-01,-3.593144e+00,2.103091e-03,1.717292e+02,2.251155e-04,8.790873e+01,9.608036e-01,-1.799997e+02
5.24807,9.924920e-01,-3.939518e+00,2.105265e-03,1.709368e+02,2.468004e-04,8.770717e+01,9.608036e-01,-1.799997e+02
5.75440,9.924091e-01,-4.319220e+00,2.107874e-03,1.700696e+02,2.705666e-04,8.748623e+01,9.608036e-01,-1.799997e+02
6.30957,9.923095e-01,-4.735434e+00,2.111005e-03,1.691210e+02,2.966116e-04,8.724407e+01,9.608036e-01,-1.799996e+02
6.91831,9.921898e-01,-5.191647e+00,2.114759e-03,1.680839e+02,3.251506e-04,8.697866e+01,9.608037e-01,-1.799996e+02
7.58578,9.920460e-01,-5.691667e+00,2.119258e-03,1.669506e+02,3.564185e-04,8.668780e+01,9.608037e-01,-1.799996e+02
8.31764,9.918733e-01,-6.239655e+00,2.124649e-03,1.657130e+02,3.906707e-04,8.636909e+01,9.608037e-01,-1.799995e+02
9.12011,9.916660e-01,-6.840152e+00,2.131102e-03,1.643627e+02,4.281849e-04,8.601988e+01,9.608037e-01,-1.799995e+02
10.00000,9.914171e-01,-7.498111e+00,2.138820e-03,1.628907e+02,4.692623e-04,8.563735e+01,9.608038e-01,-1.799994e+02
10.96478,9.911185e-01,-8.218925e+00,2.148043e-03,1.612878e+02,5.142292e-04,8.521836e+01,9.608038e-01,-1.799994e+02
12.02264,9.907603e-01,-9.008463e+00,2.159050e-03,1.595448e+02,5.634376e-04,8.475957e+01,9.608038e-01,-1.799993e+02
13.18257,9.903309e-01,-9.873095e+00,2.172168e-03,1.576522e+02,6.172664e-04,8.425730e+01,9.608039e-01,-1.799992e+02
14.45440,9.898162e-01,-1.081973e+01,2.187777e-03,1.556008e+02,6.761216e-04,8.370763e+01,9.608039e-01,-1.799992e+02
15.84893,9.892000e-01,-1.185583e+01,2.206312e-03,1.533821e+02,7.404362e-04,8.310631e+01,9.608040e-01,-1.799991e+02
17.37801,9.884626e-01,-1.298946e+01,2.228273e-03,1.509881e+02,8.106690e-04,8.244878e+01,9.608041e-01,-1.799990e+02
19.05461,9.875811e-01,-1.422925e+01,2.254225e-03,1.484119e+02,8.873025e-04,8.173017e+01,9.608042e-01,-1.799989e+02
20.89296,9.865285e-01,-1.558445e+01,2.284797e-03,1.456483e+02,9.708393e-04,8.094534e+01,9.608043e-01,-1.799988e+02
22.90868,9.852733e-01,-1.706492e+01,2.320685e-03,1.426941e+02,1.061796e-03,8.008884e+01,9.608045e-01,-1.799987e+02
25.11886,9.837790e-01,-1.868104e+01,2.362643e-03,1.395483e+02,1.160697e-03,7.915499e+01,9.608046e-01,-1.799985e+02
27.54229,9.820033e-01,-2.044374e+01,2.411472e-03,1.362127e+02,1.268059e-03,7.813792e+01,9.608049e-01,-1.799984e+02
30.19952,9.798981e-01,-2.236431e+01,2.468000e-03,1.326920e+02,1.384382e-03,7.703167e+01,9.608051e-01,-1.799982e+02
33.11311,9.774089e-01,-2.445438e+01,2.533062e-03,1.289940e+02,1.510124e-03,7.583027e+01,9.608054e-01,-1.799981e+02
36.30781,9.744750e-01,-2.672562e+01,2.607460e-03,1.251298e+02,1.645682e-03,7.452790e+01,9.608057e-01,-1.799979e+02
39.81072,9.710299e-01,-2.918958e+01,2.691926e-03,1.211129e+02,1.791359e-03,7.311911e+01,9.608061e-01,-1.799977e+02
43.65158,9.670022e-01,-3.185733e+01,2.787074e-03,1.169595e+02,1.947331e-03,7.159902e+01,9.608066e-01,-1.799975e+02
47.86301,9.623174e-01,-3.473904e+01,2.893341e-03,1.126878e+02,2.113603e-03,6.996360e+01,9.608071e-01,-1.799973e+02
52.48075,9.569006e-01,-3.784356e+01,3.010938e-03,1.083170e+02,2.289973e-03,6.821004e+01,9.608078e-01,-1.799970e+02
57.54399,9.506801e-01,-4.117776e+01,3.139788e-03,1.038674e+02,2.475979e-03,6.633711e+01,9.608085e-01,-1.799968e+02
63.09573,9.435924e-01,-4.474598e+01,3.279480e-03,9.935946e+01,2.670864e-03,6.434555e+01,9.608093e-01,-1.799965e+02
69.18310,9.355883e-01,-4.854927e+01,3.429229e-03,9.481372e+01,2.873544e-03,6.223844e+01,9.608102e-01,-1.799961e+02
75.85776,9.266396e-01,-5.258475e+01,3.587855e-03,9.025064e+01,3.082584e-03,6.002162e+01,9.608112e-01,-1.799958e+02
83.17638,9.167459e-01,-5.684495e+01,3.753791e-03,8.569060e+01,3.296210e-03,5.770389e+01,9.608123e-01,-1.799954e+02
91.20108,9.059413e-01,-6.131726e+01,3.925110e-03,8.115400e+01,3.512335e-03,5.529718e+01,9.608134e-01,-1.799951e+02
100.00000,8.942990e-01,-6.598360e+01,4.099594e-03,7.666137e+01,3.728628e-03,5.281652e+01,9.608147e-01,-1.799946e+02
109.64782,8.819332e-01,-7.082036e+01,4.274829e-03,7.223338e+01,3.942602e-03,5.027975e+01,9.608160e-01,-1.799942e+02
120.22644,8.689976e-01,-7.579859e+01,4.448325e-03,6.789067e+01,4.151735e-03,4.770704e+01,9.608174e-01,-1.799937e+02
131.82567,8.556794e-01,-8.088464e+01,4.617647e-03,6.365363e+01,4.353606e-03,4.512023e+01,9.608189e-01,-1.799932e+02
144.54398,8.421894e-01,-8.604104e+01,4.780553e-03,5.954186e+01,4.546020e-03,4.254195e+01,9.608203e-01,-1.799926e+02
158.48932,8.287493e-01,-9.122775e+01,4.935105e-03,5.557371e+01,4.727127e-03,3.999471e+01,9.608217e-01,-1.799920e+02
173.78008,8.155774e-01,-9.640359e+01,5.079759e-03,5.176562e+01,4.895505e-03,3.750001e+01,9.608231e-01,-1.799913e+02
190.54607,8.028749e-01,-1.015277e+02,5.213417e-03,4.813167e+01,5.050203e-03,3.507754e+01,9.608245e-01,-1.799906e+02
208.92961,7.908145e-01,-1.065612e+02,5.335430e-03,4.468317e+01,5.190748e-03,3.274450e+01,9.608258e-01,-1.799898e+02
229.08677,7.795321e-01,-1.114684e+02,5.445577e-03,4.142842e+01,5.317114e-03,3.051530e+01,9.608270e-01,-1.799889e+02
251.18864,7.691234e-01,-1.162177e+02,5.544014e-03,3.837271e+01,5.429654e-03,2.840126e+01,9.608282e-01,-1.799879e+02
275.42287,7.596436e-01,-1.207829e+02,5.631195e-03,3.551843e+01,5.529034e-03,2.641074e+01,9.608294e-01,-1.799869e+02
301.99517,7.511109e-01,-1.251430e+02,5.707807e-03,3.286535e+01,5.616140e-03,2.454925e+01,9.608305e-01,-1.799857e+02
331.13112,7.435121e-01,-1.292826e+02,5.774687e-03,3.041097e+01,5.692009e-03,2.281980e+01,9.608317e-01,-1.799844e+02
363.07805,7.368092e-01,-1.331916e+02,5.832763e-03,2.815095e+01,5.757751e-03,2.122329e+01,9.608328e-01,-1.799830e+02
398.10717,7.309465e-01,-1.368649e+02,5.882995e-03,2.607954e+01,5.814500e-03,1.975886e+01,9.608340e-01,-1.799815e+02
436.51583,7.258567e-01,-1.403015e+02,5.926340e-03,2.418996e+01,5.863367e-03,1.842435e+01,9.608352e-01,-1.799798e+02
478.63009,7.214668e-01,-1.435041e+02,5.963719e-03,2.247476e+01,5.905412e-03,1.721661e+01,9.608366e-01,-1.799779e+02
524.80746,7.177021e-01,-1.464782e+02,5.995999e-03,2.092621e+01,5.941629e-03,1.613188e+01,9.608380e-01,-1.799759e+02
575.43994,7.144896e-01,-1.492315e+02,6.023988e-03,1.953645e+01,5.972933e-03,1.516602e+01,9.608397e-01,-1.799736e+02
630.95734,7.117604e-01,-1.517736e+02,6.048427e-03,1.829783e+01,6.000160e-03,1.431477e+01,9.608416e-01,-1.799711e+02
691.83097,7.094507e-01,-1.541149e+02,6.069999e-03,1.720297e+01,6.024077e-03,1.357390e+01,9.608438e-01,-1.799684e+02
758.57758,7.075030e-01,-1.562664e+02,6.089330e-03,1.624494e+01,6.045379e-03,1.293939e+01,9.608464e-01,-1.799654e+02
831.76377,7.058661e-01,-1.582398e+02,6.107002e-03,1.541735e+01,6.064708e-03,1.240748e+01,9.608495e-01,-1.799621e+02
912.01084,7.044948e-01,-1.600462e+02,6.123559e-03,1.471437e+01,6.082662e-03,1.197482e+01,9.608531e-01,-1.799585e+02
1000.00000,7.033500e-01,-1.616971e+02,6.139524e-03,1.413079e+01,6.099808e-03,1.163840e+01,9.608575e-01,-1.799546e+02
1096.47820,7.023983e-01,-1.632031e+02,6.155408e-03,1.366200e+01,6.116694e-03,1.139570e+01,9.608626e-01,-1.799503e+02
1202.26443,7.016109e-01,-1.645745e+02,6.171724e-03,1.330400e+01,6.133867e-03,1.124458e+01,9.608688e-01,-1.799455e+02
1318.25674,7.009636e-01,-1.658212e+02,6.189003e-03,1.305334e+01,6.151882e-03,1.118332e+01,9.608762e-01,-1.799403e+02
1445.43977,7.004362e-01,-1.669523e+02,6.207803e-03,1.290710e+01,6.171327e-03,1.121057e+01,9.608850e-01,-1.799346e+02
1584.89319,7.000121e-01,-1.679763e+02,6.228733e-03,1.286276e+01,6.192828e-03,1.132525e+01,9.608957e-01,-1.799284e+02
1737.80083,6.996778e-01,-1.689010e+02,6.252463e-03,1.291817e+01,6.217073e-03,1.152649e+01,9.609084e-01,-1.799215e+02
1905.46072,6.994224e-01,-1.697337e+02,6.279742e-03,1.307134e+01,6.244830e-03,1.181352e+01,9.609237e-01,-1.799141e+02
2089.29613,6.992377e-01,-1.704809e+02,6.311420e-03,1.332033e+01,6.276963e-03,1.218548e+01,9.609420e-01,-1.799059e+02
2290.86765,6.991176e-01,-1.711487e+02,6.348464e-03,1.366307e+01,6.314452e-03,1.264125e+01,9.609640e-01,-1.798969e+02
2511.88643,6.990581e-01,-1.717424e+02,6.391979e-03,1.409704e+01,6.358416e-03,1.317921e+01,9.609904e-01,-1.798871e+02
2754.22870,6.990573e-01,-1.722671e+02,6.443225e-03,1.461908e+01,6.410127e-03,1.379695e+01,9.610221e-01,-1.798764e+02
3019.95172,6.991152e-01,-1.727271e+02,6.503642e-03,1.522495e+01,6.471035e-03,1.449094e+01,9.610600e-01,-1.798647e+02
3311.31121,6.992334e-01,-1.731262e+02,6.574858e-03,1.590904e+01,6.542782e-03,1.525617e+01,9.611054e-01,-1.798520e+02
3630.78055,6.994157e-01,-1.734679e+02,6.658705e-03,1.666390e+01,6.627208e-03,1.608570e+01,9.611597e-01,-1.798381e+02
3981.07171,6.996680e-01,-1.737553e+02,6.757223e-03,1.747983e+01,6.726365e-03,1.697027e+01,9.612246e-01,-1.798231e+02
4365.15832,6.999982e-01,-1.739909e+02,6.872657e-03,1.834445e+01,6.842505e-03,1.789786e+01,9.613022e-01,-1.798067e+02
4786.30092,7.004165e-01,-1.741772e+02,7.007434e-03,1.924234e+01,6.978063e-03,1.885335e+01,9.613947e-01,-1.797889e+02
5248.07460,7.009358e-01,-1.743161e+02,7.164133e-03,2.015474e+01,7.135623e-03,1.981824e+01,9.615048e-01,-1.797698e+02
5754.39937,7.015720e-01,-1.744094e+02,7.345426e-03,2.105948e+01,7.317862e-03,2.077055e+01,9.616358e-01,-1.797491e+02
6309.57344,7.023438e-01,-1.744585e+02,7.554005e-03,2.193103e+01,7.527469e-03,2.168494e+01,9.617910e-01,-1.797269e+02
6918.30971,7.032738e-01,-1.744649e+02,7.792470e-03,2.274085e+01,7.767046e-03,2.253304e+01,9.619747e-01,-1.797031e+02
7585.77575,7.043881e-01,-1.744299e+02,8.063206e-03,2.345799e+01,8.038970e-03,2.328409e+01,9.621913e-01,-1.796778e+02
8317.63771,7.057170e-01,-1.743546e+02,8.368218e-03,2.404992e+01,8.345237e-03,2.390575e+01,9.624458e-01,-1.796510e+02
9120.10839,7.072953e-01,-1.742404e+02,8.708953e-03,2.448357e+01,8.687284e-03,2.436519e+01,9.627436e-01,-1.796228e+02
10000.00000,7.091621e-01,-1.740889e+02,9.086090e-03,2.472651e+01,9.065777e-03,2.463026e+01,9.630902e-01,-1.795934e+02
