! ! 
! S ! 
! ! 
! # MHz  S  MA  R  50.00000
! ! ===================================================================
1.00000,9.927556e-01,-7.540002e-01,2.388343e-03,1.784248e+02,4.707456e-05,8.956135e+01,9.608036e-01,-1.799999e+02
1.09648,9.927525e-01,-8.267420e-01,2.388423e-03,1.782728e+02,5.161591e-05,8.951899e+01,9.608036e-01,-1.799999e+02
1.20226,9.927489e-01,-9.065011e-01,2.388520e-03,1.781062e+02,5.659531e-05,8.947255e+01,9.608036e-01,-1.799999e+02
1.31826,9.927445e-01,-9.939540e-01,2.388637e-03,1.779234e+02,6.205498e-05,8.942163e+01,9.608036e-01,-1.799999e+02
1.44544,9.927392e-01,-1.089843e+00,2.388777e-03,1.777231e+02,6.804122e-05,8.936581e+01,9.608036e-01,-1.799999e+02
1.58489,9.927328e-01,-1.194981e+00,2.388945e-03,1.775035e+02,7.460477e-05,8.930460e+01,9.608036e-01,-1.799999e+02
1.73780,9.927252e-01,-1.310260e+00,2.389148e-03,1.772628e+02,8.180126e-05,8.923749e+01,9.608036e-01,-1.799999e+02
1.90546,9.927160e-01,-1.436657e+00,2.389391e-03,1.769988e+02,8.969166e-05,8.916392e+01,9.608036e-01,-1.799999e+02
2.08930,9.927050e-01,-1.575245e+00,2.389683e-03,1.767095e+02,9.834279e-05,8.908325e+01,9.608036e-01,-1.799999e+02
2.29087,9.926917e-01,-1.727198e+00,2.390035e-03,1.763923e+02,1.078279e-04,8.899480e+01,9.608036e-01,-1.799999e+02
2.51189,9.926757e-01,-1.893803e+00,2.390457e-03,1.760446e+02,1.182272e-04,8.889783e+01,9.608036e-01,-1.799999e+02
2.75423,9.926565e-01,-2.076472e+00,2.390965e-03,1.756636e+02,1.296286e-04,8.879151e+01,9.608036e-01,-1.799998e+02
3.01995,9.926335e-01,-2.276751e+00,2.391575e-03,1.752459e+02,1.421284e-04,8.867494e+01,9.608036e-01,-1.799998e+02
3.31131,9.926057e-01,-2.496335e+00,2.392308e-03,1.747882e+02,1.558321e-04,8.854714e+01,9.608036e-01,-1.799998e+02
3.63078,9.925724e-01,-2.737082e+00,2.393189e-03,1.742866e+02,1.708552e-04,8.840703e+01,9.608036e-01,-1.799998e+02
3.98107,9.925323e-01,-3.001024e+00,2.394247e-03,1.737370e+02,1.873240e-04,8.825343e+01,9.608036e-01,-1.799998e+02
4.36516,9.924842e-01,-3.290391e+00,2.395519e-03,1.731350e+02,2.053770e-04,8.808503e+01,9.608036e-01,-1.799997e+02
4.78630,9.924263e-01,-3.607623e+00,2.397046e-03,1.724755e+02,2.251655e-04,8.790044e+01,9.608036e-01,-1.799997e+02
5.24807,9.923568e-01,-3.955391e+00,2.398879e-03,1.717533e+02,2.468549e-04,8.769808e+01,9.608036e-01,-1.799997e+02
5.75440,9.922732e-01,-4.336619e+00,2.401081e-03,1.709627e+02,2.706260e-04,8.747627e+01,9.608036e-01,-1.799997e+02
6.30957,9.921728e-01,-4.754506e+00,2.403723e-03,1.700974e+02,2.966762e-04,8.723315e+01,9.608037e-01,-1.799996e+02
6.91831,9.920522e-01,-5.212551e+00,2.406893e-03,1.691506e+02,3.252209e-04,8.696670e+01,9.608037e-01,-1.799996e+02
7.58578,9.919073e-01,-5.714578e+00,2.410694e-03,1.681152e+02,3.564947e-04,8.667469e+01,9.608037e-01,-1.799996e+02
8.31764,9.917334e-01,-6.264762e+00,2.415250e-03,1.669834e+02,3.907532e-04,8.635472e+01,9.608037e-01,-1.799995e+02
9.12011,9.915245e-01,-6.867664e+00,2.420709e-03,1.657471e+02,4.282739e-04,8.600414e+01,9.608037e-01,-1.799995e+02
10.00000,9.912737e-01,-7.528253e+00,2.427243e-03,1.643975e+02,4.693580e-04,8.562010e+01,9.608038e-01,-1.799994e+02
10.96478,9.909728e-01,-8.251944e+00,2.435059e-03,1.629256e+02,5.143317e-04,8.519948e+01,9.608038e-01,-1.799994e+02
12.02264,9.906119e-01,-9.044626e+00,2.444397e-03,1.613219e+02,5.635467e-04,8.473889e+01,9.608038e-01,-1.799993e+02
13.18257,9.901792e-01,-9.912693e+00,2.455543e-03,1.595767e+02,6.173817e-04,8.423467e+01,9.608039e-01,-1.799992e+02
14.45440,9.896607e-01,-1.086308e+01,2.468825e-03,1.576801e+02,6.762423e-04,8.368287e+01,9.608040e-01,-1.799991e+02
15.84893,9.890398e-01,-1.190327e+01,2.484627e-03,1.556226e+02,7.405611e-04,8.307922e+01,9.608040e-01,-1.799991e+02
17.37801,9.882969e-01,-1.304135e+01,2.503391e-03,1.533946e+02,8.107963e-04,8.241917e+01,9.608041e-01,-1.799990e+02
19.05461,9.874089e-01,-1.428598e+01,2.525620e-03,1.509876e+02,8.874295e-04,8.169783e+01,9.608042e-01,-1.799989e+02
20.89296,9.863486e-01,-1.564646e+01,2.551882e-03,1.483936e+02,9.709621e-04,8.091003e+01,9.608044e-01,-1.799988e+02
22.90868,9.850843e-01,-1.713263e+01,2.582812e-03,1.456064e+02,1.061910e-03,8.005032e+01,9.608045e-01,-1.799987e+02
25.11886,9.835792e-01,-1.875493e+01,2.619105e-03,1.426213e+02,1.160793e-03,7.911302e+01,9.608047e-01,-1.799985e+02
27.54229,9.817908e-01,-2.052428e+01,2.661514e-03,1.394363e+02,1.268129e-03,7.809224e+01,9.608049e-01,-1.799984e+02
30.19952,9.796709e-01,-2.245203e+01,2.710832e-03,1.360515e+02,1.384412e-03,7.698202e+01,9.608052e-01,-1.799982e+02
33.11311,9.771645e-01,-2.454977e+01,2.767871e-03,1.324705e+02,1.510099e-03,7.577640e+01,9.608055e-01,-1.799981e+02
36.30781,9.742109e-01,-2.682920e+01,2.833435e-03,1.287000e+02,1.645579e-03,7.446958e+01,9.608058e-01,-1.799979e+02
39.81072,9.707432e-01,-2.930184e+01,2.908282e-03,1.247501e+02,1.791151e-03,7.305610e+01,9.608062e-01,-1.799977e+02
43.65158,9.666900e-01,-3.197874e+01,2.993072e-03,1.206341e+02,1.946983e-03,7.153113e+01,9.608067e-01,-1.799975e+02
47.86301,9.619766e-01,-3.487003e+01,3.088322e-03,1.163683e+02,2.113073e-03,6.989069e+01,9.608073e-01,-1.799972e+02
52.48075,9.565282e-01,-3.798447e+01,3.194338e-03,1.119719e+02,2.289208e-03,6.813204e+01,9.608079e-01,-1.799970e+02
57.54399,9.502734e-01,-4.132885e+01,3.311161e-03,1.074658e+02,2.474917e-03,6.625400e+01,9.608086e-01,-1.799967e+02
63.09573,9.431493e-01,-4.490736e+01,3.438510e-03,1.028728e+02,2.669433e-03,6.425741e+01,9.608095e-01,-1.799964e+02
69.18310,9.351074e-01,-4.872092e+01,3.575739e-03,9.821655e+01,2.871658e-03,6.214548e+01,9.608104e-01,-1.799961e+02
75.85776,9.261205e-01,-5.276644e+01,3.721809e-03,9.352162e+01,3.080152e-03,5.992415e+01,9.608114e-01,-1.799958e+02
83.17638,9.161898e-01,-5.703625e+01,3.875288e-03,8.881276e+01,3.293129e-03,5.760238e+01,9.608126e-01,-1.799954e+02
91.20108,9.053507e-01,-6.151750e+01,4.034380e-03,8.411494e+01,3.508501e-03,5.519222e+01,9.608138e-01,-1.799950e+02
100.00000,8.936784e-01,-6.619187e+01,4.196985e-03,7.945309e+01,3.723935e-03,5.270883e+01,9.608151e-01,-1.799946e+02
109.64782,8.812887e-01,-7.103550e+01,4.360796e-03,7.485189e+01,3.936950e-03,5.017017e+01,9.608165e-01,-1.799942e+02
120.22644,8.683369e-01,-7.601924e+01,4.523412e-03,7.033552e+01,4.145036e-03,4.759650e+01,9.608179e-01,-1.799937e+02
131.82567,8.550114e-01,-8.110923e+01,4.682475e-03,6.592731e+01,4.345785e-03,4.500970e+01,9.608194e-01,-1.799931e+02
144.54398,8.415237e-01,-8.626787e+01,4.835802e-03,6.164919e+01,4.537026e-03,4.243243e+01,9.608208e-01,-1.799926e+02
158.48932,8.280954e-01,-9.145503e+01,4.981496e-03,5.752128e+01,4.716932e-03,3.988717e+01,9.608223e-01,-1.799919e+02
173.78008,8.149445e-01,-9.662951e+01,5.118038e-03,5.356125e+01,4.884105e-03,3.739536e+01,9.608237e-01,-1.799913e+02
190.54607,8.022711e-01,-1.017505e+02,5.244335e-03,4.978399e+01,5.037620e-03,3.497658e+01,9.608251e-01,-1.799905e+02
208.92961,7.902462e-01,-1.067793e+02,5.359730e-03,4.620121e+01,5.177025e-03,3.264795e+01,9.608264e-01,-1.799897e+02
229.08677,7.790041e-01,-1.116802e+02,5.463980e-03,4.282134e+01,5.302312e-03,3.042371e+01,9.608277e-01,-1.799889e+02
251.18864,7.686387e-01,-1.164221e+02,5.557203e-03,3.964957e+01,5.413848e-03,2.831509e+01,9.608290e-01,-1.799879e+02
275.42287,7.592033e-01,-1.209788e+02,5.639810e-03,3.668804e+01,5.512307e-03,2.633030e+01,9.608302e-01,-1.799868e+02
301.99517,7.507147e-01,-1.253295e+02,5.712437e-03,3.393614e+01,5.598581e-03,2.447474e+01,9.608313e-01,-1.799857e+02
331.13112,7.431584e-01,-1.294593e+02,5.775868e-03,3.139093e+01,5.673706e-03,2.275134e+01,9.608325e-01,-1.799844e+02
363.07805,7.364957e-01,-1.333581e+02,5.830976e-03,2.904761e+01,5.738792e-03,2.116089e+01,9.608336e-01,-1.799830e+02
398.10717,7.306701e-01,-1.370211e+02,5.878666e-03,2.689992e+01,5.794967e-03,1.970248e+01,9.608348e-01,-1.799815e+02
436.51583,7.256141e-01,-1.404474e+02,5.919845e-03,2.494058e+01,5.843337e-03,1.837391e+01,9.608361e-01,-1.799798e+02
478.63009,7.212545e-01,-1.436399e+02,5.955384e-03,2.316170e+01,5.884956e-03,1.717200e+01,9.608374e-01,-1.799779e+02
524.80746,7.175166e-01,-1.466042e+02,5.986110e-03,2.155504e+01,5.920809e-03,1.609296e+01,9.608389e-01,-1.799758e+02
575.43994,7.143277e-01,-1.493482e+02,6.012788e-03,2.011236e+01,5.951805e-03,1.513266e+01,9.608406e-01,-1.799736e+02
630.95734,7.116189e-01,-1.518813e+02,6.036126e-03,1.882556e+01,5.978776e-03,1.428682e+01,9.608425e-01,-1.799711e+02
691.83097,7.093269e-01,-1.542141e+02,6.056777e-03,1.768691e+01,6.002479e-03,1.355125e+01,9.608447e-01,-1.799684e+02
758.57758,7.073944e-01,-1.563577e+02,6.075340e-03,1.668912e+01,6.023607e-03,1.292191e+01,9.608473e-01,-1.799654e+02
831.76377,7.057703e-01,-1.583236e+02,6.092374e-03,1.582548e+01,6.042798e-03,1.239510e+01,9.608504e-01,-1.799621e+02
912.01084,7.044101e-01,-1.601231e+02,6.108405e-03,1.508986e+01,6.060645e-03,1.196746e+01,9.608541e-01,-1.799585e+02
1000.00000,7.032747e-01,-1.617675e+02,6.123939e-03,1.447677e+01,6.077711e-03,1.163603e+01,9.608584e-01,-1.799545e+02
1096.47820,7.023308e-01,-1.632675e+02,6.139474e-03,1.398137e+01,6.094544e-03,1.139829e+01,9.608636e-01,-1.799502e+02
1202.26443,7.015500e-01,-1.646335e+02,6.155511e-03,1.359943e+01,6.111687e-03,1.125215e+01,9.608697e-01,-1.799455e+02
1318.25674,7.009084e-01,-1.658751e+02,6.172571e-03,1.332728e+01,6.129697e-03,1.119590e+01,9.608772e-01,-1.799403e+02
1445.43977,7.003857e-01,-1.670015e+02,6.191209e-03,1.316182e+01,6.149159e-03,1.122821e+01,9.608860e-01,-1.799346e+02
1584.89319,6.999657e-01,-1.680212e+02,6.212024e-03,1.310035e+01,6.170701e-03,1.134803e+01,9.608967e-01,-1.799283e+02
1737.80083,6.996347e-01,-1.689419e+02,6.235684e-03,1.314055e+01,6.195012e-03,1.155451e+01,9.609094e-01,-1.799215e+02
1905.46072,6.993821e-01,-1.697710e+02,6.262935e-03,1.328028e+01,6.222862e-03,1.184688e+01,9.609248e-01,-1.799140e+02
2089.29613,6.991998e-01,-1.705148e+02,6.294626e-03,1.351748e+01,6.255116e-03,1.222429e+01,9.609431e-01,-1.799058e+02
2290.86765,6.990817e-01,-1.711796e+02,6.331722e-03,1.384990e+01,6.292757e-03,1.268561e+01,9.609652e-01,-1.798968e+02
2511.88643,6.990241e-01,-1.717705e+02,6.375329e-03,1.427491e+01,6.336908e-03,1.322921e+01,9.609916e-01,-1.798870e+02
2754.22870,6.990248e-01,-1.722926e+02,6.426710e-03,1.478920e+01,6.388846e-03,1.385265e+01,9.610233e-01,-1.798763e+02
3019.95172,6.990840e-01,-1.727502e+02,6.487305e-03,1.538841e+01,6.450025e-03,1.455236e+01,9.610613e-01,-1.798646e+02
3311.31121,6.992034e-01,-1.731471e+02,6.558744e-03,1.606678e+01,6.522089e-03,1.532326e+01,9.611068e-01,-1.798519e+02
3630.78055,6.993869e-01,-1.734868e+02,6.642863e-03,1.681670e+01,6.606887e-03,1.615834e+01,9.611612e-01,-1.798380e+02
3981.07171,6.996403e-01,-1.737724e+02,6.741706e-03,1.762833e+01,6.706473e-03,1.704824e+01,9.612263e-01,-1.798229e+02
4365.15832,6.999715e-01,-1.740063e+02,6.857518e-03,1.848912e+01,6.823104e-03,1.798084e+01,9.613040e-01,-1.798065e+02
4786.30092,7.003909e-01,-1.741911e+02,6.992729e-03,1.938347e+01,6.959218e-03,1.894086e+01,9.613967e-01,-1.797887e+02
5248.07460,7.009113e-01,-1.743285e+02,7.149919e-03,2.029246e+01,7.117401e-03,1.990968e+01,9.615071e-01,-1.797695e+02
5754.39937,7.015486e-01,-1.744204e+02,7.331761e-03,2.119375e+01,7.300330e-03,2.086519e+01,9.616383e-01,-1.797488e+02
6309.57344,7.023217e-01,-1.744683e+02,7.540941e-03,2.206165e+01,7.510693e-03,2.178190e+01,9.617939e-01,-1.797266e+02
6918.30971,7.032531e-01,-1.744736e+02,7.780059e-03,2.286750e+01,7.751085e-03,2.263135e+01,9.619779e-01,-1.797028e+02
7585.77575,7.043689e-01,-1.744375e+02,8.051489e-03,2.358022e+01,8.023876e-03,2.338267e+01,9.621949e-01,-1.796775e+02
8317.63771,7.056996e-01,-1.743612e+02,8.357228e-03,2.416721e+01,8.331052e-03,2.400350e+01,9.624499e-01,-1.796506e+02
9120.10839,7.072799e-01,-1.742461e+02,8.698709e-03,2.459537e+01,8.674034e-03,2.446099e+01,9.627482e-01,-1.796224e+02
10000.00000,7.091490e-01,-1.740937e+02,9.076599e-03,2.483227e+01,9.053473e-03,2.472304e+01,9.630954e-01,-1.795930e+02
