! ! 
! S ! 
! ! 
! # MHz  S  MA  R  50.00000
! ! ===================================================================
1.00000,9.930592e-01,-7.489723e-01,1.905928e-03,1.781423e+02,4.705631e-05,8.956421e+01,9.608036e-01,-1.799999e+02
1.09648,9.930562e-01,-8.212292e-01,1.906036e-03,1.779631e+02,5.159591e-05,8.952213e+01,9.608036e-01,-1.799999e+02
1.20226,9.930526e-01,-9.004564e-01,1.906165e-03,1.777666e+02,5.657338e-05,8.947599e+01,9.608036e-01,-1.799999e+02
1.31826,9.930483e-01,-9.873263e-01,1.906320e-03,1.775512e+02,6.203095e-05,8.942541e+01,9.608036e-01,-1.799999e+02
1.44544,9.930430e-01,-1.082576e+00,1.906506e-03,1.773151e+02,6.801487e-05,8.936995e+01,9.608036e-01,-1.799999e+02
1.58489,9.930368e-01,-1.187013e+00,1.906730e-03,1.770562e+02,7.457590e-05,8.930914e+01,9.608036e-01,-1.799999e+02
1.73780,9.930292e-01,-1.301523e+00,1.907000e-03,1.767724e+02,8.176962e-05,8.924247e+01,9.608036e-01,-1.799999e+02
1.90546,9.930201e-01,-1.427078e+00,1.907323e-03,1.764613e+02,8.965699e-05,8.916937e+01,9.608036e-01,-1.799999e+02
2.08930,9.930092e-01,-1.564742e+00,1.907713e-03,1.761204e+02,9.830480e-05,8.908923e+01,9.608036e-01,-1.799999e+02
2.29087,9.929961e-01,-1.715682e+00,1.908180e-03,1.757466e+02,1.077863e-04,8.900136e+01,9.608036e-01,-1.799999e+02
2.51189,9.929804e-01,-1.881177e+00,1.908742e-03,1.753371e+02,1.181816e-04,8.890502e+01,9.608036e-01,-1.799999e+02
2.75423,9.929614e-01,-2.062629e+00,1.909418e-03,1.748882e+02,1.295787e-04,8.879939e+01,9.608036e-01,-1.799998e+02
3.01995,9.929386e-01,-2.261573e+00,1.910230e-03,1.743964e+02,1.420737e-04,8.868358e+01,9.608036e-01,-1.799998e+02
3.31131,9.929112e-01,-2.479695e+00,1.911205e-03,1.738576e+02,1.557723e-04,8.855662e+01,9.608036e-01,-1.799998e+02
3.63078,9.928783e-01,-2.718837e+00,1.912377e-03,1.732673e+02,1.707897e-04,8.841742e+01,9.608036e-01,-1.799998e+02
3.98107,9.928387e-01,-2.981022e+00,1.913784e-03,1.726209e+02,1.872525e-04,8.826482e+01,9.608036e-01,-1.799998e+02
4.36516,9.927912e-01,-3.268462e+00,1.915474e-03,1.719132e+02,2.052989e-04,8.809752e+01,9.608036e-01,-1.799997e+02
4.78630,9.927340e-01,-3.583583e+00,1.917502e-03,1.711384e+02,2.250802e-04,8.791413e+01,9.608036e-01,-1.799997e+02
5.24807,9.926653e-01,-3.929037e+00,1.919938e-03,1.702906e+02,2.467618e-04,8.771309e+01,9.608036e-01,-1.799997e+02
5.75440,9.925828e-01,-4.307730e+00,1.922860e-03,1.693633e+02,2.705245e-04,8.749272e+01,9.608036e-01,-1.799997e+02
6.30957,9.924836e-01,-4.722841e+00,1.926364e-03,1.683495e+02,2.965657e-04,8.725118e+01,9.608036e-01,-1.799996e+02
6.91831,9.923645e-01,-5.177844e+00,1.930565e-03,1.672417e+02,3.251008e-04,8.698646e+01,9.608037e-01,-1.799996e+02
7.58578,9.922214e-01,-5.676539e+00,1.935599e-03,1.660321e+02,3.563644e-04,8.669634e+01,9.608037e-01,-1.799996e+02
8.31764,9.920495e-01,-6.223076e+00,1.941626e-03,1.647123e+02,3.906121e-04,8.637844e+01,9.608037e-01,-1.799995e+02
9.12011,9.918432e-01,-6.821985e+00,1.948836e-03,1.632737e+02,4.281215e-04,8.603014e+01,9.608037e-01,-1.799995e+02
10.00000,9.915955e-01,-7.478207e+00,1.957455e-03,1.617075e+02,4.691941e-04,8.564858e+01,9.608037e-01,-1.799994e+02
10.96478,9.912983e-01,-8.197121e+00,1.967744e-03,1.600044e+02,5.141561e-04,8.523066e+01,9.608038e-01,-1.799994e+02
12.02264,9.909418e-01,-8.984581e+00,1.980011e-03,1.581555e+02,5.633596e-04,8.477303e+01,9.608038e-01,-1.799993e+02
13.18257,9.905143e-01,-9.846945e+00,1.994614e-03,1.561519e+02,6.171836e-04,8.427204e+01,9.608039e-01,-1.799992e+02
14.45440,9.900021e-01,-1.079110e+01,2.011965e-03,1.539852e+02,6.760345e-04,8.372376e+01,9.608039e-01,-1.799992e+02
15.84893,9.893886e-01,-1.182451e+01,2.032538e-03,1.516478e+02,7.403455e-04,8.312395e+01,9.608040e-01,-1.799991e+02
17.37801,9.886546e-01,-1.295519e+01,2.056867e-03,1.491333e+02,8.105758e-04,8.246806e+01,9.608041e-01,-1.799990e+02
19.05461,9.877771e-01,-1.419177e+01,2.085557e-03,1.464367e+02,8.872085e-04,8.175124e+01,9.608042e-01,-1.799989e+02
20.89296,9.867293e-01,-1.554350e+01,2.119275e-03,1.435551e+02,9.707470e-04,8.096834e+01,9.608043e-01,-1.799988e+02
22.90868,9.854798e-01,-1.702020e+01,2.158750e-03,1.404878e+02,1.061709e-03,8.011393e+01,9.608044e-01,-1.799987e+02
25.11886,9.839920e-01,-1.863224e+01,2.204764e-03,1.372368e+02,1.160619e-03,7.918233e+01,9.608046e-01,-1.799985e+02
27.54229,9.822241e-01,-2.039053e+01,2.258139e-03,1.338069e+02,1.267997e-03,7.816768e+01,9.608048e-01,-1.799984e+02
30.19952,9.801279e-01,-2.230637e+01,2.319714e-03,1.302061e+02,1.384344e-03,7.706401e+01,9.608051e-01,-1.799983e+02
33.11311,9.776492e-01,-2.439135e+01,2.390318e-03,1.264451e+02,1.510121e-03,7.586536e+01,9.608053e-01,-1.799981e+02
36.30781,9.747274e-01,-2.665718e+01,2.470736e-03,1.225372e+02,1.645728e-03,7.456591e+01,9.608057e-01,-1.799979e+02
39.81072,9.712962e-01,-2.911539e+01,2.561665e-03,1.184981e+02,1.791471e-03,7.316017e+01,9.608061e-01,-1.799977e+02
43.65158,9.672841e-01,-3.177708e+01,2.663670e-03,1.143450e+02,1.947532e-03,7.164326e+01,9.608065e-01,-1.799975e+02
47.86301,9.626167e-01,-3.465245e+01,2.777126e-03,1.100959e+02,2.113921e-03,7.001111e+01,9.608070e-01,-1.799973e+02
52.48075,9.572190e-01,-3.775038e+01,2.902171e-03,1.057695e+02,2.290440e-03,6.826089e+01,9.608077e-01,-1.799970e+02
57.54399,9.510191e-01,-4.107784e+01,3.038650e-03,1.013842e+02,2.476637e-03,6.639130e+01,9.608083e-01,-1.799968e+02
63.09573,9.439533e-01,-4.463921e+01,3.186067e-03,9.695806e+01,2.671761e-03,6.440302e+01,9.608091e-01,-1.799965e+02
69.18310,9.359718e-01,-4.843568e+01,3.343558e-03,9.250876e+01,2.874733e-03,6.229908e+01,9.608100e-01,-1.799962e+02
75.85776,9.270456e-01,-5.246448e+01,3.509865e-03,8.805357e+01,3.084127e-03,6.008520e+01,9.608110e-01,-1.799958e+02
83.17638,9.171735e-01,-5.671827e+01,3.683346e-03,8.360965e+01,3.298173e-03,5.777013e+01,9.608121e-01,-1.799955e+02
91.20108,9.063886e-01,-6.118460e+01,3.862009e-03,7.919435e+01,3.514787e-03,5.536569e+01,9.608132e-01,-1.799951e+02
100.00000,8.947628e-01,-6.584557e+01,4.043580e-03,7.482538e+01,3.731638e-03,5.288683e+01,9.608145e-01,-1.799947e+02
109.64782,8.824093e-01,-7.067770e+01,4.225593e-03,7.052098e+01,3.946236e-03,5.035131e+01,9.608158e-01,-1.799942e+02
120.22644,8.694809e-01,-7.565221e+01,4.405515e-03,6.629979e+01,4.156052e-03,4.777925e+01,9.608171e-01,-1.799937e+02
131.82567,8.561638e-01,-8.073556e+01,4.580877e-03,6.218059e+01,4.358654e-03,4.519245e+01,9.608185e-01,-1.799932e+02
144.54398,8.426687e-01,-8.589040e+01,4.749410e-03,5.818180e+01,4.551834e-03,4.261353e+01,9.608199e-01,-1.799926e+02
158.48932,8.292170e-01,-9.107672e+01,4.909157e-03,5.432091e+01,4.733725e-03,4.006502e+01,9.608213e-01,-1.799920e+02
173.78008,8.160277e-01,-9.625337e+01,5.058566e-03,5.061385e+01,4.902890e-03,3.756846e+01,9.608227e-01,-1.799913e+02
190.54607,8.033026e-01,-1.013795e+02,5.196535e-03,4.707443e+01,5.058363e-03,3.514358e+01,9.608240e-01,-1.799906e+02
208.92961,7.912154e-01,-1.064161e+02,5.322425e-03,4.371388e+01,5.199655e-03,3.280769e+01,9.608253e-01,-1.799898e+02
229.08677,7.799033e-01,-1.113273e+02,5.436028e-03,4.054061e+01,5.326728e-03,3.057524e+01,9.608266e-01,-1.799889e+02
251.18864,7.694632e-01,-1.160816e+02,5.537521e-03,3.756010e+01,5.439927e-03,2.845767e+01,9.608278e-01,-1.799880e+02
275.42287,7.599513e-01,-1.206524e+02,5.627385e-03,3.477503e+01,5.539911e-03,2.646341e+01,9.608289e-01,-1.799869e+02
301.99517,7.513870e-01,-1.250186e+02,5.706334e-03,3.218547e+01,5.627564e-03,2.459804e+01,9.608300e-01,-1.799857e+02
331.13112,7.437578e-01,-1.291648e+02,5.775239e-03,2.978931e+01,5.703920e-03,2.286465e+01,9.608312e-01,-1.799845e+02
363.07805,7.370264e-01,-1.330806e+02,5.835058e-03,2.758255e+01,5.770094e-03,2.126417e+01,9.608323e-01,-1.799831e+02
398.10717,7.311374e-01,-1.367607e+02,5.886784e-03,2.555980e+01,5.827220e-03,1.979580e+01,9.608335e-01,-1.799815e+02
436.51583,7.260238e-01,-1.402041e+02,5.931403e-03,2.371462e+01,5.876414e-03,1.845740e+01,9.608347e-01,-1.799798e+02
478.63009,7.216125e-01,-1.434134e+02,5.969862e-03,2.203991e+01,5.918741e-03,1.724585e+01,9.608360e-01,-1.799779e+02
524.80746,7.178289e-01,-1.463940e+02,6.003057e-03,2.052823e+01,5.955197e-03,1.615739e+01,9.608375e-01,-1.799759e+02
575.43994,7.145999e-01,-1.491536e+02,6.031816e-03,1.917203e+01,5.986702e-03,1.518790e+01,9.608392e-01,-1.799736e+02
630.95734,7.118563e-01,-1.517017e+02,6.056902e-03,1.796391e+01,6.014100e-03,1.433309e+01,9.608411e-01,-1.799712e+02
691.83097,7.095342e-01,-1.540486e+02,6.079016e-03,1.689676e+01,6.038156e-03,1.358876e+01,9.608433e-01,-1.799684e+02
758.57758,7.075759e-01,-1.562055e+02,6.098798e-03,1.596386e+01,6.059572e-03,1.295085e+01,9.608459e-01,-1.799655e+02
831.76377,7.059298e-01,-1.581837e+02,6.116843e-03,1.515904e+01,6.078992e-03,1.241561e+01,9.608489e-01,-1.799622e+02
912.01084,7.045508e-01,-1.599948e+02,6.133708e-03,1.447665e+01,6.097017e-03,1.197964e+01,9.608526e-01,-1.799586e+02
1000.00000,7.033996e-01,-1.616500e+02,6.149925e-03,1.391167e+01,6.114215e-03,1.163997e+01,9.608569e-01,-1.799546e+02
1096.47820,7.024423e-01,-1.631600e+02,6.166012e-03,1.345963e+01,6.131136e-03,1.139401e+01,9.608620e-01,-1.799503e+02
1202.26443,7.016502e-01,-1.645351e+02,6.182489e-03,1.311669e+01,6.148327e-03,1.123963e+01,9.608682e-01,-1.799456e+02
1318.25674,7.009989e-01,-1.657852e+02,6.199891e-03,1.287954e+01,6.166346e-03,1.117509e+01,9.608756e-01,-1.799404e+02
1445.43977,7.004683e-01,-1.669195e+02,6.218782e-03,1.274537e+01,6.185778e-03,1.119902e+01,9.608844e-01,-1.799347e+02
1584.89319,7.000414e-01,-1.679463e+02,6.239774e-03,1.271177e+01,6.207251e-03,1.131033e+01,9.608950e-01,-1.799284e+02
1737.80083,6.997047e-01,-1.688737e+02,6.263537e-03,1.277669e+01,6.231453e-03,1.150815e+01,9.609077e-01,-1.799216e+02
1905.46072,6.994474e-01,-1.697088e+02,6.290824e-03,1.293824e+01,6.259148e-03,1.179168e+01,9.609230e-01,-1.799141e+02
2089.29613,6.992609e-01,-1.704582e+02,6.322485e-03,1.319459e+01,6.291200e-03,1.216007e+01,9.609413e-01,-1.799059e+02
2290.86765,6.991394e-01,-1.711280e+02,6.359485e-03,1.354373e+01,6.328587e-03,1.261220e+01,9.609633e-01,-1.798970e+02
2511.88643,6.990787e-01,-1.717237e+02,6.402931e-03,1.398326e+01,6.372425e-03,1.314646e+01,9.609896e-01,-1.798872e+02
2754.22870,6.990768e-01,-1.722501e+02,6.454081e-03,1.451006e+01,6.423985e-03,1.376047e+01,9.610212e-01,-1.798765e+02
3019.95172,6.991337e-01,-1.727116e+02,6.514373e-03,1.512002e+01,6.484713e-03,1.445071e+01,9.610591e-01,-1.798648e+02
3311.31121,6.992510e-01,-1.731122e+02,6.585433e-03,1.580761e+01,6.556247e-03,1.521222e+01,9.611044e-01,-1.798521e+02
3630.78055,6.994326e-01,-1.734553e+02,6.669092e-03,1.656548e+01,6.640425e-03,1.603812e+01,9.611586e-01,-1.798383e+02
3981.07171,6.996841e-01,-1.737439e+02,6.767389e-03,1.738402e+01,6.739295e-03,1.691920e+01,9.612235e-01,-1.798232e+02
4365.15832,7.000135e-01,-1.739807e+02,6.882564e-03,1.825096e+01,6.855107e-03,1.784352e+01,9.613009e-01,-1.798068e+02
4786.30092,7.004311e-01,-1.741680e+02,7.017045e-03,1.915100e+01,6.990293e-03,1.879605e+01,9.613933e-01,-1.797891e+02
5248.07460,7.009497e-01,-1.743079e+02,7.173408e-03,2.006549e+01,7.147436e-03,1.975837e+01,9.615033e-01,-1.797699e+02
5754.39937,7.015850e-01,-1.744021e+02,7.354329e-03,2.097236e+01,7.329212e-03,2.070861e+01,9.616340e-01,-1.797493e+02
6309.57344,7.023559e-01,-1.744520e+02,7.562497e-03,2.184620e+01,7.538314e-03,2.162151e+01,9.617891e-01,-1.797270e+02
6918.30971,7.032849e-01,-1.744592e+02,7.800519e-03,2.265855e+01,7.777344e-03,2.246877e+01,9.619725e-01,-1.797033e+02
7585.77575,7.043980e-01,-1.744249e+02,8.070782e-03,2.337854e+01,8.048686e-03,2.321968e+01,9.621888e-01,-1.796780e+02
8317.63771,7.057257e-01,-1.743502e+02,8.375299e-03,2.397368e+01,8.354344e-03,2.384195e+01,9.624430e-01,-1.796512e+02
9120.10839,7.073026e-01,-1.742367e+02,8.715524e-03,2.441093e+01,8.695763e-03,2.430274e+01,9.627404e-01,-1.796230e+02
10000.00000,7.091678e-01,-1.740857e+02,9.092148e-03,2.465786e+01,9.073621e-03,2.456986e+01,9.630866e-01,-1.795936e+02
