! ! 
! S ! 
! ! 
! # MHz  S  MA  R  50.00000
! ! ===================================================================
1.00000,9.929403e-01,-7.579506e-01,1.038467e-01,1.781932e+02,2.342759e-03,8.949299e+01,9.510950e-01,-1.467887e-01
1.09648,9.929366e-01,-8.310734e-01,1.038515e-01,1.780188e+02,2.568767e-03,8.944404e+01,9.510941e-01,-1.609482e-01
1.20226,9.929322e-01,-9.112501e-01,1.038571e-01,1.778277e+02,2.816575e-03,8.939037e+01,9.510931e-01,-1.764739e-01
1.31826,9.929269e-01,-9.991610e-01,1.038640e-01,1.776182e+02,3.088283e-03,8.933153e+01,9.510919e-01,-1.934974e-01
1.44544,9.929206e-01,-1.095552e+00,1.038722e-01,1.773884e+02,3.386197e-03,8.926701e+01,9.510904e-01,-2.121632e-01
1.58489,9.929129e-01,-1.201240e+00,1.038820e-01,1.771366e+02,3.712840e-03,8.919628e+01,9.510886e-01,-2.326296e-01
1.73780,9.929037e-01,-1.317122e+00,1.038939e-01,1.768605e+02,4.070980e-03,8.911872e+01,9.510865e-01,-2.550702e-01
1.90546,9.928927e-01,-1.444181e+00,1.039081e-01,1.765578e+02,4.463652e-03,8.903369e+01,9.510839e-01,-2.796755e-01
2.08930,9.928794e-01,-1.583494e+00,1.039252e-01,1.762261e+02,4.894180e-03,8.894045e+01,9.510808e-01,-3.066539e-01
2.29087,9.928634e-01,-1.736241e+00,1.039458e-01,1.758624e+02,5.366207e-03,8.883823e+01,9.510771e-01,-3.362343e-01
2.51189,9.928442e-01,-1.903716e+00,1.039705e-01,1.754638e+02,5.883726e-03,8.872616e+01,9.510726e-01,-3.686673e-01
2.75423,9.928211e-01,-2.087339e+00,1.040003e-01,1.750270e+02,6.451109e-03,8.860328e+01,9.510672e-01,-4.042277e-01
3.01995,9.927933e-01,-2.288663e+00,1.040360e-01,1.745482e+02,7.073146e-03,8.846856e+01,9.510608e-01,-4.432167e-01
3.31131,9.927600e-01,-2.509392e+00,1.040789e-01,1.740236e+02,7.755085e-03,8.832085e+01,9.510530e-01,-4.859643e-01
3.63078,9.927198e-01,-2.751392e+00,1.041304e-01,1.734489e+02,8.502667e-03,8.815892e+01,9.510437e-01,-5.328323e-01
3.98107,9.926716e-01,-3.016707e+00,1.041924e-01,1.728193e+02,9.322179e-03,8.798139e+01,9.510325e-01,-5.842168e-01
4.36516,9.926137e-01,-3.307577e+00,1.042667e-01,1.721297e+02,1.022050e-02,8.778677e+01,9.510190e-01,-6.405519e-01
4.78630,9.925441e-01,-3.626453e+00,1.043561e-01,1.713747e+02,1.120515e-02,8.757341e+01,9.510028e-01,-7.023132e-01
5.24807,9.924604e-01,-3.976019e+00,1.044633e-01,1.705481e+02,1.228435e-02,8.733953e+01,9.509833e-01,-7.700212e-01
5.75440,9.923598e-01,-4.359214e+00,1.045919e-01,1.696435e+02,1.346708e-02,8.708316e+01,9.509599e-01,-8.442458e-01
6.30957,9.922390e-01,-4.779250e+00,1.047463e-01,1.686539e+02,1.476314e-02,8.680216e+01,9.509318e-01,-9.256108e-01
6.91831,9.920939e-01,-5.239641e+00,1.049314e-01,1.675719e+02,1.618323e-02,8.649418e+01,9.508980e-01,-1.014798e+00
7.58578,9.919196e-01,-5.744227e+00,1.051532e-01,1.663895e+02,1.773897e-02,8.615666e+01,9.508575e-01,-1.112555e+00
8.31764,9.917103e-01,-6.297200e+00,1.054190e-01,1.650981e+02,1.944305e-02,8.578681e+01,9.508088e-01,-1.219696e+00
9.12011,9.914590e-01,-6.903137e+00,1.057371e-01,1.636888e+02,2.130920e-02,8.538157e+01,9.507504e-01,-1.337111e+00
10.00000,9.911573e-01,-7.567025e+00,1.061175e-01,1.621523e+02,2.335234e-02,8.493764e+01,9.506803e-01,-1.465773e+00
10.96478,9.907955e-01,-8.294294e+00,1.065719e-01,1.604789e+02,2.558856e-02,8.445140e+01,9.505962e-01,-1.606740e+00
12.02264,9.903614e-01,-9.090848e+00,1.071141e-01,1.586586e+02,2.803525e-02,8.391894e+01,9.504953e-01,-1.761167e+00
13.18257,9.898412e-01,-9.963095e+00,1.077602e-01,1.566816e+02,3.071105e-02,8.333600e+01,9.503745e-01,-1.930308e+00
14.45440,9.892178e-01,-1.091797e+01,1.085286e-01,1.545381e+02,3.363589e-02,8.269801e+01,9.502298e-01,-2.115525e+00
15.84893,9.884716e-01,-1.196298e+01,1.094408e-01,1.522187e+02,3.683098e-02,8.200002e+01,9.500568e-01,-2.318295e+00
17.37801,9.875790e-01,-1.310619e+01,1.105211e-01,1.497148e+02,4.031868e-02,8.123673e+01,9.498499e-01,-2.540213e+00
19.05461,9.865123e-01,-1.435625e+01,1.117970e-01,1.470188e+02,4.412242e-02,8.040247e+01,9.496028e-01,-2.783000e+00
20.89296,9.852392e-01,-1.572242e+01,1.132990e-01,1.441248e+02,4.826644e-02,7.949120e+01,9.493083e-01,-3.048505e+00
22.90868,9.837219e-01,-1.721452e+01,1.150608e-01,1.410285e+02,5.277547e-02,7.849658e+01,9.489578e-01,-3.338710e+00
25.11886,9.819165e-01,-1.884290e+01,1.171186e-01,1.377281e+02,5.767430e-02,7.741195e+01,9.485413e-01,-3.655725e+00
27.54229,9.797729e-01,-2.061837e+01,1.195108e-01,1.342246e+02,6.298710e-02,7.623040e+01,9.480476e-01,-4.001792e+00
30.19952,9.772337e-01,-2.255213e+01,1.222766e-01,1.305216e+02,6.873668e-02,7.494489e+01,9.474642e-01,-4.379273e+00
33.11311,9.742345e-01,-2.465560e+01,1.254550e-01,1.266259e+02,7.494335e-02,7.354833e+01,9.467768e-01,-4.790645e+00
36.30781,9.707038e-01,-2.694019e+01,1.290829e-01,1.225476e+02,8.162370e-02,7.203376e+01,9.459700e-01,-5.238487e+00
39.81072,9.665639e-01,-2.941713e+01,1.331930e-01,1.182990e+02,8.878900e-02,7.039455e+01,9.450274e-01,-5.725464e+00
43.65158,9.617319e-01,-3.209701e+01,1.378115e-01,1.138954e+02,9.644336e-02,6.862461e+01,9.439320e-01,-6.254309e+00
47.86301,9.561226e-01,-3.498949e+01,1.429548e-01,1.093534e+02,1.045817e-01,6.671874e+01,9.426668e-01,-6.827813e+00
52.48075,9.496513e-01,-3.810272e+01,1.486274e-01,1.046915e+02,1.131876e-01,6.467294e+01,9.412158e-01,-7.448811e+00
57.54399,9.422388e-01,-4.144280e+01,1.548186e-01,9.992839e+01,1.222311e-01,6.248479e+01,9.395653e-01,-8.120187e+00
63.09573,9.338174e-01,-4.501316e+01,1.615007e-01,9.508342e+01,1.316667e-01,6.015382e+01,9.377055e-01,-8.844894e+00
69.18310,9.243382e-01,-4.881388e+01,1.686267e-01,9.017579e+01,1.414325e-01,5.768190e+01,9.356320e-01,-9.626000e+00
75.85776,9.137785e-01,-5.284107e+01,1.761302e-01,8.522454e+01,1.514487e-01,5.507354e+01,9.333475e-01,-1.046678e+01
83.17638,9.021501e-01,-5.708626e+01,1.839255e-01,8.024848e+01,1.616194e-01,5.233609e+01,9.308640e-01,-1.137083e+01
91.20108,8.895060e-01,-6.153595e+01,1.919103e-01,7.526620e+01,1.718338e-01,4.947976e+01,9.282032e-01,-1.234222e+01
100.00000,8.759448e-01,-6.617137e+01,1.999685e-01,7.029609e+01,1.819699e-01,4.651754e+01,9.253977e-01,-1.338575e+01
109.64782,8.616120e-01,-7.096845e+01,2.079757e-01,6.535622e+01,1.918997e-01,4.346476e+01,9.224901e-01,-1.450706e+01
120.22644,8.466963e-01,-7.589817e+01,2.158050e-01,6.046409e+01,2.014950e-01,4.033851e+01,9.195321e-01,-1.571293e+01
131.82567,8.314224e-01,-8.092712e+01,2.233333e-01,5.563629e+01,2.106332e-01,3.715692e+01,9.165814e-01,-1.701139e+01
144.54398,8.160379e-01,-8.601847e+01,2.304468e-01,5.088798e+01,2.192036e-01,3.393819e+01,9.136993e-01,-1.841185e+01
158.48932,8.007991e-01,-9.113310e+01,2.370463e-01,4.623234e+01,2.271119e-01,3.069971e+01,9.109467e-01,-1.992509e+01
173.78008,7.859547e-01,-9.623095e+01,2.430499e-01,4.168002e+01,2.342826e-01,2.745722e+01,9.083813e-01,-2.156318e+01
190.54607,7.717309e-01,-1.012724e+02,2.483947e-01,3.723876e+01,2.406610e-01,2.422406e+01,9.060550e-01,-2.333930e+01
208.92961,7.583197e-01,-1.062198e+02,2.530354e-01,3.291309e+01,2.462112e-01,2.101070e+01,9.040120e-01,-2.526748e+01
229.08677,7.458708e-01,-1.110384e+02,2.569429e-01,2.870431e+01,2.509141e-01,1.782451e+01,9.022887e-01,-2.736225e+01
251.18864,7.344888e-01,-1.156978e+02,2.601003e-01,2.461060e+01,2.547635e-01,1.466972e+01,9.009136e-01,-2.963830e+01
275.42287,7.242339e-01,-1.201722e+02,2.624995e-01,2.062736e+01,2.577621e-01,1.154768e+01,8.999083e-01,-3.210999e+01
301.99517,7.151266e-01,-1.244414e+02,2.641374e-01,1.674770e+01,2.599171e-01,8.457249e+00,8.992892e-01,-3.479094e+01
331.13112,7.071540e-01,-1.284905e+02,2.650125e-01,1.296303e+01,2.612372e-01,5.395331e+00,8.990683e-01,-3.769349e+01
363.07805,7.002771e-01,-1.323097e+02,2.651219e-01,9.263731e+00,2.617289e-01,2.357526e+00,8.992550e-01,-4.082811e+01
398.10717,6.944384e-01,-1.358945e+02,2.644603e-01,5.639898e+00,2.613958e-01,-6.611712e-01,8.998559e-01,-4.420278e+01
436.51583,6.895685e-01,-1.392445e+02,2.630190e-01,2.082051e+00,2.602371e-01,-3.665643e+00,9.008752e-01,-4.782228e+01
478.63009,6.855909e-01,-1.423631e+02,2.607867e-01,-1.418121e+00,2.582485e-01,-6.659918e+00,9.023142e-01,-5.168744e+01
524.80746,6.824265e-01,-1.452571e+02,2.577508e-01,-4.867063e+00,2.554238e-01,-9.646462e+00,9.041695e-01,-5.579442e+01
575.43994,6.799959e-01,-1.479355e+02,2.539006e-01,-8.268718e+00,2.517579e-01,-1.262553e+01,9.064317e-01,-6.013398e+01
630.95734,6.782206e-01,-1.504091e+02,2.492304e-01,-1.162398e+01,2.472497e-01,-1.559462e+01,9.090832e-01,-6.469099e+01
691.83097,6.770242e-01,-1.526900e+02,2.437436e-01,-1.493028e+01,2.419069e-01,-1.854803e+01,9.120963e-01,-6.944406e+01
758.57758,6.763319e-01,-1.547909e+02,2.374568e-01,-1.818140e+01,2.357496e-01,-2.147664e+01,9.154322e-01,-7.436560e+01
831.76377,6.760710e-01,-1.567249e+02,2.304038e-01,-2.136740e+01,2.288142e-01,-2.436788e+01,9.190402e-01,-7.942219e+01
912.01084,6.761709e-01,-1.585044e+02,2.226373e-01,-2.447494e+01,2.211560e-01,-2.720595e+01,9.228589e-01,-8.457547e+01
1000.00000,6.765632e-01,-1.601417e+02,2.142312e-01,-2.748770e+01,2.128504e-01,-2.997231e+01,9.268181e-01,-8.978340e+01
1096.47820,6.771833e-01,-1.616478e+02,2.052787e-01,-3.038714e+01,2.039922e-01,-3.264636e+01,9.308424e-01,-9.500184e+01
1202.26443,6.779708e-01,-1.630331e+02,1.958899e-01,-3.315334e+01,1.946926e-01,-3.520633e+01,9.348554e-01,-1.001864e+02
1318.25674,6.788712e-01,-1.643064e+02,1.861874e-01,-3.576600e+01,1.850746e-01,-3.763018e+01,9.387844e-01,-1.052942e+02
1445.43977,6.798372e-01,-1.654759e+02,1.763003e-01,-3.820531e+01,1.752680e-01,-3.989655e+01,9.425643e-01,-1.102856e+02
1584.89319,6.808290e-01,-1.665485e+02,1.663580e-01,-4.045289e+01,1.654023e-01,-4.198561e+01,9.461412e-01,-1.151256e+02
1737.80083,6.818155e-01,-1.675303e+02,1.564842e-01,-4.249239e+01,1.556015e-01,-4.387972e+01,9.494743e-01,-1.197847e+02
1905.46072,6.827737e-01,-1.684267e+02,1.467924e-01,-4.431003e+01,1.459790e-01,-4.556392e+01,9.525363e-01,-1.242396e+02
2089.29613,6.836882e-01,-1.692424e+02,1.373813e-01,-4.589490e+01,1.366338e-01,-4.702621e+01,9.553130e-01,-1.284728e+02
2290.86765,6.845508e-01,-1.699815e+02,1.283335e-01,-4.723908e+01,1.276483e-01,-4.825771e+01,9.578017e-01,-1.324731e+02
2511.88643,6.853591e-01,-1.706481e+02,1.197143e-01,-4.833765e+01,1.190877e-01,-4.925263e+01,9.600093e-01,-1.362346e+02
2754.22870,6.861155e-01,-1.712456e+02,1.115717e-01,-4.918871e+01,1.110005e-01,-5.000827e+01,9.619495e-01,-1.397558e+02
3019.95172,6.868263e-01,-1.717773e+02,1.039386e-01,-4.979322e+01,1.034192e-01,-5.052495e+01,9.636410e-01,-1.430395e+02
3311.31121,6.875009e-01,-1.722461e+02,9.683358e-02,-5.015509e+01,9.636270e-02,-5.080593e+01,9.651056e-01,-1.460914e+02
3630.78055,6.881509e-01,-1.726548e+02,9.026346e-02,-5.028111e+01,8.983789e-02,-5.085752e+01,9.663660e-01,-1.489195e+02
3981.07171,6.887903e-01,-1.730060e+02,8.422523e-02,-5.018105e+01,8.384183e-02,-5.068904e+01,9.674453e-01,-1.515338e+02
4365.15832,6.894343e-01,-1.733019e+02,7.870788e-02,-4.986781e+01,7.836368e-02,-5.031302e+01,9.683657e-01,-1.539451e+02
4786.30092,6.901002e-01,-1.735445e+02,7.369420e-02,-4.935748e+01,7.338630e-02,-4.974526e+01,9.691477e-01,-1.561653e+02
5248.07460,6.908067e-01,-1.737356e+02,6.916211e-02,-4.866945e+01,6.888776e-02,-4.900492e+01,9.698105e-01,-1.582063e+02
5754.39937,6.915749e-01,-1.738768e+02,6.508594e-02,-4.782642e+01,6.484247e-02,-4.811446e+01,9.703711e-01,-1.600800e+02
6309.57344,6.924279e-01,-1.739696e+02,6.143733e-02,-4.685419e+01,6.122220e-02,-4.709953e+01,9.708447e-01,-1.617982e+02
6918.30971,6.933918e-01,-1.740151e+02,5.818606e-02,-4.578136e+01,5.799682e-02,-4.598853e+01,9.712446e-01,-1.633724e+02
7585.77575,6.944961e-01,-1.740144e+02,5.530067e-02,-4.463875e+01,5.513497e-02,-4.481213e+01,9.715825e-01,-1.648134e+02
8317.63771,6.957741e-01,-1.739685e+02,5.274903e-02,-4.345870e+01,5.260462e-02,-4.360244e+01,9.718685e-01,-1.661316e+02
9120.10839,6.972634e-01,-1.738784e+02,5.049876e-02,-4.227416e+01,5.037351e-02,-4.239218e+01,9.721113e-01,-1.673368e+02
10000.00000,6.990071e-01,-1.737452e+02,4.851769e-02,-4.111775e+01,4.840957e-02,-4.121372e+01,9.723185e-01,-1.684380e+02
