! ! 
! S ! 
! ! 
! # MHz  S  MA  R  50.00000
! ! ===================================================================
1.00000,9.929514e-01,-7.490141e-01,1.909639e-03,1.781451e+02,4.705400e-05,8.956421e+01,9.608036e-01,-1.799999e+02
1.09648,9.929484e-01,-8.212749e-01,1.909746e-03,1.779662e+02,5.159338e-05,8.952213e+01,9.608036e-01,-1.799999e+02
1.20226,9.929448e-01,-9.005066e-01,1.909874e-03,1.777700e+02,5.657061e-05,8.947599e+01,9.608036e-01,-1.799999e+02
1.31826,9.929404e-01,-9.873813e-01,1.910029e-03,1.775549e+02,6.202790e-05,8.942540e+01,9.608036e-01,-1.799999e+02
1.44544,9.929352e-01,-1.082636e+00,1.910215e-03,1.773191e+02,6.801154e-05,8.936994e+01,9.608036e-01,-1.799999e+02
1.58489,9.929289e-01,-1.187079e+00,1.910439e-03,1.770607e+02,7.457224e-05,8.930913e+01,9.608036e-01,-1.799999e+02
1.73780,9.929214e-01,-1.301596e+00,1.910707e-03,1.767773e+02,8.176561e-05,8.924246e+01,9.608036e-01,-1.799999e+02
1.90546,9.929123e-01,-1.427158e+00,1.911030e-03,1.764667e+02,8.965259e-05,8.916937e+01,9.608036e-01,-1.799999e+02
2.08930,9.929014e-01,-1.564830e+00,1.911419e-03,1.761262e+02,9.829998e-05,8.908922e+01,9.608036e-01,-1.799999e+02
2.29087,9.928883e-01,-1.715778e+00,1.911885e-03,1.757531e+02,1.077810e-04,8.900135e+01,9.608036e-01,-1.799999e+02
2.51189,9.928725e-01,-1.881282e+00,1.912446e-03,1.753441e+02,1.181758e-04,8.890501e+01,9.608036e-01,-1.799999e+02
2.75423,9.928536e-01,-2.062744e+00,1.913120e-03,1.748959e+02,1.295723e-04,8.879938e+01,9.608036e-01,-1.799998e+02
3.01995,9.928308e-01,-2.261699e+00,1.913930e-03,1.744049e+02,1.420668e-04,8.868357e+01,9.608036e-01,-1.799998e+02
3.31131,9.928034e-01,-2.479833e+00,1.914903e-03,1.738668e+02,1.557646e-04,8.855661e+01,9.608036e-01,-1.799998e+02
3.63078,9.927705e-01,-2.718989e+00,1.916071e-03,1.732775e+02,1.707814e-04,8.841741e+01,9.608036e-01,-1.799998e+02
3.98107,9.927310e-01,-2.981188e+00,1.917475e-03,1.726320e+02,1.872433e-04,8.826480e+01,9.608036e-01,-1.799998e+02
4.36516,9.926834e-01,-3.268645e+00,1.919161e-03,1.719253e+02,2.052888e-04,8.809751e+01,9.608036e-01,-1.799997e+02
4.78630,9.926263e-01,-3.583783e+00,1.921185e-03,1.711517e+02,2.250691e-04,8.791411e+01,9.608036e-01,-1.799997e+02
5.24807,9.925576e-01,-3.929256e+00,1.923614e-03,1.703052e+02,2.467497e-04,8.771307e+01,9.608036e-01,-1.799997e+02
5.75440,9.924751e-01,-4.307970e+00,1.926529e-03,1.693792e+02,2.705112e-04,8.749270e+01,9.608036e-01,-1.799997e+02
6.30957,9.923760e-01,-4.723104e+00,1.930025e-03,1.683668e+02,2.965512e-04,8.725116e+01,9.608036e-01,-1.799996e+02
6.91831,9.922569e-01,-5.178132e+00,1.934216e-03,1.672606e+02,3.250848e-04,8.698643e+01,9.608037e-01,-1.799996e+02
7.58578,9.921138e-01,-5.676855e+00,1.939238e-03,1.660527e+02,3.563469e-04,8.669631e+01,9.608037e-01,-1.799996e+02
8.31764,9.919420e-01,-6.223422e+00,1.945251e-03,1.647348e+02,3.905929e-04,8.637841e+01,9.608037e-01,-1.799995e+02
9.12011,9.917357e-01,-6.822365e+00,1.952444e-03,1.632982e+02,4.281005e-04,8.603010e+01,9.608037e-01,-1.799995e+02
10.00000,9.914881e-01,-7.478623e+00,1.961042e-03,1.617340e+02,4.691711e-04,8.564854e+01,9.608037e-01,-1.799994e+02
10.96478,9.911910e-01,-8.197577e+00,1.971307e-03,1.600331e+02,5.141309e-04,8.523062e+01,9.608038e-01,-1.799994e+02
12.02264,9.908346e-01,-8.985081e+00,1.983547e-03,1.581866e+02,5.633319e-04,8.477298e+01,9.608038e-01,-1.799993e+02
13.18257,9.904072e-01,-9.847492e+00,1.998117e-03,1.561854e+02,6.171533e-04,8.427199e+01,9.608039e-01,-1.799992e+02
14.45440,9.898952e-01,-1.079170e+01,2.015429e-03,1.540212e+02,6.760013e-04,8.372370e+01,9.608039e-01,-1.799992e+02
15.84893,9.892819e-01,-1.182516e+01,2.035956e-03,1.516864e+02,7.403091e-04,8.312389e+01,9.608040e-01,-1.799991e+02
17.37801,9.885481e-01,-1.295590e+01,2.060233e-03,1.491746e+02,8.105359e-04,8.246799e+01,9.608041e-01,-1.799990e+02
19.05461,9.876709e-01,-1.419256e+01,2.088863e-03,1.464806e+02,8.871649e-04,8.175117e+01,9.608042e-01,-1.799989e+02
20.89296,9.866234e-01,-1.554436e+01,2.122511e-03,1.436015e+02,9.706992e-04,8.096826e+01,9.608043e-01,-1.799988e+02
22.90868,9.853743e-01,-1.702114e+01,2.161907e-03,1.405366e+02,1.061657e-03,8.011384e+01,9.608044e-01,-1.799987e+02
25.11886,9.838870e-01,-1.863327e+01,2.207833e-03,1.372878e+02,1.160562e-03,7.918224e+01,9.608046e-01,-1.799985e+02
27.54229,9.821196e-01,-2.039165e+01,2.261109e-03,1.338598e+02,1.267934e-03,7.816758e+01,9.608048e-01,-1.799984e+02
30.19952,9.800241e-01,-2.230759e+01,2.322575e-03,1.302606e+02,1.384275e-03,7.706390e+01,9.608051e-01,-1.799983e+02
33.11311,9.775462e-01,-2.439269e+01,2.393060e-03,1.265007e+02,1.510046e-03,7.586524e+01,9.608053e-01,-1.799981e+02
36.30781,9.746253e-01,-2.665863e+01,2.473349e-03,1.225936e+02,1.645646e-03,7.456578e+01,9.608057e-01,-1.799979e+02
39.81072,9.711951e-01,-2.911697e+01,2.564140e-03,1.185549e+02,1.791382e-03,7.316003e+01,9.608061e-01,-1.799977e+02
43.65158,9.671842e-01,-3.177879e+01,2.665999e-03,1.144015e+02,1.947434e-03,7.164311e+01,9.608065e-01,-1.799975e+02
47.86301,9.625183e-01,-3.465431e+01,2.779305e-03,1.101518e+02,2.113815e-03,7.001095e+01,9.608070e-01,-1.799973e+02
52.48075,9.571223e-01,-3.775240e+01,2.904194e-03,1.058243e+02,2.290325e-03,6.826072e+01,9.608077e-01,-1.799970e+02
57.54399,9.509245e-01,-4.108001e+01,3.040514e-03,1.014375e+02,2.476512e-03,6.639112e+01,9.608083e-01,-1.799968e+02
63.09573,9.438609e-01,-4.464155e+01,3.187773e-03,9.700947e+01,2.671625e-03,6.440283e+01,9.608091e-01,-1.799965e+02
69.18310,9.358821e-01,-4.843819e+01,3.345105e-03,9.255803e+01,2.874586e-03,6.229887e+01,9.608100e-01,-1.799962e+02
75.85776,9.269588e-01,-5.246716e+01,3.511256e-03,8.810048e+01,3.083969e-03,6.008499e+01,9.608110e-01,-1.799958e+02
83.17638,9.170900e-01,-5.672112e+01,3.684584e-03,8.365407e+01,3.298002e-03,5.776990e+01,9.608121e-01,-1.799955e+02
91.20108,9.063086e-01,-6.118762e+01,3.863102e-03,7.923617e+01,3.514604e-03,5.536546e+01,9.608132e-01,-1.799951e+02
100.00000,8.946868e-01,-6.584874e+01,4.044532e-03,7.486458e+01,3.731442e-03,5.288660e+01,9.608145e-01,-1.799947e+02
109.64782,8.823376e-01,-7.068101e+01,4.226412e-03,7.055758e+01,3.946026e-03,5.035107e+01,9.608158e-01,-1.799942e+02
120.22644,8.694138e-01,-7.565565e+01,4.406209e-03,6.633384e+01,4.155830e-03,4.777902e+01,9.608171e-01,-1.799937e+02
131.82567,8.561015e-01,-8.073912e+01,4.581455e-03,6.221216e+01,4.358419e-03,4.519222e+01,9.608185e-01,-1.799932e+02
144.54398,8.426113e-01,-8.589404e+01,4.749881e-03,5.821100e+01,4.551586e-03,4.261331e+01,9.608199e-01,-1.799926e+02
158.48932,8.291646e-01,-9.108043e+01,4.909531e-03,5.434786e+01,4.733466e-03,4.006481e+01,9.608213e-01,-1.799920e+02
173.78008,8.159802e-01,-9.625710e+01,5.058852e-03,5.063868e+01,4.902620e-03,3.756826e+01,9.608227e-01,-1.799913e+02
190.54607,8.032600e-01,-1.013832e+02,5.196742e-03,4.709726e+01,5.058081e-03,3.514339e+01,9.608240e-01,-1.799906e+02
208.92961,7.911776e-01,-1.064198e+02,5.322561e-03,4.373486e+01,5.199364e-03,3.280751e+01,9.608253e-01,-1.799898e+02
229.08677,7.798700e-01,-1.113309e+02,5.436103e-03,4.055986e+01,5.326428e-03,3.057509e+01,9.608266e-01,-1.799889e+02
251.18864,7.694341e-01,-1.160851e+02,5.537541e-03,3.757775e+01,5.439619e-03,2.845754e+01,9.608278e-01,-1.799880e+02
275.42287,7.599261e-01,-1.206558e+02,5.627357e-03,3.479119e+01,5.539596e-03,2.646330e+01,9.608289e-01,-1.799869e+02
301.99517,7.513654e-01,-1.250219e+02,5.706266e-03,3.220028e+01,5.627242e-03,2.459795e+01,9.608301e-01,-1.799857e+02
331.13112,7.437394e-01,-1.291679e+02,5.775135e-03,2.980286e+01,5.703593e-03,2.286459e+01,9.608312e-01,-1.799845e+02
363.07805,7.370109e-01,-1.330835e+02,5.834924e-03,2.759496e+01,5.769762e-03,2.126413e+01,9.608323e-01,-1.799831e+02
398.10717,7.311244e-01,-1.367635e+02,5.886624e-03,2.557116e+01,5.826884e-03,1.979579e+01,9.608335e-01,-1.799815e+02
436.51583,7.260130e-01,-1.402068e+02,5.931221e-03,2.372501e+01,5.876075e-03,1.845741e+01,9.608347e-01,-1.799798e+02
478.63009,7.216036e-01,-1.434159e+02,5.969662e-03,2.204943e+01,5.918398e-03,1.724589e+01,9.608360e-01,-1.799779e+02
524.80746,7.178217e-01,-1.463963e+02,6.002841e-03,2.053694e+01,5.954852e-03,1.615746e+01,9.608375e-01,-1.799759e+02
575.43994,7.145941e-01,-1.491558e+02,6.031587e-03,1.918001e+01,5.986355e-03,1.518799e+01,9.608392e-01,-1.799736e+02
630.95734,7.118518e-01,-1.517037e+02,6.056662e-03,1.797123e+01,6.013751e-03,1.433322e+01,9.608411e-01,-1.799712e+02
691.83097,7.095307e-01,-1.540504e+02,6.078766e-03,1.690347e+01,6.037805e-03,1.358891e+01,9.608433e-01,-1.799684e+02
758.57758,7.075733e-01,-1.562071e+02,6.098541e-03,1.597003e+01,6.059220e-03,1.295104e+01,9.608459e-01,-1.799655e+02
831.76377,7.059280e-01,-1.581853e+02,6.116580e-03,1.516470e+01,6.078640e-03,1.241583e+01,9.608489e-01,-1.799622e+02
912.01084,7.045496e-01,-1.599963e+02,6.133440e-03,1.448187e+01,6.096665e-03,1.197991e+01,9.608526e-01,-1.799586e+02
1000.00000,7.033988e-01,-1.616513e+02,6.149652e-03,1.391647e+01,6.113862e-03,1.164027e+01,9.608569e-01,-1.799546e+02
1096.47820,7.024420e-01,-1.631612e+02,6.165736e-03,1.346407e+01,6.130783e-03,1.139435e+01,9.608620e-01,-1.799503e+02
1202.26443,7.016503e-01,-1.645362e+02,6.182210e-03,1.312080e+01,6.147974e-03,1.124001e+01,9.608682e-01,-1.799456e+02
1318.25674,7.009993e-01,-1.657863e+02,6.199610e-03,1.288335e+01,6.165994e-03,1.117552e+01,9.608756e-01,-1.799404e+02
1445.43977,7.004690e-01,-1.669204e+02,6.218500e-03,1.274891e+01,6.185426e-03,1.119950e+01,9.608844e-01,-1.799347e+02
1584.89319,7.000423e-01,-1.679472e+02,6.239491e-03,1.271508e+01,6.206900e-03,1.131086e+01,9.608950e-01,-1.799284e+02
1737.80083,6.997058e-01,-1.688744e+02,6.263254e-03,1.277978e+01,6.231102e-03,1.150873e+01,9.609077e-01,-1.799216e+02
1905.46072,6.994486e-01,-1.697095e+02,6.290541e-03,1.294115e+01,6.258799e-03,1.179232e+01,9.609230e-01,-1.799141e+02
2089.29613,6.992623e-01,-1.704589e+02,6.322202e-03,1.319734e+01,6.290852e-03,1.216077e+01,9.609413e-01,-1.799059e+02
2290.86765,6.991408e-01,-1.711286e+02,6.359203e-03,1.354634e+01,6.328242e-03,1.261297e+01,9.609633e-01,-1.798970e+02
2511.88643,6.990802e-01,-1.717243e+02,6.402649e-03,1.398574e+01,6.372082e-03,1.314729e+01,9.609896e-01,-1.798872e+02
2754.22870,6.990784e-01,-1.722506e+02,6.453802e-03,1.451244e+01,6.423645e-03,1.376137e+01,9.610212e-01,-1.798765e+02
3019.95172,6.991354e-01,-1.727121e+02,6.514096e-03,1.512231e+01,6.484376e-03,1.445168e+01,9.610591e-01,-1.798648e+02
3311.31121,6.992528e-01,-1.731126e+02,6.585159e-03,1.580982e+01,6.555914e-03,1.521326e+01,9.611044e-01,-1.798521e+02
3630.78055,6.994344e-01,-1.734556e+02,6.668822e-03,1.656762e+01,6.640097e-03,1.603923e+01,9.611587e-01,-1.798383e+02
3981.07171,6.996859e-01,-1.737442e+02,6.767122e-03,1.738611e+01,6.738972e-03,1.692037e+01,9.612235e-01,-1.798232e+02
4365.15832,7.000154e-01,-1.739810e+02,6.882302e-03,1.825300e+01,6.854790e-03,1.784476e+01,9.613009e-01,-1.798068e+02
4786.30092,7.004329e-01,-1.741683e+02,7.016788e-03,1.915299e+01,6.989983e-03,1.879735e+01,9.613933e-01,-1.797891e+02
5248.07460,7.009515e-01,-1.743082e+02,7.173157e-03,2.006744e+01,7.147133e-03,1.975972e+01,9.615033e-01,-1.797699e+02
5754.39937,7.015869e-01,-1.744023e+02,7.354084e-03,2.097427e+01,7.328918e-03,2.071000e+01,9.616341e-01,-1.797492e+02
6309.57344,7.023578e-01,-1.744523e+02,7.562259e-03,2.184806e+01,7.538028e-03,2.162293e+01,9.617891e-01,-1.797270e+02
6918.30971,7.032868e-01,-1.744594e+02,7.800289e-03,2.266036e+01,7.777068e-03,2.247021e+01,9.619726e-01,-1.797033e+02
7585.77575,7.043999e-01,-1.744251e+02,8.070560e-03,2.338029e+01,8.048420e-03,2.322112e+01,9.621889e-01,-1.796780e+02
8317.63771,7.057276e-01,-1.743504e+02,8.375085e-03,2.397537e+01,8.354089e-03,2.384338e+01,9.624431e-01,-1.796512e+02
9120.10839,7.073045e-01,-1.742369e+02,8.715318e-03,2.441254e+01,8.695518e-03,2.430414e+01,9.627404e-01,-1.796230e+02
10000.00000,7.091697e-01,-1.740859e+02,9.091951e-03,2.465939e+01,9.073387e-03,2.457122e+01,9.630866e-01,-1.795936e+02
