! ! 
! S ! 
! ! 
! # MHz  S  MA  R  50.00000
! ! ===================================================================
1.00000,9.928195e-01,-7.605885e-01,1.133802e-01,1.783001e+02,2.343183e-03,8.949147e+01,9.510838e-01,-1.476155e-01
1.09648,9.928159e-01,-8.339658e-01,1.133844e-01,1.781361e+02,2.569232e-03,8.944237e+01,9.510830e-01,-1.618548e-01
1.20226,9.928114e-01,-9.144215e-01,1.133894e-01,1.779563e+02,2.817085e-03,8.938854e+01,9.510819e-01,-1.774679e-01
1.31826,9.928061e-01,-1.002638e+00,1.133955e-01,1.777591e+02,3.088842e-03,8.932952e+01,9.510807e-01,-1.945873e-01
1.44544,9.927997e-01,-1.099364e+00,1.134028e-01,1.775429e+02,3.386809e-03,8.926481e+01,9.510791e-01,-2.133582e-01
1.58489,9.927920e-01,-1.205420e+00,1.134116e-01,1.773060e+02,3.713511e-03,8.919386e+01,9.510773e-01,-2.339398e-01
1.73780,9.927827e-01,-1.321706e+00,1.134221e-01,1.770462e+02,4.071716e-03,8.911607e+01,9.510751e-01,-2.565069e-01
1.90546,9.927716e-01,-1.449207e+00,1.134348e-01,1.767614e+02,4.464458e-03,8.903078e+01,9.510725e-01,-2.812506e-01
2.08930,9.927582e-01,-1.589004e+00,1.134501e-01,1.764492e+02,4.895063e-03,8.893726e+01,9.510693e-01,-3.083810e-01
2.29087,9.927421e-01,-1.742282e+00,1.134684e-01,1.761069e+02,5.367175e-03,8.883473e+01,9.510655e-01,-3.381278e-01
2.51189,9.927228e-01,-1.910341e+00,1.134905e-01,1.757318e+02,5.884785e-03,8.872232e+01,9.510609e-01,-3.707434e-01
2.75423,9.926996e-01,-2.094602e+00,1.135169e-01,1.753206e+02,6.452269e-03,8.859907e+01,9.510554e-01,-4.065039e-01
3.01995,9.926716e-01,-2.296626e+00,1.135488e-01,1.748700e+02,7.074416e-03,8.846395e+01,9.510488e-01,-4.457122e-01
3.31131,9.926381e-01,-2.518122e+00,1.135870e-01,1.743761e+02,7.756473e-03,8.831580e+01,9.510408e-01,-4.887003e-01
3.63078,9.925977e-01,-2.760964e+00,1.136329e-01,1.738350e+02,8.504185e-03,8.815338e+01,9.510312e-01,-5.358317e-01
3.98107,9.925492e-01,-3.027201e+00,1.136881e-01,1.732421e+02,9.323839e-03,8.797532e+01,9.510197e-01,-5.875051e-01
4.36516,9.924909e-01,-3.319081e+00,1.137544e-01,1.725926e+02,1.022231e-02,8.778011e+01,9.510059e-01,-6.441567e-01
4.78630,9.924208e-01,-3.639065e+00,1.138341e-01,1.718812e+02,1.120713e-02,8.756611e+01,9.509893e-01,-7.062647e-01
5.24807,9.923366e-01,-3.989845e+00,1.139297e-01,1.711023e+02,1.228650e-02,8.733153e+01,9.509694e-01,-7.743526e-01
5.75440,9.922354e-01,-4.374369e+00,1.140444e-01,1.702496e+02,1.346943e-02,8.707439e+01,9.509454e-01,-8.489933e-01
6.30957,9.921139e-01,-4.795862e+00,1.141821e-01,1.693164e+02,1.476569e-02,8.679255e+01,9.509166e-01,-9.308140e-01
6.91831,9.919678e-01,-5.257848e+00,1.143473e-01,1.682956e+02,1.618599e-02,8.648365e+01,9.508820e-01,-1.020501e+00
7.58578,9.917924e-01,-5.764181e+00,1.145453e-01,1.671794e+02,1.774197e-02,8.614512e+01,9.508404e-01,-1.118803e+00
8.31764,9.915818e-01,-6.319067e+00,1.147826e-01,1.659595e+02,1.944628e-02,8.577416e+01,9.507905e-01,-1.226541e+00
9.12011,9.913289e-01,-6.927098e+00,1.150668e-01,1.646273e+02,2.131268e-02,8.536772e+01,9.507307e-01,-1.344610e+00
10.00000,9.910254e-01,-7.593275e+00,1.154069e-01,1.631734e+02,2.335607e-02,8.492247e+01,9.506588e-01,-1.473986e+00
10.96478,9.906613e-01,-8.323048e+00,1.158134e-01,1.615882e+02,2.559255e-02,8.443479e+01,9.505726e-01,-1.615734e+00
12.02264,9.902246e-01,-9.122339e+00,1.162989e-01,1.598617e+02,2.803947e-02,8.390075e+01,9.504693e-01,-1.771013e+00
13.18257,9.897011e-01,-9.997575e+00,1.168778e-01,1.579837e+02,3.071548e-02,8.331610e+01,9.503455e-01,-1.941083e+00
14.45440,9.890740e-01,-1.095572e+01,1.175672e-01,1.559440e+02,3.364049e-02,8.267624e+01,9.501972e-01,-2.127313e+00
15.84893,9.883232e-01,-1.200428e+01,1.183866e-01,1.537323e+02,3.683569e-02,8.197621e+01,9.500199e-01,-2.331184e+00
17.37801,9.874251e-01,-1.315136e+01,1.193585e-01,1.513391e+02,4.032340e-02,8.121071e+01,9.498079e-01,-2.554298e+00
19.05461,9.863520e-01,-1.440564e+01,1.205083e-01,1.487553e+02,4.412703e-02,8.037404e+01,9.495548e-01,-2.798383e+00
20.89296,9.850713e-01,-1.577638e+01,1.218645e-01,1.459732e+02,4.827075e-02,7.946018e+01,9.492530e-01,-3.065293e+00
22.90868,9.835449e-01,-1.727344e+01,1.234589e-01,1.429865e+02,5.277924e-02,7.846276e+01,9.488939e-01,-3.357013e+00
25.11886,9.817290e-01,-1.890717e+01,1.253258e-01,1.397909e+02,5.767718e-02,7.737511e+01,9.484672e-01,-3.675658e+00
27.54229,9.795730e-01,-2.068842e+01,1.275020e-01,1.363845e+02,6.298866e-02,7.619032e+01,9.479615e-01,-4.023472e+00
30.19952,9.770193e-01,-2.262839e+01,1.300258e-01,1.327681e+02,6.873631e-02,7.490136e+01,9.473639e-01,-4.402818e+00
33.11311,9.740034e-01,-2.473850e+01,1.329355e-01,1.289456e+02,7.494031e-02,7.350115e+01,9.466599e-01,-4.816169e+00
36.30781,9.704535e-01,-2.703017e+01,1.362683e-01,1.249242e+02,8.161701e-02,7.198272e+01,9.458338e-01,-5.266097e+00
39.81072,9.662918e-01,-2.951460e+01,1.400579e-01,1.207141e+02,8.877744e-02,7.033946e+01,9.448687e-01,-5.755257e+00
43.65158,9.614352e-01,-3.220238e+01,1.443321e-01,1.163288e+02,9.642539e-02,6.856534e+01,9.437474e-01,-6.286368e+00
47.86301,9.557986e-01,-3.510310e+01,1.491102e-01,1.117842e+02,1.045554e-01,6.665518e+01,9.424525e-01,-6.862197e+00
52.48075,9.492972e-01,-3.822485e+01,1.543998e-01,1.070985e+02,1.131508e-01,6.460504e+01,9.409678e-01,-7.485553e+00
57.54399,9.418525e-01,-4.157365e+01,1.601942e-01,1.022915e+02,1.221810e-01,6.241258e+01,9.392795e-01,-8.159284e+00
63.09573,9.333972e-01,-4.515282e+01,1.664698e-01,9.738412e+01,1.316003e-01,6.007741e+01,9.373776e-01,-8.886303e+00
69.18310,9.238833e-01,-4.896230e+01,1.731843e-01,9.239794e+01,1.413461e-01,5.760150e+01,9.352579e-01,-9.669634e+00
75.85776,9.132891e-01,-5.299804e+01,1.802757e-01,8.735478e+01,1.513385e-01,5.498946e+01,9.329235e-01,-1.051250e+01
83.17638,9.016281e-01,-5.725138e+01,1.876629e-01,8.227646e+01,1.614813e-01,5.224876e+01,9.303868e-01,-1.141845e+01
91.20108,8.889546e-01,-6.170865e+01,1.952474e-01,7.718464e+01,1.716635e-01,4.938974e+01,9.276702e-01,-1.239153e+01
100.00000,8.753689e-01,-6.635085e+01,2.029172e-01,7.210057e+01,1.817633e-01,4.642548e+01,9.248072e-01,-1.343647e+01
109.64782,8.610182e-01,-7.115375e+01,2.105513e-01,6.704494e+01,1.916532e-01,4.337138e+01,9.218417e-01,-1.455892e+01
120.22644,8.460926e-01,-7.608812e+01,2.180257e-01,6.203753e+01,2.012052e-01,4.024463e+01,9.188262e-01,-1.576562e+01
131.82567,8.308176e-01,-8.112042e+01,2.252197e-01,5.709675e+01,2.102979e-01,3.706335e+01,9.158199e-01,-1.706464e+01
144.54398,8.154415e-01,-8.621370e+01,2.320216e-01,5.223922e+01,2.188212e-01,3.384576e+01,9.128849e-01,-1.846538e+01
158.48932,8.002202e-01,-9.132877e+01,2.383335e-01,4.747915e+01,2.266819e-01,3.060923e+01,9.100834e-01,-1.997868e+01
173.78008,7.854018e-01,-9.642556e+01,2.440745e-01,4.282793e+01,2.338059e-01,2.736940e+01,9.074738e-01,-2.161664e+01
190.54607,7.712112e-01,-1.014645e+02,2.491817e-01,3.829372e+01,2.401391e-01,2.413955e+01,9.051085e-01,-2.339251e+01
208.92961,7.578389e-01,-1.064080e+02,2.536097e-01,3.388126e+01,2.456467e-01,2.093003e+01,9.030324e-01,-2.532036e+01
229.08677,7.454327e-01,-1.112215e+02,2.573285e-01,2.959185e+01,2.503103e-01,1.774810e+01,9.012820e-01,-2.741479e+01
251.18864,7.340955e-01,-1.158747e+02,2.603202e-01,2.542354e+01,2.541243e-01,1.459789e+01,8.998858e-01,-2.969052e+01
275.42287,7.238859e-01,-1.203421e+02,2.625754e-01,2.137152e+01,2.570916e-01,1.148065e+01,8.988658e-01,-3.216196e+01
301.99517,7.148230e-01,-1.246036e+02,2.640894e-01,1.742862e+01,2.592200e-01,8.395136e+00,8.982382e-01,-3.484275e+01
331.13112,7.068926e-01,-1.286444e+02,2.648587e-01,1.358593e+01,2.605179e-01,5.338181e+00,8.980152e-01,-3.774525e+01
363.07805,7.000550e-01,-1.324551e+02,2.648791e-01,9.833502e+00,2.609922e-01,2.305322e+00,8.982058e-01,-4.087994e+01
398.10717,6.942523e-01,-1.360312e+02,2.641434e-01,6.161091e+00,2.606462e-01,-7.084938e-01,8.988168e-01,-4.425478e+01
436.51583,6.894145e-01,-1.393726e+02,2.626416e-01,2.558885e+00,2.594790e-01,-3.708184e+00,8.998524e-01,-4.787455e+01
478.63009,6.854653e-01,-1.424828e+02,2.603607e-01,-9.817459e-01,2.574863e-01,-6.697798e+00,9.013137e-01,-5.174003e+01
524.80746,6.823256e-01,-1.453686e+02,2.572871e-01,-4.467550e+00,2.546618e-01,-9.679815e+00,9.031973e-01,-5.584735e+01
575.43994,6.799161e-01,-1.480390e+02,2.534087e-01,-7.902753e+00,2.510001e-01,-1.265449e+01,9.054934e-01,-6.018724e+01
630.95734,6.781586e-01,-1.505051e+02,2.487189e-01,-1.128851e+01,2.465002e-01,-1.561932e+01,9.081843e-01,-6.474449e+01
691.83097,6.769769e-01,-1.527788e+02,2.432201e-01,-1.462251e+01,2.411694e-01,-1.856860e+01,9.112418e-01,-6.949768e+01
758.57758,6.762967e-01,-1.548730e+02,2.369282e-01,-1.789874e+01,2.350277e-01,-2.149318e+01,9.146264e-01,-7.441915e+01
831.76377,6.760456e-01,-1.568006e+02,2.298760e-01,-2.110749e+01,2.281112e-01,-2.438048e+01,9.182868e-01,-7.947545e+01
912.01084,6.761531e-01,-1.585743e+02,2.221157e-01,-2.423558e+01,2.204751e-01,-2.721469e+01,9.221605e-01,-8.462818e+01
1000.00000,6.765514e-01,-1.602060e+02,2.137202e-01,-2.726689e+01,2.121943e-01,-2.997725e+01,9.261764e-01,-8.983527e+01
1096.47820,6.771760e-01,-1.617070e+02,2.047822e-01,-3.018302e+01,2.033633e-01,-3.264753e+01,9.302579e-01,-9.505259e+01
1202.26443,6.779669e-01,-1.630874e+02,1.954112e-01,-3.296420e+01,1.940927e-01,-3.520374e+01,9.343277e-01,-1.002357e+02
1318.25674,6.788697e-01,-1.643563e+02,1.857290e-01,-3.559026e+01,1.845054e-01,-3.762382e+01,9.383119e-01,-1.053419e+02
1445.43977,6.798373e-01,-1.655217e+02,1.758641e-01,-3.804153e+01,1.747304e-01,-3.988640e+01,9.421447e-01,-1.103314e+02
1584.89319,6.808302e-01,-1.665905e+02,1.659453e-01,-4.029971e+01,1.648969e-01,-4.197163e+01,9.457715e-01,-1.151694e+02
1737.80083,6.818174e-01,-1.675688e+02,1.560960e-01,-4.234857e+01,1.551286e-01,-4.386186e+01,9.491508e-01,-1.198263e+02
1905.46072,6.827759e-01,-1.684619e+02,1.464289e-01,-4.417442e+01,1.455382e-01,-4.554211e+01,9.522551e-01,-1.242788e+02
2089.29613,6.836905e-01,-1.692746e+02,1.370426e-01,-4.576645e+01,1.362245e-01,-4.700037e+01,9.550700e-01,-1.285097e+02
2290.86765,6.845532e-01,-1.700110e+02,1.280192e-01,-4.711680e+01,1.272697e-01,-4.822777e+01,9.575930e-01,-1.325077e+02
2511.88643,6.853613e-01,-1.706750e+02,1.194237e-01,-4.822068e+01,1.187388e-01,-4.921853e+01,9.598307e-01,-1.362668e+02
2754.22870,6.861176e-01,-1.712701e+02,1.113041e-01,-4.907622e+01,1.106799e-01,-4.996996e+01,9.617974e-01,-1.397858e+02
3019.95172,6.868283e-01,-1.717996e+02,1.036929e-01,-4.968452e+01,1.031255e-01,-5.048239e+01,9.635120e-01,-1.430673e+02
3311.31121,6.875027e-01,-1.722665e+02,9.660867e-02,-5.004955e+01,9.609450e-02,-5.075914e+01,9.649964e-01,-1.461171e+02
3630.78055,6.881527e-01,-1.726734e+02,9.005822e-02,-5.017819e+01,8.959365e-02,-5.080656e+01,9.662740e-01,-1.489432e+02
3981.07171,6.887920e-01,-1.730229e+02,8.403845e-02,-5.008032e+01,8.362005e-02,-5.063403e+01,9.673679e-01,-1.515556e+02
4365.15832,6.894360e-01,-1.733172e+02,7.853838e-02,-4.976895e+01,7.816283e-02,-5.025415e+01,9.683007e-01,-1.539653e+02
4786.30092,6.901019e-01,-1.735583e+02,7.354076e-02,-4.926026e+01,7.320490e-02,-4.968281e+01,9.690933e-01,-1.561838e+02
5248.07460,6.908086e-01,-1.737482e+02,6.902356e-02,-4.857377e+01,6.872434e-02,-4.893924e+01,9.697650e-01,-1.582232e+02
5754.39937,6.915769e-01,-1.738882e+02,6.496110e-02,-4.773227e+01,6.469562e-02,-4.804601e+01,9.703331e-01,-1.600955e+02
6309.57344,6.924302e-01,-1.739799e+02,6.132508e-02,-4.676167e+01,6.109055e-02,-4.702883e+01,9.708130e-01,-1.618125e+02
6918.30971,6.933945e-01,-1.740243e+02,5.808531e-02,-4.569065e+01,5.787904e-02,-4.591621e+01,9.712182e-01,-1.633854e+02
7585.77575,6.944992e-01,-1.740227e+02,5.521038e-02,-4.455012e+01,5.502979e-02,-4.473884e+01,9.715606e-01,-1.648253e+02
8317.63771,6.957777e-01,-1.739759e+02,5.266817e-02,-4.337246e+01,5.251082e-02,-4.352887e+01,9.718503e-01,-1.661425e+02
9120.10839,6.972677e-01,-1.738850e+02,5.042637e-02,-4.219064e+01,5.028991e-02,-4.231904e+01,9.720962e-01,-1.673467e+02
10000.00000,6.990122e-01,-1.737511e+02,4.845287e-02,-4.103729e+01,4.833508e-02,-4.114167e+01,9.723060e-01,-1.684471e+02
