! ! 
! S ! 
! ! 
! # MHz  S  MA  R  50.00000
! ! ===================================================================
1.00000,9.928227e-01,-7.528859e-01,2.277972e-03,1.783708e+02,4.707071e-05,8.956199e+01,9.608041e-01,-1.799999e+02
1.09648,9.928197e-01,-8.255203e-01,2.278057e-03,1.782136e+02,5.161170e-05,8.951969e+01,9.608041e-01,-1.799999e+02
1.20226,9.928160e-01,-9.051615e-01,2.278161e-03,1.780413e+02,5.659069e-05,8.947332e+01,9.608041e-01,-1.799999e+02
1.31826,9.928116e-01,-9.924852e-01,2.278285e-03,1.778523e+02,6.204992e-05,8.942247e+01,9.608041e-01,-1.799999e+02
1.44544,9.928064e-01,-1.088232e+00,2.278434e-03,1.776451e+02,6.803567e-05,8.936673e+01,9.608041e-01,-1.799999e+02
1.58489,9.928000e-01,-1.193215e+00,2.278613e-03,1.774180e+02,7.459869e-05,8.930561e+01,9.608041e-01,-1.799999e+02
1.73780,9.927924e-01,-1.308324e+00,2.278828e-03,1.771690e+02,8.179460e-05,8.923860e+01,9.608041e-01,-1.799999e+02
1.90546,9.927832e-01,-1.434535e+00,2.279087e-03,1.768961e+02,8.968436e-05,8.916513e+01,9.608042e-01,-1.799999e+02
2.08930,9.927722e-01,-1.572918e+00,2.279399e-03,1.765969e+02,9.833480e-05,8.908457e+01,9.608042e-01,-1.799999e+02
2.29087,9.927590e-01,-1.724646e+00,2.279773e-03,1.762689e+02,1.078191e-04,8.899626e+01,9.608042e-01,-1.799999e+02
2.51189,9.927431e-01,-1.891005e+00,2.280223e-03,1.759093e+02,1.182176e-04,8.889942e+01,9.608042e-01,-1.799999e+02
2.75423,9.927239e-01,-2.073404e+00,2.280763e-03,1.755153e+02,1.296181e-04,8.879326e+01,9.608042e-01,-1.799998e+02
3.01995,9.927009e-01,-2.273388e+00,2.281413e-03,1.750834e+02,1.421169e-04,8.867686e+01,9.608042e-01,-1.799998e+02
3.31131,9.926733e-01,-2.492648e+00,2.282194e-03,1.746102e+02,1.558195e-04,8.854924e+01,9.608042e-01,-1.799998e+02
3.63078,9.926400e-01,-2.733038e+00,2.283132e-03,1.740916e+02,1.708414e-04,8.840934e+01,9.608042e-01,-1.799998e+02
3.98107,9.926001e-01,-2.996591e+00,2.284259e-03,1.735234e+02,1.873090e-04,8.825595e+01,9.608042e-01,-1.799998e+02
4.36516,9.925521e-01,-3.285531e+00,2.285612e-03,1.729011e+02,2.053606e-04,8.808780e+01,9.608042e-01,-1.799997e+02
4.78630,9.924944e-01,-3.602295e+00,2.287238e-03,1.722195e+02,2.251476e-04,8.790347e+01,9.608042e-01,-1.799997e+02
5.24807,9.924250e-01,-3.949550e+00,2.289190e-03,1.714731e+02,2.468353e-04,8.770141e+01,9.608042e-01,-1.799997e+02
5.75440,9.923417e-01,-4.330217e+00,2.291533e-03,1.706562e+02,2.706047e-04,8.747992e+01,9.608042e-01,-1.799997e+02
6.30957,9.922415e-01,-4.747489e+00,2.294345e-03,1.697622e+02,2.966530e-04,8.723715e+01,9.608042e-01,-1.799996e+02
6.91831,9.921213e-01,-5.204860e+00,2.297718e-03,1.687843e+02,3.251957e-04,8.697108e+01,9.608042e-01,-1.799996e+02
7.58578,9.919768e-01,-5.706148e+00,2.301762e-03,1.677151e+02,3.564674e-04,8.667949e+01,9.608042e-01,-1.799996e+02
8.31764,9.918033e-01,-6.255524e+00,2.306609e-03,1.665468e+02,3.907236e-04,8.635997e+01,9.608043e-01,-1.799995e+02
9.12011,9.915949e-01,-6.857541e+00,2.312414e-03,1.652711e+02,4.282419e-04,8.600990e+01,9.608043e-01,-1.799995e+02
10.00000,9.913449e-01,-7.517162e+00,2.319361e-03,1.638791e+02,4.693237e-04,8.562641e+01,9.608043e-01,-1.799994e+02
10.96478,9.910448e-01,-8.239795e+00,2.327668e-03,1.623617e+02,5.142950e-04,8.520639e+01,9.608044e-01,-1.799994e+02
12.02264,9.906849e-01,-9.031319e+00,2.337590e-03,1.607095e+02,5.635076e-04,8.474646e+01,9.608044e-01,-1.799993e+02
13.18257,9.902533e-01,-9.898123e+00,2.349425e-03,1.589128e+02,6.173405e-04,8.424295e+01,9.608045e-01,-1.799992e+02
14.45440,9.897362e-01,-1.084713e+01,2.363523e-03,1.569621e+02,6.761992e-04,8.369193e+01,9.608045e-01,-1.799992e+02
15.84893,9.891170e-01,-1.188582e+01,2.380285e-03,1.548478e+02,7.405166e-04,8.308913e+01,9.608046e-01,-1.799991e+02
17.37801,9.883761e-01,-1.302225e+01,2.400174e-03,1.525611e+02,8.107510e-04,8.243000e+01,9.608047e-01,-1.799990e+02
19.05461,9.874904e-01,-1.426511e+01,2.423716e-03,1.500939e+02,8.873844e-04,8.170966e+01,9.608048e-01,-1.799989e+02
20.89296,9.864328e-01,-1.562364e+01,2.451502e-03,1.474392e+02,9.709187e-04,8.092295e+01,9.608049e-01,-1.799988e+02
22.90868,9.851718e-01,-1.710772e+01,2.484191e-03,1.445916e+02,1.061870e-03,8.006442e+01,9.608051e-01,-1.799987e+02
25.11886,9.836706e-01,-1.872774e+01,2.522501e-03,1.415478e+02,1.160760e-03,7.912837e+01,9.608052e-01,-1.799985e+02
27.54229,9.818868e-01,-2.049465e+01,2.567204e-03,1.383069e+02,1.268105e-03,7.810895e+01,9.608055e-01,-1.799984e+02
30.19952,9.797721e-01,-2.241975e+01,2.619110e-03,1.348708e+02,1.384403e-03,7.700019e+01,9.608057e-01,-1.799982e+02
33.11311,9.772719e-01,-2.451467e+01,2.679042e-03,1.312446e+02,1.510110e-03,7.579611e+01,9.608060e-01,-1.799981e+02
36.30781,9.743253e-01,-2.679109e+01,2.747807e-03,1.274366e+02,1.645619e-03,7.449091e+01,9.608063e-01,-1.799979e+02
39.81072,9.708657e-01,-2.926054e+01,2.826157e-03,1.234581e+02,1.791230e-03,7.307916e+01,9.608068e-01,-1.799977e+02
43.65158,9.668216e-01,-3.193407e+01,2.914739e-03,1.193238e+02,1.947114e-03,7.155597e+01,9.608072e-01,-1.799975e+02
47.86301,9.621184e-01,-3.482184e+01,3.014044e-03,1.150507e+02,2.113271e-03,6.991736e+01,9.608078e-01,-1.799973e+02
52.48075,9.566812e-01,-3.793262e+01,3.124344e-03,1.106584e+02,2.289492e-03,6.816057e+01,9.608084e-01,-1.799970e+02
57.54399,9.504386e-01,-4.127326e+01,3.245640e-03,1.061676e+02,2.475310e-03,6.628440e+01,9.608091e-01,-1.799967e+02
63.09573,9.433274e-01,-4.484798e+01,3.377601e-03,1.016006e+02,2.669961e-03,6.428964e+01,9.608100e-01,-1.799964e+02
69.18310,9.352989e-01,-4.865776e+01,3.519530e-03,9.698002e+01,2.872353e-03,6.217948e+01,9.608109e-01,-1.799961e+02
75.85776,9.263254e-01,-5.269960e+01,3.670332e-03,9.232907e+01,3.081047e-03,5.995979e+01,9.608119e-01,-1.799958e+02
83.17638,9.164076e-01,-5.696587e+01,3.828523e-03,8.767099e+01,3.294262e-03,5.763949e+01,9.608130e-01,-1.799954e+02
91.20108,9.055804e-01,-6.144383e+01,3.992255e-03,8.302910e+01,3.509910e-03,5.523059e+01,9.608142e-01,-1.799950e+02
100.00000,8.939183e-01,-6.611524e+01,4.159379e-03,7.842671e+01,3.725658e-03,5.274820e+01,9.608155e-01,-1.799946e+02
109.64782,8.815366e-01,-7.095635e+01,4.327545e-03,7.388700e+01,3.939024e-03,5.021022e+01,9.608169e-01,-1.799942e+02
120.22644,8.685899e-01,-7.593806e+01,4.494316e-03,6.943281e+01,4.147493e-03,4.763689e+01,9.608183e-01,-1.799937e+02
131.82567,8.552661e-01,-8.102660e+01,4.657302e-03,6.508631e+01,4.348653e-03,4.505009e+01,9.608197e-01,-1.799931e+02
144.54398,8.417767e-01,-8.618442e+01,4.814294e-03,6.086851e+01,4.540322e-03,4.247244e+01,9.608212e-01,-1.799926e+02
158.48932,8.283432e-01,-9.137142e+01,4.963380e-03,5.679880e+01,4.720667e-03,3.992645e+01,9.608226e-01,-1.799920e+02
173.78008,8.151837e-01,-9.654639e+01,5.103030e-03,5.289436e+01,4.888279e-03,3.743358e+01,9.608240e-01,-1.799913e+02
190.54607,8.024988e-01,-1.016686e+02,5.232147e-03,4.916970e+01,5.042226e-03,3.501345e+01,9.608254e-01,-1.799906e+02
208.92961,7.904601e-01,-1.066991e+02,5.350077e-03,4.563635e+01,5.182048e-03,3.268320e+01,9.608268e-01,-1.799898e+02
229.08677,7.792025e-01,-1.116023e+02,5.456587e-03,4.230266e+01,5.307728e-03,3.045715e+01,9.608280e-01,-1.799889e+02
251.18864,7.688205e-01,-1.163469e+02,5.551806e-03,3.917381e+01,5.419631e-03,2.834654e+01,9.608293e-01,-1.799879e+02
275.42287,7.593682e-01,-1.209067e+02,5.636165e-03,3.625200e+01,5.518426e-03,2.635965e+01,9.608304e-01,-1.799869e+02
301.99517,7.508629e-01,-1.252609e+02,5.710318e-03,3.353676e+01,5.605003e-03,2.450193e+01,9.608316e-01,-1.799857e+02
331.13112,7.432906e-01,-1.293943e+02,5.775070e-03,3.102530e+01,5.680399e-03,2.277631e+01,9.608327e-01,-1.799844e+02
363.07805,7.366127e-01,-1.332969e+02,5.831313e-03,2.871296e+01,5.745724e-03,2.118364e+01,9.608339e-01,-1.799830e+02
398.10717,7.307731e-01,-1.369636e+02,5.879977e-03,2.659366e+01,5.802109e-03,1.972304e+01,9.608351e-01,-1.799815e+02
436.51583,7.257044e-01,-1.403937e+02,5.921984e-03,2.466031e+01,5.850660e-03,1.839229e+01,9.608363e-01,-1.799798e+02
478.63009,7.213334e-01,-1.435899e+02,5.958228e-03,2.290517e+01,5.892434e-03,1.718825e+01,9.608377e-01,-1.799779e+02
524.80746,7.175855e-01,-1.465578e+02,5.989548e-03,2.132019e+01,5.928419e-03,1.610713e+01,9.608391e-01,-1.799758e+02
575.43994,7.143878e-01,-1.493053e+02,6.016727e-03,1.989726e+01,5.959527e-03,1.514479e+01,9.608408e-01,-1.799736e+02
630.95734,7.116713e-01,-1.518417e+02,6.040487e-03,1.862844e+01,5.986592e-03,1.429697e+01,9.608427e-01,-1.799711e+02
691.83097,7.093727e-01,-1.541776e+02,6.061490e-03,1.750615e+01,6.010373e-03,1.355946e+01,9.608450e-01,-1.799684e+02
758.57758,7.074345e-01,-1.563241e+02,6.080347e-03,1.652322e+01,6.031564e-03,1.292823e+01,9.608476e-01,-1.799654e+02
831.76377,7.058056e-01,-1.582928e+02,6.097625e-03,1.567305e+01,6.050805e-03,1.239956e+01,9.608506e-01,-1.799621e+02
912.01084,7.044412e-01,-1.600948e+02,6.113858e-03,1.494964e+01,6.068691e-03,1.197007e+01,9.608543e-01,-1.799585e+02
1000.00000,7.033023e-01,-1.617416e+02,6.129557e-03,1.434759e+01,6.085786e-03,1.163681e+01,9.608586e-01,-1.799546e+02
1096.47820,7.023555e-01,-1.632438e+02,6.145226e-03,1.386215e+01,6.102638e-03,1.139726e+01,9.608638e-01,-1.799502e+02
1202.26443,7.015722e-01,-1.646118e+02,6.161370e-03,1.348916e+01,6.119791e-03,1.124929e+01,9.608700e-01,-1.799455e+02
1318.25674,7.009285e-01,-1.658553e+02,6.178515e-03,1.322507e+01,6.137804e-03,1.119120e+01,9.608774e-01,-1.799403e+02
1445.43977,7.004041e-01,-1.669834e+02,6.197215e-03,1.306681e+01,6.157259e-03,1.122165e+01,9.608862e-01,-1.799346e+02
1584.89319,6.999825e-01,-1.680047e+02,6.218076e-03,1.301177e+01,6.178785e-03,1.133959e+01,9.608969e-01,-1.799283e+02
1737.80083,6.996503e-01,-1.689269e+02,6.241763e-03,1.305767e+01,6.203072e-03,1.154414e+01,9.609096e-01,-1.799215e+02
1905.46072,6.993967e-01,-1.697572e+02,6.269027e-03,1.320245e+01,6.230887e-03,1.183455e+01,9.609249e-01,-1.799140e+02
2089.29613,6.992135e-01,-1.705023e+02,6.300714e-03,1.344408e+01,6.263096e-03,1.220996e+01,9.609433e-01,-1.799058e+02
2290.86765,6.990946e-01,-1.711682e+02,6.337793e-03,1.378038e+01,6.300682e-03,1.266924e+01,9.609653e-01,-1.798968e+02
2511.88643,6.990363e-01,-1.717602e+02,6.381367e-03,1.420877e+01,6.344763e-03,1.321077e+01,9.609917e-01,-1.798870e+02
2754.22870,6.990365e-01,-1.722832e+02,6.432699e-03,1.472599e+01,6.396617e-03,1.383212e+01,9.610234e-01,-1.798763e+02
3019.95172,6.990951e-01,-1.727417e+02,6.493229e-03,1.532771e+01,6.457696e-03,1.452973e+01,9.610614e-01,-1.798647e+02
3311.31121,6.992141e-01,-1.731394e+02,6.564586e-03,1.600825e+01,6.529643e-03,1.529854e+01,9.611068e-01,-1.798519e+02
3630.78055,6.993972e-01,-1.734798e+02,6.648606e-03,1.676005e+01,6.614304e-03,1.613159e+01,9.611612e-01,-1.798380e+02
3981.07171,6.996502e-01,-1.737660e+02,6.747330e-03,1.757332e+01,6.713732e-03,1.701953e+01,9.612262e-01,-1.798229e+02
4365.15832,6.999810e-01,-1.740006e+02,6.863003e-03,1.843557e+01,6.830181e-03,1.795029e+01,9.613039e-01,-1.798066e+02
4786.30092,7.004000e-01,-1.741859e+02,6.998055e-03,1.933127e+01,6.966090e-03,1.890865e+01,9.613965e-01,-1.797888e+02
5248.07460,7.009200e-01,-1.743239e+02,7.155064e-03,2.024156e+01,7.124043e-03,1.987603e+01,9.615068e-01,-1.797696e+02
5754.39937,7.015569e-01,-1.744164e+02,7.336704e-03,2.114415e+01,7.306717e-03,2.083036e+01,9.616379e-01,-1.797489e+02
6309.57344,7.023296e-01,-1.744647e+02,7.545664e-03,2.201343e+01,7.516801e-03,2.174622e+01,9.617934e-01,-1.797267e+02
6918.30971,7.032604e-01,-1.744704e+02,7.784541e-03,2.282077e+01,7.756892e-03,2.259518e+01,9.619773e-01,-1.797029e+02
7585.77575,7.043757e-01,-1.744346e+02,8.055716e-03,2.353515e+01,8.029362e-03,2.334641e+01,9.621941e-01,-1.796776e+02
8317.63771,7.057058e-01,-1.743587e+02,8.361187e-03,2.412398e+01,8.336203e-03,2.396754e+01,9.624489e-01,-1.796508e+02
9120.10839,7.072854e-01,-1.742440e+02,8.702393e-03,2.455418e+01,8.678839e-03,2.442576e+01,9.627470e-01,-1.796226e+02
10000.00000,7.091537e-01,-1.740919e+02,9.080005e-03,2.479332e+01,9.057929e-03,2.468892e+01,9.630940e-01,-1.795932e+02
