! ! 
! S ! 
! ! 
! # MHz  S  MA  R  50.00000
! ! ===================================================================
1.00000,9.927530e-01,-7.548710e-01,2.474029e-03,1.784632e+02,4.708362e-05,8.956084e+01,9.608036e-01,-1.799999e+02
1.09648,9.927499e-01,-8.276969e-01,2.474105e-03,1.783149e+02,5.162585e-05,8.951843e+01,9.608036e-01,-1.799999e+02
1.20226,9.927463e-01,-9.075480e-01,2.474198e-03,1.781523e+02,5.660621e-05,8.947194e+01,9.608036e-01,-1.799999e+02
1.31826,9.927419e-01,-9.951019e-01,2.474309e-03,1.779740e+02,6.206693e-05,8.942097e+01,9.608036e-01,-1.799999e+02
1.44544,9.927366e-01,-1.091101e+00,2.474442e-03,1.777786e+02,6.805432e-05,8.936508e+01,9.608036e-01,-1.799999e+02
1.58489,9.927302e-01,-1.196361e+00,2.474603e-03,1.775643e+02,7.461913e-05,8.930380e+01,9.608036e-01,-1.799999e+02
1.73780,9.927225e-01,-1.311773e+00,2.474796e-03,1.773294e+02,8.181701e-05,8.923661e+01,9.608036e-01,-1.799999e+02
1.90546,9.927133e-01,-1.438317e+00,2.475028e-03,1.770719e+02,8.970892e-05,8.916295e+01,9.608036e-01,-1.799999e+02
2.08930,9.927023e-01,-1.577064e+00,2.475306e-03,1.767896e+02,9.836171e-05,8.908219e+01,9.608036e-01,-1.799999e+02
2.29087,9.926889e-01,-1.729193e+00,2.475641e-03,1.764801e+02,1.078486e-04,8.899364e+01,9.608036e-01,-1.799999e+02
2.51189,9.926729e-01,-1.895990e+00,2.476044e-03,1.761409e+02,1.182499e-04,8.889656e+01,9.608036e-01,-1.799999e+02
2.75423,9.926537e-01,-2.078870e+00,2.476528e-03,1.757691e+02,1.296535e-04,8.879011e+01,9.608036e-01,-1.799998e+02
3.01995,9.926306e-01,-2.279380e+00,2.477110e-03,1.753615e+02,1.421557e-04,8.867341e+01,9.608036e-01,-1.799998e+02
3.31131,9.926028e-01,-2.499218e+00,2.477809e-03,1.749148e+02,1.558620e-04,8.854547e+01,9.608036e-01,-1.799998e+02
3.63078,9.925694e-01,-2.740242e+00,2.478649e-03,1.744254e+02,1.708879e-04,8.840520e+01,9.608036e-01,-1.799998e+02
3.98107,9.925292e-01,-3.004488e+00,2.479658e-03,1.738890e+02,1.873599e-04,8.825142e+01,9.608036e-01,-1.799998e+02
4.36516,9.924810e-01,-3.294189e+00,2.480870e-03,1.733014e+02,2.054163e-04,8.808283e+01,9.608036e-01,-1.799997e+02
4.78630,9.924230e-01,-3.611786e+00,2.482326e-03,1.726577e+02,2.252085e-04,8.789802e+01,9.608036e-01,-1.799997e+02
5.24807,9.923533e-01,-3.959955e+00,2.484074e-03,1.719528e+02,2.469020e-04,8.769543e+01,9.608036e-01,-1.799997e+02
5.75440,9.922695e-01,-4.341622e+00,2.486174e-03,1.711810e+02,2.706775e-04,8.747337e+01,9.608036e-01,-1.799997e+02
6.30957,9.921689e-01,-4.759991e+00,2.488693e-03,1.703361e+02,2.967326e-04,8.722997e+01,9.608037e-01,-1.799996e+02
6.91831,9.920480e-01,-5.218563e+00,2.491717e-03,1.694115e+02,3.252825e-04,8.696321e+01,9.608037e-01,-1.799996e+02
7.58578,9.919028e-01,-5.721166e+00,2.495343e-03,1.684003e+02,3.565620e-04,8.667087e+01,9.608037e-01,-1.799996e+02
8.31764,9.917284e-01,-6.271982e+00,2.499690e-03,1.672946e+02,3.908266e-04,8.635053e+01,9.608037e-01,-1.799995e+02
9.12011,9.915190e-01,-6.875575e+00,2.504898e-03,1.660865e+02,4.283539e-04,8.599955e+01,9.608037e-01,-1.799995e+02
10.00000,9.912677e-01,-7.536920e+00,2.511134e-03,1.647674e+02,4.694452e-04,8.561508e+01,9.608038e-01,-1.799994e+02
10.96478,9.909661e-01,-8.261439e+00,2.518595e-03,1.633282e+02,5.144265e-04,8.519397e+01,9.608038e-01,-1.799994e+02
12.02264,9.906044e-01,-9.055025e+00,2.527512e-03,1.617593e+02,5.636496e-04,8.473286e+01,9.608038e-01,-1.799993e+02
13.18257,9.901707e-01,-9.924080e+00,2.538156e-03,1.600513e+02,6.174932e-04,8.422807e+01,9.608039e-01,-1.799992e+02
14.45440,9.896510e-01,-1.087554e+01,2.550847e-03,1.581940e+02,6.763629e-04,8.367565e+01,9.608040e-01,-1.799991e+02
15.84893,9.890287e-01,-1.191691e+01,2.565953e-03,1.561777e+02,7.406911e-04,8.307133e+01,9.608040e-01,-1.799991e+02
17.37801,9.882841e-01,-1.305627e+01,2.583898e-03,1.539926e+02,8.109358e-04,8.241054e+01,9.608041e-01,-1.799990e+02
19.05461,9.873941e-01,-1.430230e+01,2.605169e-03,1.516297e+02,8.875786e-04,8.168840e+01,9.608042e-01,-1.799989e+02
20.89296,9.863314e-01,-1.566428e+01,2.630317e-03,1.490806e+02,9.711206e-04,8.089974e+01,9.608044e-01,-1.799988e+02
22.90868,9.850643e-01,-1.715210e+01,2.659957e-03,1.463383e+02,1.062077e-03,8.003909e+01,9.608045e-01,-1.799987e+02
25.11886,9.835559e-01,-1.877617e+01,2.694767e-03,1.433975e+02,1.160968e-03,7.910078e+01,9.608047e-01,-1.799985e+02
27.54229,9.817637e-01,-2.054744e+01,2.735484e-03,1.402548e+02,1.268310e-03,7.807893e+01,9.608049e-01,-1.799984e+02
30.19952,9.796392e-01,-2.247724e+01,2.782884e-03,1.369096e+02,1.384596e-03,7.696755e+01,9.608052e-01,-1.799982e+02
33.11311,9.771276e-01,-2.457719e+01,2.837772e-03,1.333642e+02,1.510282e-03,7.576070e+01,9.608055e-01,-1.799981e+02
36.30781,9.741678e-01,-2.685897e+01,2.900945e-03,1.296242e+02,1.645757e-03,7.445258e+01,9.608058e-01,-1.799979e+02
39.81072,9.706932e-01,-2.933410e+01,2.973161e-03,1.256984e+02,1.791317e-03,7.303774e+01,9.608063e-01,-1.799977e+02
43.65158,9.666321e-01,-3.201363e+01,3.055091e-03,1.215993e+02,1.947127e-03,7.151135e+01,9.608067e-01,-1.799975e+02
47.86301,9.619098e-01,-3.490767e+01,3.147265e-03,1.173425e+02,2.113185e-03,6.986945e+01,9.608073e-01,-1.799972e+02
52.48075,9.564517e-01,-3.802495e+01,3.250014e-03,1.129467e+02,2.289274e-03,6.810931e+01,9.608080e-01,-1.799970e+02
57.54399,9.501862e-01,-4.137224e+01,3.363410e-03,1.084328e+02,2.474920e-03,6.622978e+01,9.608087e-01,-1.799967e+02
63.09573,9.430507e-01,-4.495370e+01,3.487208e-03,1.038238e+02,2.669352e-03,6.423173e+01,9.608095e-01,-1.799964e+02
69.18310,9.349970e-01,-4.877019e+01,3.620801e-03,9.914416e+01,2.871471e-03,6.211840e+01,9.608105e-01,-1.799961e+02
75.85776,9.259980e-01,-5.281858e+01,3.763195e-03,9.441916e+01,3.079831e-03,5.989577e+01,9.608115e-01,-1.799958e+02
83.17638,9.160554e-01,-5.709113e+01,3.912999e-03,8.967470e+01,3.292647e-03,5.757282e+01,9.608127e-01,-1.799954e+02
91.20108,9.052052e-01,-6.157492e+01,4.068460e-03,8.493693e+01,3.507828e-03,5.516166e+01,9.608139e-01,-1.799950e+02
100.00000,8.935228e-01,-6.625157e+01,4.227518e-03,8.023201e+01,3.723039e-03,5.267749e+01,9.608152e-01,-1.799946e+02
109.64782,8.811248e-01,-7.109715e+01,4.387900e-03,7.558578e+01,3.935802e-03,5.013828e+01,9.608166e-01,-1.799941e+02
120.22644,8.681669e-01,-7.608244e+01,4.547238e-03,7.102348e+01,4.143609e-03,4.756433e+01,9.608180e-01,-1.799937e+02
131.82567,8.548378e-01,-8.117353e+01,4.703202e-03,6.656935e+01,4.344059e-03,4.497754e+01,9.608195e-01,-1.799931e+02
144.54398,8.413492e-01,-8.633278e+01,4.853627e-03,6.224608e+01,4.534984e-03,4.240056e+01,9.608210e-01,-1.799926e+02
158.48932,8.279229e-01,-9.152004e+01,4.996634e-03,5.807438e+01,4.714564e-03,3.985588e+01,9.608225e-01,-1.799919e+02
173.78008,8.147765e-01,-9.669410e+01,5.130712e-03,5.407237e+01,4.881409e-03,3.736492e+01,9.608239e-01,-1.799913e+02
190.54607,8.021100e-01,-1.018142e+02,5.254771e-03,5.025523e+01,5.034600e-03,3.494721e+01,9.608253e-01,-1.799905e+02
208.92961,7.900940e-01,-1.068416e+02,5.368153e-03,4.663486e+01,5.173694e-03,3.261986e+01,9.608267e-01,-1.799897e+02
229.08677,7.788622e-01,-1.117407e+02,5.470608e-03,4.321981e+01,5.298684e-03,3.039706e+01,9.608279e-01,-1.799889e+02
251.18864,7.685080e-01,-1.164804e+02,5.562243e-03,4.001528e+01,5.409944e-03,2.829001e+01,9.608292e-01,-1.799879e+02
275.42287,7.590842e-01,-1.210346e+02,5.643459e-03,3.702335e+01,5.508149e-03,2.630687e+01,9.608304e-01,-1.799868e+02
301.99517,7.506073e-01,-1.253827e+02,5.714873e-03,3.424337e+01,5.594193e-03,2.445303e+01,9.608315e-01,-1.799857e+02
331.13112,7.430625e-01,-1.295096e+02,5.777255e-03,3.167230e+01,5.669113e-03,2.273137e+01,9.608327e-01,-1.799844e+02
363.07805,7.364105e-01,-1.334055e+02,5.831459e-03,2.930520e+01,5.734018e-03,2.114266e+01,9.608339e-01,-1.799830e+02
398.10717,7.305949e-01,-1.370656e+02,5.878376e-03,2.713569e+01,5.790034e-03,1.968600e+01,9.608351e-01,-1.799814e+02
436.51583,7.255480e-01,-1.404890e+02,5.918896e-03,2.515638e+01,5.838266e-03,1.835913e+01,9.608363e-01,-1.799797e+02
478.63009,7.211965e-01,-1.436786e+02,5.953876e-03,2.335923e+01,5.879767e-03,1.715890e+01,9.608377e-01,-1.799779e+02
524.80746,7.174659e-01,-1.466401e+02,5.984128e-03,2.173590e+01,5.915519e-03,1.608150e+01,9.608392e-01,-1.799758e+02
575.43994,7.142833e-01,-1.493814e+02,6.010407e-03,2.027800e+01,5.946431e-03,1.512278e+01,9.608408e-01,-1.799736e+02
630.95734,7.115801e-01,-1.519120e+02,6.033411e-03,1.897735e+01,5.973331e-03,1.427850e+01,9.608428e-01,-1.799711e+02
691.83097,7.092929e-01,-1.542423e+02,6.053782e-03,1.782609e+01,5.996976e-03,1.354444e+01,9.608450e-01,-1.799684e+02
758.57758,7.073645e-01,-1.563837e+02,6.072112e-03,1.681684e+01,6.018056e-03,1.291658e+01,9.608476e-01,-1.799654e+02
831.76377,7.057440e-01,-1.583474e+02,6.088952e-03,1.594280e+01,6.037209e-03,1.239123e+01,9.608507e-01,-1.799621e+02
912.01084,7.043867e-01,-1.601450e+02,6.104823e-03,1.519776e+01,6.055027e-03,1.196501e+01,9.608543e-01,-1.799585e+02
1000.00000,7.032538e-01,-1.617875e+02,6.120226e-03,1.457616e+01,6.072072e-03,1.163499e+01,9.608587e-01,-1.799545e+02
1096.47820,7.023121e-01,-1.632859e+02,6.135654e-03,1.407306e+01,6.088891e-03,1.139866e+01,9.608638e-01,-1.799502e+02
1202.26443,7.015332e-01,-1.646502e+02,6.151607e-03,1.368419e+01,6.106027e-03,1.125392e+01,9.608700e-01,-1.799454e+02
1318.25674,7.008930e-01,-1.658904e+02,6.168601e-03,1.340582e+01,6.124038e-03,1.119908e+01,9.608774e-01,-1.799402e+02
1445.43977,7.003717e-01,-1.670155e+02,6.187189e-03,1.323478e+01,6.143506e-03,1.123282e+01,9.608863e-01,-1.799345e+02
1584.89319,6.999527e-01,-1.680339e+02,6.207970e-03,1.316833e+01,6.165062e-03,1.135408e+01,9.608970e-01,-1.799283e+02
1737.80083,6.996227e-01,-1.689535e+02,6.231609e-03,1.320410e+01,6.189395e-03,1.156202e+01,9.609098e-01,-1.799214e+02
1905.46072,6.993709e-01,-1.697815e+02,6.258852e-03,1.333990e+01,6.217273e-03,1.185588e+01,9.609251e-01,-1.799139e+02
2089.29613,6.991892e-01,-1.705244e+02,6.290547e-03,1.357364e+01,6.249565e-03,1.223481e+01,9.609435e-01,-1.799057e+02
2290.86765,6.990718e-01,-1.711882e+02,6.327660e-03,1.390302e+01,6.287253e-03,1.269767e+01,9.609656e-01,-1.798968e+02
2511.88643,6.990146e-01,-1.717784e+02,6.371295e-03,1.432538e+01,6.331462e-03,1.324283e+01,9.609920e-01,-1.798869e+02
2754.22870,6.990158e-01,-1.722997e+02,6.422718e-03,1.483737e+01,6.383469e-03,1.386784e+01,9.610237e-01,-1.798762e+02
3019.95172,6.990754e-01,-1.727566e+02,6.483367e-03,1.543457e+01,6.444731e-03,1.456912e+01,9.610618e-01,-1.798645e+02
3311.31121,6.991952e-01,-1.731529e+02,6.554876e-03,1.611120e+01,6.516893e-03,1.534157e+01,9.611073e-01,-1.798518e+02
3630.78055,6.993791e-01,-1.734920e+02,6.639080e-03,1.685961e+01,6.601804e-03,1.617817e+01,9.611618e-01,-1.798379e+02
3981.07171,6.996328e-01,-1.737770e+02,6.738023e-03,1.766990e+01,6.701522e-03,1.706950e+01,9.612269e-01,-1.798228e+02
4365.15832,6.999644e-01,-1.740105e+02,6.853952e-03,1.852947e+01,6.818303e-03,1.800343e+01,9.613047e-01,-1.798064e+02
4786.30092,7.003841e-01,-1.741948e+02,6.989297e-03,1.942268e+01,6.954587e-03,1.896465e+01,9.613974e-01,-1.797886e+02
5248.07460,7.009050e-01,-1.743318e+02,7.146640e-03,2.033056e+01,7.112961e-03,1.993448e+01,9.615079e-01,-1.797694e+02
5754.39937,7.015428e-01,-1.744233e+02,7.328651e-03,2.123072e+01,7.296101e-03,2.089077e+01,9.616392e-01,-1.797487e+02
6309.57344,7.023164e-01,-1.744709e+02,7.538019e-03,2.209743e+01,7.506696e-03,2.180800e+01,9.617949e-01,-1.797265e+02
6918.30971,7.032484e-01,-1.744758e+02,7.777339e-03,2.290197e+01,7.747339e-03,2.265768e+01,9.619790e-01,-1.797027e+02
7585.77575,7.043649e-01,-1.744393e+02,8.048986e-03,2.361326e+01,8.020396e-03,2.340892e+01,9.621962e-01,-1.796773e+02
8317.63771,7.056964e-01,-1.743628e+02,8.354952e-03,2.419866e+01,8.327852e-03,2.402933e+01,9.624514e-01,-1.796505e+02
9120.10839,7.072775e-01,-1.742474e+02,8.696666e-03,2.462506e+01,8.671122e-03,2.448609e+01,9.627498e-01,-1.796223e+02
10000.00000,7.091476e-01,-1.740947e+02,9.074790e-03,2.486002e+01,9.050852e-03,2.474708e+01,9.630973e-01,-1.795929e+02
