! ! 
! S ! 
! ! 
! # MHz  S  MA  R  50.00000
! ! ===================================================================
1.00000,9.928009e-01,-7.532529e-01,2.313695e-03,1.783888e+02,4.707389e-05,8.956177e+01,9.608036e-01,-1.799999e+02
1.09648,9.927978e-01,-8.259227e-01,2.313779e-03,1.782333e+02,5.161518e-05,8.951945e+01,9.608036e-01,-1.799999e+02
1.20226,9.927942e-01,-9.056027e-01,2.313880e-03,1.780629e+02,5.659451e-05,8.947306e+01,9.608036e-01,-1.799999e+02
1.31826,9.927898e-01,-9.929690e-01,2.314002e-03,1.778760e+02,6.205410e-05,8.942219e+01,9.608036e-01,-1.799999e+02
1.44544,9.927845e-01,-1.088763e+00,2.314148e-03,1.776711e+02,6.804026e-05,8.936642e+01,9.608036e-01,-1.799999e+02
1.58489,9.927782e-01,-1.193797e+00,2.314324e-03,1.774465e+02,7.460372e-05,8.930528e+01,9.608036e-01,-1.799999e+02
1.73780,9.927705e-01,-1.308961e+00,2.314535e-03,1.772003e+02,8.180011e-05,8.923823e+01,9.608036e-01,-1.799999e+02
1.90546,9.927614e-01,-1.435234e+00,2.314789e-03,1.769303e+02,8.969040e-05,8.916473e+01,9.608036e-01,-1.799999e+02
2.08930,9.927503e-01,-1.573684e+00,2.315094e-03,1.766344e+02,9.834142e-05,8.908414e+01,9.608036e-01,-1.799999e+02
2.29087,9.927371e-01,-1.725487e+00,2.315460e-03,1.763100e+02,1.078264e-04,8.899577e+01,9.608036e-01,-1.799999e+02
2.51189,9.927211e-01,-1.891927e+00,2.315901e-03,1.759544e+02,1.182255e-04,8.889889e+01,9.608036e-01,-1.799999e+02
2.75423,9.927020e-01,-2.074415e+00,2.316431e-03,1.755647e+02,1.296268e-04,8.879268e+01,9.608036e-01,-1.799998e+02
3.01995,9.926790e-01,-2.274495e+00,2.317067e-03,1.751376e+02,1.421264e-04,8.867622e+01,9.608036e-01,-1.799998e+02
3.31131,9.926513e-01,-2.493862e+00,2.317832e-03,1.746695e+02,1.558300e-04,8.854855e+01,9.608036e-01,-1.799998e+02
3.63078,9.926180e-01,-2.734370e+00,2.318751e-03,1.741566e+02,1.708528e-04,8.840857e+01,9.608036e-01,-1.799998e+02
3.98107,9.925780e-01,-2.998051e+00,2.319856e-03,1.735946e+02,1.873215e-04,8.825512e+01,9.608036e-01,-1.799998e+02
4.36516,9.925300e-01,-3.287132e+00,2.321182e-03,1.729790e+02,2.053743e-04,8.808689e+01,9.608036e-01,-1.799997e+02
4.78630,9.924722e-01,-3.604050e+00,2.322775e-03,1.723048e+02,2.251626e-04,8.790247e+01,9.608036e-01,-1.799997e+02
5.24807,9.924028e-01,-3.951474e+00,2.324688e-03,1.715665e+02,2.468518e-04,8.770031e+01,9.608036e-01,-1.799997e+02
5.75440,9.923194e-01,-4.332325e+00,2.326984e-03,1.707583e+02,2.706227e-04,8.747872e+01,9.608036e-01,-1.799997e+02
6.30957,9.922192e-01,-4.749800e+00,2.329740e-03,1.698738e+02,2.966727e-04,8.723583e+01,9.608037e-01,-1.799996e+02
6.91831,9.920988e-01,-5.207393e+00,2.333045e-03,1.689063e+02,3.252172e-04,8.696963e+01,9.608037e-01,-1.799996e+02
7.58578,9.919542e-01,-5.708924e+00,2.337009e-03,1.678483e+02,3.564908e-04,8.667791e+01,9.608037e-01,-1.799996e+02
8.31764,9.917805e-01,-6.258567e+00,2.341760e-03,1.666922e+02,3.907492e-04,8.635824e+01,9.608037e-01,-1.799995e+02
9.12011,9.915720e-01,-6.860875e+00,2.347451e-03,1.654296e+02,4.282698e-04,8.600800e+01,9.608037e-01,-1.799995e+02
10.00000,9.913217e-01,-7.520815e+00,2.354261e-03,1.640517e+02,4.693540e-04,8.562433e+01,9.608038e-01,-1.799994e+02
10.96478,9.910213e-01,-8.243796e+00,2.362406e-03,1.625494e+02,5.143279e-04,8.520411e+01,9.608038e-01,-1.799994e+02
12.02264,9.906611e-01,-9.035702e+00,2.372135e-03,1.609132e+02,5.635433e-04,8.474396e+01,9.608038e-01,-1.799993e+02
13.18257,9.902292e-01,-9.902922e+00,2.383743e-03,1.591336e+02,6.173790e-04,8.424022e+01,9.608039e-01,-1.799992e+02
14.45440,9.897116e-01,-1.085238e+01,2.397571e-03,1.572008e+02,6.762408e-04,8.368894e+01,9.608040e-01,-1.799991e+02
15.84893,9.890918e-01,-1.189156e+01,2.414017e-03,1.551053e+02,7.405613e-04,8.308587e+01,9.608040e-01,-1.799991e+02
17.37801,9.883503e-01,-1.302854e+01,2.433535e-03,1.528380e+02,8.107988e-04,8.242643e+01,9.608041e-01,-1.799990e+02
19.05461,9.874638e-01,-1.427198e+01,2.456644e-03,1.503905e+02,8.874352e-04,8.170576e+01,9.608042e-01,-1.799989e+02
20.89296,9.864053e-01,-1.563116e+01,2.483929e-03,1.477557e+02,9.709724e-04,8.091869e+01,9.608044e-01,-1.799988e+02
22.90868,9.851432e-01,-1.711592e+01,2.516040e-03,1.449279e+02,1.061926e-03,8.005977e+01,9.608045e-01,-1.799987e+02
25.11886,9.836407e-01,-1.873670e+01,2.553689e-03,1.419032e+02,1.160818e-03,7.912331e+01,9.608047e-01,-1.799985e+02
27.54229,9.818554e-01,-2.050441e+01,2.597640e-03,1.386805e+02,1.268165e-03,7.810345e+01,9.608049e-01,-1.799984e+02
30.19952,9.797390e-01,-2.243038e+01,2.648700e-03,1.352609e+02,1.384462e-03,7.699420e+01,9.608051e-01,-1.799982e+02
33.11311,9.772368e-01,-2.452623e+01,2.707687e-03,1.316492e+02,1.510168e-03,7.578961e+01,9.608054e-01,-1.799981e+02
36.30781,9.742879e-01,-2.680364e+01,2.775408e-03,1.278530e+02,1.645673e-03,7.448388e+01,9.608058e-01,-1.799979e+02
39.81072,9.708256e-01,-2.927414e+01,2.852619e-03,1.238833e+02,1.791277e-03,7.307156e+01,9.608062e-01,-1.799977e+02
43.65158,9.667785e-01,-3.194878e+01,2.939970e-03,1.197544e+02,1.947150e-03,7.154778e+01,9.608067e-01,-1.799975e+02
47.86301,9.620719e-01,-3.483771e+01,3.037961e-03,1.154831e+02,2.113291e-03,6.990857e+01,9.608072e-01,-1.799973e+02
52.48075,9.566310e-01,-3.794970e+01,3.146877e-03,1.110888e+02,2.289491e-03,6.815116e+01,9.608079e-01,-1.799970e+02
57.54399,9.503844e-01,-4.129157e+01,3.266730e-03,1.065923e+02,2.475281e-03,6.627438e+01,9.608086e-01,-1.799967e+02
63.09573,9.432690e-01,-4.486754e+01,3.397206e-03,1.020162e+02,2.669895e-03,6.427902e+01,9.608094e-01,-1.799964e+02
69.18310,9.352360e-01,-4.867857e+01,3.537625e-03,9.738345e+01,2.872241e-03,6.216827e+01,9.608103e-01,-1.799961e+02
75.85776,9.262582e-01,-5.272162e+01,3.686910e-03,9.271763e+01,3.080877e-03,5.994804e+01,9.608114e-01,-1.799958e+02
83.17638,9.163361e-01,-5.698905e+01,3.843592e-03,8.804255e+01,3.294022e-03,5.762726e+01,9.608125e-01,-1.799954e+02
91.20108,9.055050e-01,-6.146810e+01,4.005840e-03,8.338205e+01,3.509588e-03,5.521794e+01,9.608137e-01,-1.799950e+02
100.00000,8.938395e-01,-6.614049e+01,4.171521e-03,7.875998e+01,3.725242e-03,5.273522e+01,9.608150e-01,-1.799946e+02
109.64782,8.814551e-01,-7.098243e+01,4.338298e-03,7.420001e+01,3.938500e-03,5.019701e+01,9.608164e-01,-1.799942e+02
120.22644,8.685068e-01,-7.596481e+01,4.503744e-03,6.972540e+01,4.146851e-03,4.762357e+01,9.608178e-01,-1.799937e+02
131.82567,8.551824e-01,-8.105383e+01,4.665480e-03,6.535869e+01,4.347884e-03,4.503677e+01,9.608192e-01,-1.799931e+02
144.54398,8.416935e-01,-8.621192e+01,4.821305e-03,6.112118e+01,4.539420e-03,4.245924e+01,9.608207e-01,-1.799926e+02
158.48932,8.282618e-01,-9.139897e+01,4.969311e-03,5.703250e+01,4.719627e-03,3.991349e+01,9.608221e-01,-1.799920e+02
173.78008,8.151051e-01,-9.657378e+01,5.107971e-03,5.310996e+01,4.887102e-03,3.742097e+01,9.608236e-01,-1.799913e+02
190.54607,8.024240e-01,-1.016956e+02,5.236191e-03,4.936820e+01,5.040912e-03,3.500128e+01,9.608249e-01,-1.799905e+02
208.92961,7.903898e-01,-1.067255e+02,5.353314e-03,4.581881e+01,5.180603e-03,3.267156e+01,9.608263e-01,-1.799897e+02
229.08677,7.791373e-01,-1.116280e+02,5.459104e-03,4.247014e+01,5.306158e-03,3.044611e+01,9.608276e-01,-1.799889e+02
251.18864,7.687608e-01,-1.163717e+02,5.553688e-03,3.932739e+01,5.417945e-03,2.833615e+01,9.608288e-01,-1.799879e+02
275.42287,7.593140e-01,-1.209304e+02,5.637490e-03,3.639272e+01,5.516632e-03,2.634995e+01,9.608300e-01,-1.799868e+02
301.99517,7.508142e-01,-1.252835e+02,5.711157e-03,3.366562e+01,5.603113e-03,2.449294e+01,9.608311e-01,-1.799857e+02
331.13112,7.432472e-01,-1.294157e+02,5.775488e-03,3.114325e+01,5.678423e-03,2.276805e+01,9.608323e-01,-1.799844e+02
363.07805,7.365743e-01,-1.333171e+02,5.831369e-03,2.882089e+01,5.743672e-03,2.117611e+01,9.608334e-01,-1.799830e+02
398.10717,7.307394e-01,-1.369826e+02,5.879723e-03,2.669242e+01,5.799990e-03,1.971622e+01,9.608346e-01,-1.799815e+02
436.51583,7.256749e-01,-1.404114e+02,5.921467e-03,2.475068e+01,5.848483e-03,1.838619e+01,9.608358e-01,-1.799798e+02
478.63009,7.213076e-01,-1.436064e+02,5.957486e-03,2.298788e+01,5.890207e-03,1.718285e+01,9.608372e-01,-1.799779e+02
524.80746,7.175630e-01,-1.465731e+02,5.988616e-03,2.139590e+01,5.926150e-03,1.610241e+01,9.608387e-01,-1.799758e+02
575.43994,7.143682e-01,-1.493194e+02,6.015636e-03,1.996659e+01,5.957223e-03,1.514074e+01,9.608404e-01,-1.799736e+02
630.95734,7.116543e-01,-1.518547e+02,6.039262e-03,1.869198e+01,5.984257e-03,1.429357e+01,9.608423e-01,-1.799711e+02
691.83097,7.093578e-01,-1.541896e+02,6.060153e-03,1.756440e+01,6.008014e-03,1.355669e+01,9.608445e-01,-1.799684e+02
758.57758,7.074215e-01,-1.563352e+02,6.078917e-03,1.657668e+01,6.029185e-03,1.292608e+01,9.608471e-01,-1.799654e+02
831.76377,7.057942e-01,-1.583029e+02,6.096117e-03,1.572217e+01,6.048410e-03,1.239801e+01,9.608502e-01,-1.799621e+02
912.01084,7.044312e-01,-1.601042e+02,6.112286e-03,1.499481e+01,6.066284e-03,1.196912e+01,9.608538e-01,-1.799585e+02
1000.00000,7.032934e-01,-1.617501e+02,6.127933e-03,1.438920e+01,6.083370e-03,1.163646e+01,9.608582e-01,-1.799546e+02
1096.47820,7.023476e-01,-1.632516e+02,6.143559e-03,1.390055e+01,6.100216e-03,1.139749e+01,9.608633e-01,-1.799502e+02
1202.26443,7.015651e-01,-1.646190e+02,6.159670e-03,1.352467e+01,6.117367e-03,1.125012e+01,9.608695e-01,-1.799455e+02
1318.25674,7.009221e-01,-1.658618e+02,6.176788e-03,1.325798e+01,6.135379e-03,1.119263e+01,9.608769e-01,-1.799403e+02
1445.43977,7.003983e-01,-1.669894e+02,6.195469e-03,1.309740e+01,6.154837e-03,1.122368e+01,9.608858e-01,-1.799346e+02
1584.89319,6.999772e-01,-1.680101e+02,6.216316e-03,1.304028e+01,6.176369e-03,1.134222e+01,9.608964e-01,-1.799283e+02
1737.80083,6.996454e-01,-1.689318e+02,6.239996e-03,1.308434e+01,6.200665e-03,1.154740e+01,9.609092e-01,-1.799215e+02
1905.46072,6.993921e-01,-1.697617e+02,6.267257e-03,1.322749e+01,6.228492e-03,1.183844e+01,9.609245e-01,-1.799140e+02
2089.29613,6.992092e-01,-1.705064e+02,6.298947e-03,1.346768e+01,6.260717e-03,1.221449e+01,9.609429e-01,-1.799058e+02
2290.86765,6.990906e-01,-1.711719e+02,6.336033e-03,1.380272e+01,6.298322e-03,1.267442e+01,9.609649e-01,-1.798968e+02
2511.88643,6.990325e-01,-1.717636e+02,6.379619e-03,1.423002e+01,6.342428e-03,1.321661e+01,9.609913e-01,-1.798870e+02
2754.22870,6.990329e-01,-1.722863e+02,6.430970e-03,1.474628e+01,6.394311e-03,1.383863e+01,9.610230e-01,-1.798763e+02
3019.95172,6.990917e-01,-1.727444e+02,6.491523e-03,1.534719e+01,6.455425e-03,1.453691e+01,9.610610e-01,-1.798646e+02
3311.31121,6.992109e-01,-1.731419e+02,6.562910e-03,1.602701e+01,6.527413e-03,1.530638e+01,9.611065e-01,-1.798519e+02
3630.78055,6.993941e-01,-1.734821e+02,6.646965e-03,1.677819e+01,6.612122e-03,1.614007e+01,9.611609e-01,-1.798380e+02
3981.07171,6.996472e-01,-1.737681e+02,6.745732e-03,1.759092e+01,6.711605e-03,1.702863e+01,9.612259e-01,-1.798229e+02
4365.15832,6.999782e-01,-1.740025e+02,6.861454e-03,1.845267e+01,6.828117e-03,1.795996e+01,9.613036e-01,-1.798065e+02
4786.30092,7.003973e-01,-1.741876e+02,6.996563e-03,1.934791e+01,6.964098e-03,1.891884e+01,9.613962e-01,-1.797888e+02
5248.07460,7.009176e-01,-1.743254e+02,7.153637e-03,2.025775e+01,7.122131e-03,1.988666e+01,9.615066e-01,-1.797696e+02
5754.39937,7.015546e-01,-1.744176e+02,7.335349e-03,2.115990e+01,7.304894e-03,2.084134e+01,9.616377e-01,-1.797489e+02
6309.57344,7.023275e-01,-1.744658e+02,7.544387e-03,2.202870e+01,7.515076e-03,2.175744e+01,9.617932e-01,-1.797266e+02
6918.30971,7.032585e-01,-1.744714e+02,7.783350e-03,2.283551e+01,7.755272e-03,2.260651e+01,9.619772e-01,-1.797029e+02
7585.77575,7.043741e-01,-1.744355e+02,8.054617e-03,2.354931e+01,8.027856e-03,2.335772e+01,9.621941e-01,-1.796775e+02
8317.63771,7.057044e-01,-1.743595e+02,8.360184e-03,2.413749e+01,8.334814e-03,2.397870e+01,9.624490e-01,-1.796507e+02
9120.10839,7.072843e-01,-1.742446e+02,8.701489e-03,2.456697e+01,8.677573e-03,2.443662e+01,9.627472e-01,-1.796225e+02
10000.00000,7.091530e-01,-1.740924e+02,9.079201e-03,2.480532e+01,9.056786e-03,2.469936e+01,9.630943e-01,-1.795931e+02
