! ! 
! S ! 
! ! 
! # MHz  S  MA  R  50.00000
! ! ===================================================================
1.00000,9.936500e-01,-7.419883e-01,5.202568e-02,1.769171e+02,2.340184e-03,8.950224e+01,9.511554e-01,-1.422800e-01
1.09648,9.936465e-01,-8.135713e-01,5.203605e-02,1.766200e+02,2.565944e-03,8.945418e+01,9.511547e-01,-1.560046e-01
1.20226,9.936423e-01,-8.920597e-01,5.204852e-02,1.762943e+02,2.813480e-03,8.940149e+01,9.511538e-01,-1.710534e-01
1.31826,9.936372e-01,-9.781193e-01,5.206351e-02,1.759374e+02,3.084892e-03,8.934372e+01,9.511527e-01,-1.875540e-01
1.44544,9.936310e-01,-1.072480e+00,5.208152e-02,1.755463e+02,3.382479e-03,8.928038e+01,9.511514e-01,-2.056466e-01
1.58489,9.936237e-01,-1.175943e+00,5.210316e-02,1.751178e+02,3.708766e-03,8.921093e+01,9.511499e-01,-2.254845e-01
1.73780,9.936148e-01,-1.289386e+00,5.212917e-02,1.746483e+02,4.066516e-03,8.913479e+01,9.511480e-01,-2.472361e-01
1.90546,9.936042e-01,-1.413770e+00,5.216043e-02,1.741340e+02,4.458761e-03,8.905130e+01,9.511458e-01,-2.710858e-01
2.08930,9.935914e-01,-1.550149e+00,5.219797e-02,1.735707e+02,4.888822e-03,8.895977e+01,9.511431e-01,-2.972360e-01
2.29087,9.935760e-01,-1.699681e+00,5.224307e-02,1.729539e+02,5.360338e-03,8.885941e+01,9.511399e-01,-3.259084e-01
2.51189,9.935575e-01,-1.863631e+00,5.229723e-02,1.722788e+02,5.877299e-03,8.874937e+01,9.511360e-01,-3.573459e-01
2.75423,9.935353e-01,-2.043389e+00,5.236227e-02,1.715399e+02,6.444072e-03,8.862873e+01,9.511313e-01,-3.918151e-01
3.01995,9.935085e-01,-2.240477e+00,5.244033e-02,1.707317e+02,7.065446e-03,8.849647e+01,9.511257e-01,-4.296079e-01
3.31131,9.934764e-01,-2.456562e+00,5.253402e-02,1.698480e+02,7.746660e-03,8.835145e+01,9.511190e-01,-4.710444e-01
3.63078,9.934378e-01,-2.693471e+00,5.264640e-02,1.688824e+02,8.493454e-03,8.819247e+01,9.511109e-01,-5.164753e-01
3.98107,9.933914e-01,-2.953206e+00,5.278116e-02,1.678279e+02,9.312111e-03,8.801817e+01,9.511012e-01,-5.662848e-01
4.36516,9.933356e-01,-3.237960e+00,5.294266e-02,1.666773e+02,1.020950e-02,8.782708e+01,9.510895e-01,-6.208941e-01
4.78630,9.932686e-01,-3.550133e+00,5.313609e-02,1.654229e+02,1.119315e-02,8.761761e+01,9.510755e-01,-6.807642e-01
5.24807,9.931880e-01,-3.892355e+00,5.336759e-02,1.640570e+02,1.227127e-02,8.738797e+01,9.510586e-01,-7.464003e-01
5.75440,9.930912e-01,-4.267503e+00,5.364443e-02,1.625716e+02,1.345283e-02,8.713626e+01,9.510383e-01,-8.183555e-01
6.30957,9.929749e-01,-4.678723e+00,5.397512e-02,1.609587e+02,1.474765e-02,8.686036e+01,9.510139e-01,-8.972350e-01
6.91831,9.928351e-01,-5.129458e+00,5.436967e-02,1.592104e+02,1.616641e-02,8.655796e+01,9.509847e-01,-9.837015e-01
7.58578,9.926673e-01,-5.623469e+00,5.483975e-02,1.573196e+02,1.772076e-02,8.622655e+01,9.509495e-01,-1.078479e+00
8.31764,9.924657e-01,-6.164866e+00,5.539889e-02,1.552793e+02,1.942338e-02,8.586339e+01,9.509073e-01,-1.182361e+00
9.12011,9.922237e-01,-6.758133e+00,5.606269e-02,1.530840e+02,2.128803e-02,8.546547e+01,9.508567e-01,-1.296211e+00
10.00000,9.919333e-01,-7.408158e+00,5.684898e-02,1.507294e+02,2.332963e-02,8.502953e+01,9.507959e-01,-1.420976e+00
10.96478,9.915847e-01,-8.120268e+00,5.777803e-02,1.482128e+02,2.556435e-02,8.455203e+01,9.507230e-01,-1.557686e+00
12.02264,9.911667e-01,-8.900254e+00,5.887258e-02,1.455339e+02,2.800959e-02,8.402910e+01,9.506355e-01,-1.707465e+00
13.18257,9.906655e-01,-9.754403e+00,6.015792e-02,1.426946e+02,3.068407e-02,8.345657e+01,9.505308e-01,-1.871537e+00
14.45440,9.900649e-01,-1.068953e+01,6.166184e-02,1.396996e+02,3.360784e-02,8.282992e+01,9.504053e-01,-2.051230e+00
15.84893,9.893458e-01,-1.171300e+01,6.341446e-02,1.365563e+02,3.680221e-02,8.214427e+01,9.502551e-01,-2.247988e+00
17.37801,9.884855e-01,-1.283274e+01,6.544796e-02,1.332747e+02,4.028974e-02,8.139440e+01,9.500756e-01,-2.463373e+00
19.05461,9.874572e-01,-1.405729e+01,6.779615e-02,1.298674e+02,4.409409e-02,8.057469e+01,9.498612e-01,-2.699075e+00
20.89296,9.862294e-01,-1.539574e+01,7.049394e-02,1.263485e+02,4.823980e-02,7.967918e+01,9.496055e-01,-2.956912e+00
22.90868,9.847657e-01,-1.685780e+01,7.357669e-02,1.227334e+02,5.275202e-02,7.870158e+01,9.493011e-01,-3.238838e+00
25.11886,9.830234e-01,-1.845368e+01,7.707938e-02,1.190378e+02,5.765604e-02,7.763526e+01,9.489392e-01,-3.546945e+00
27.54229,9.809536e-01,-2.019410e+01,8.103569e-02,1.152767e+02,6.297670e-02,7.647336e+01,9.485101e-01,-3.883459e+00
30.19952,9.785005e-01,-2.209018e+01,8.547695e-02,1.114637e+02,6.873762e-02,7.520883e+01,9.480027e-01,-4.250743e+00
33.11311,9.756010e-01,-2.415329e+01,9.043098e-02,1.076104e+02,7.496019e-02,7.383456e+01,9.474044e-01,-4.651286e+00
36.30781,9.721850e-01,-2.639487e+01,9.592069e-02,1.037258e+02,8.166226e-02,7.234352e+01,9.467017e-01,-5.087698e+00
39.81072,9.681758e-01,-2.882618e+01,1.019626e-01,9.981637e+01,8.885665e-02,7.072895e+01,9.458799e-01,-5.562700e+00
43.65158,9.634912e-01,-3.145802e+01,1.085649e-01,9.588574e+01,9.654931e-02,6.898460e+01,9.449238e-01,-6.079108e+00
47.86301,9.580460e-01,-3.430026e+01,1.157259e-01,9.193543e+01,1.047373e-01,6.710500e+01,9.438181e-01,-6.639827e+00
52.48075,9.517547e-01,-3.736145e+01,1.234319e-01,8.796524e+01,1.134066e-01,6.508583e+01,9.425481e-01,-7.247840e+00
57.54399,9.445362e-01,-4.064820e+01,1.316547e-01,8.397390e+01,1.225297e-01,6.292422e+01,9.411012e-01,-7.906213e+00
63.09573,9.363195e-01,-4.416459e+01,1.403506e-01,7.995989e+01,1.320641e-01,6.061922e+01,9.394677e-01,-8.618113e+00
69.18310,9.270504e-01,-4.791152e+01,1.494583e-01,7.592220e+01,1.419500e-01,5.817209e+01,9.376425e-01,-9.386849e+00
75.85776,9.166997e-01,-5.188606e+01,1.588987e-01,7.186104e+01,1.521102e-01,5.558668e+01,9.356270e-01,-1.021595e+01
83.17638,9.052708e-01,-5.608080e+01,1.685752e-01,6.777840e+01,1.624502e-01,5.286965e+01,9.334301e-01,-1.110926e+01
91.20108,8.928071e-01,-6.048345e+01,1.783756e-01,6.367847e+01,1.728599e-01,5.003053e+01,9.310698e-01,-1.207109e+01
100.00000,8.793971e-01,-6.507644e+01,1.881753e-01,5.956779e+01,1.832168e-01,4.708164e+01,9.285735e-01,-1.310641e+01
109.64782,8.651762e-01,-6.983692e+01,1.978422e-01,5.545513e+01,1.933912e-01,4.403779e+01,9.259784e-01,-1.422100e+01
120.22644,8.503247e-01,-7.473696e+01,2.072424e-01,5.135112e+01,2.032512e-01,4.091566e+01,9.233295e-01,-1.542168e+01
131.82567,8.350609e-01,-7.974413e+01,2.162464e-01,4.726765e+01,2.126699e-01,3.773316e+01,9.206783e-01,-1.671643e+01
144.54398,8.196294e-01,-8.482230e+01,2.247354e-01,4.321706e+01,2.215307e-01,3.450850e+01,9.180801e-01,-1.811454e+01
158.48932,8.042871e-01,-8.993279e+01,2.326059e-01,3.921132e+01,2.297327e-01,3.125925e+01,9.155903e-01,-1.962656e+01
173.78008,7.892867e-01,-9.503567e+01,2.397735e-01,3.526117e+01,2.371942e-01,2.800152e+01,9.132622e-01,-2.126432e+01
190.54607,7.748616e-01,-1.000911e+02,2.461739e-01,3.137541e+01,2.438539e-01,2.474919e+01,9.111443e-01,-2.304069e+01
208.92961,7.612134e-01,-1.050610e+02,2.517629e-01,2.756039e+01,2.496704e-01,2.151334e+01,9.092786e-01,-2.496941e+01
229.08677,7.485025e-01,-1.099098e+02,2.565136e-01,2.381969e+01,2.546199e-01,1.830201e+01,9.076998e-01,-2.706471e+01
251.18864,7.368446e-01,-1.146059e+02,2.604134e-01,2.015411e+01,2.586925e-01,1.512011e+01,9.064356e-01,-2.934102e+01
275.42287,7.263101e-01,-1.191228e+02,2.634594e-01,1.656179e+01,2.618885e-01,1.196961e+01,9.055075e-01,-3.181252e+01
301.99517,7.169284e-01,-1.234386e+02,2.656546e-01,1.303860e+01,2.642136e-01,8.849946e+00,9.049318e-01,-3.449266e+01
331.13112,7.086938e-01,-1.275375e+02,2.670041e-01,9.578674e+00,2.656756e-01,5.758491e+00,9.047208e-01,-3.739372e+01
363.07805,7.015726e-01,-1.314084e+02,2.675120e-01,6.174989e+00,2.662810e-01,2.691233e+00,9.048839e-01,-4.052614e+01
398.10717,6.955109e-01,-1.350458e+02,2.671799e-01,2.820070e+00,2.660336e-01,-3.565396e-01,9.054281e-01,-4.389797e+01
436.51583,6.904410e-01,-1.384484e+02,2.660053e-01,-4.932960e-01,2.649332e-01,-3.389502e+00,9.063578e-01,-4.751412e+01
478.63009,6.862873e-01,-1.416188e+02,2.639828e-01,-3.771334e+00,2.629761e-01,-6.411555e+00,9.076747e-01,-5.137560e+01
524.80746,6.829704e-01,-1.445632e+02,2.611055e-01,-7.018583e+00,2.601571e-01,-9.425106e+00,9.093761e-01,-5.547883e+01
575.43994,6.804097e-01,-1.472901e+02,2.573675e-01,-1.023725e+01,2.564715e-01,-1.243041e+01,9.114537e-01,-5.981485e+01
630.95734,6.785253e-01,-1.498100e+02,2.527673e-01,-1.342666e+01,2.519193e-01,-1.542500e+01,9.138916e-01,-6.436885e+01
691.83097,6.772390e-01,-1.521349e+02,2.473124e-01,-1.658282e+01,2.465091e-01,-1.840325e+01,9.166646e-01,-6.911979e+01
758.57758,6.764740e-01,-1.542774e+02,2.410232e-01,-1.969822e+01,2.402619e-01,-2.135616e+01,9.197373e-01,-7.404038e+01
831.76377,6.761556e-01,-1.562503e+02,2.339366e-01,-2.276177e+01,2.332155e-01,-2.427127e+01,9.230631e-01,-7.909750e+01
912.01084,6.762111e-01,-1.580664e+02,2.261090e-01,-2.575906e+01,2.254267e-01,-2.713293e+01,9.265856e-01,-8.425301e+01
1000.00000,6.765703e-01,-1.597378e+02,2.176175e-01,-2.867282e+01,2.169730e-01,-2.992272e+01,9.302400e-01,-8.946500e+01
1096.47820,6.771666e-01,-1.612758e+02,2.085585e-01,-3.148366e+01,2.079511e-01,-3.262018e+01,9.339568e-01,-9.468940e+01
1202.26443,6.779380e-01,-1.626907e+02,1.990458e-01,-3.417085e+01,1.984747e-01,-3.520367e+01,9.376654e-01,-9.988176e+01
1318.25674,6.788284e-01,-1.639916e+02,1.892051e-01,-3.671336e+01,1.886698e-01,-3.765127e+01,9.412983e-01,-1.049991e+02
1445.43977,6.797890e-01,-1.651866e+02,1.791690e-01,-3.909072e+01,1.786688e-01,-3.994172e+01,9.447952e-01,-1.100015e+02
1584.89319,6.807790e-01,-1.662830e+02,1.690701e-01,-4.128393e+01,1.686041e-01,-4.205528e+01,9.481058e-01,-1.148538e+02
1737.80083,6.817662e-01,-1.672868e+02,1.590353e-01,-4.327606e+01,1.586025e-01,-4.397438e+01,9.511921e-01,-1.195262e+02
1905.46072,6.827266e-01,-1.682035e+02,1.491804e-01,-4.505280e+01,1.487798e-01,-4.568410e+01,9.540286e-01,-1.239949e+02
2089.29613,6.836445e-01,-1.690380e+02,1.396069e-01,-4.660270e+01,1.392373e-01,-4.717245e+01,9.566017e-01,-1.282424e+02
2290.86765,6.845109e-01,-1.697946e+02,1.303993e-01,-4.791735e+01,1.300593e-01,-4.843053e+01,9.589087e-01,-1.322571e+02
2511.88643,6.853232e-01,-1.704773e+02,1.216243e-01,-4.899135e+01,1.213126e-01,-4.945251e+01,9.609556e-01,-1.360328e+02
2754.22870,6.860834e-01,-1.710896e+02,1.133316e-01,-4.982229e+01,1.130467e-01,-5.023556e+01,9.627551e-01,-1.395681e+02
3019.95172,6.867978e-01,-1.716349e+02,1.055547e-01,-5.041064e+01,1.052951e-01,-5.077983e+01,9.643243e-01,-1.428653e+02
3311.31121,6.874755e-01,-1.721163e+02,9.831302e-02,-5.075977e+01,9.807724e-02,-5.108837e+01,9.656832e-01,-1.459302e+02
3630.78055,6.881283e-01,-1.725366e+02,9.161381e-02,-5.087591e+01,9.140035e-02,-5.116715e+01,9.668529e-01,-1.487707e+02
3981.07171,6.887698e-01,-1.728984e+02,8.545425e-02,-5.076824e+01,8.526166e-02,-5.102514e+01,9.678548e-01,-1.513966e+02
4365.15832,6.894155e-01,-1.732041e+02,7.982345e-02,-5.044902e+01,7.965031e-02,-5.067439e+01,9.687092e-01,-1.538190e+02
4786.30092,6.900824e-01,-1.734557e+02,7.470415e-02,-4.993368e+01,7.454908e-02,-5.013019e+01,9.694354e-01,-1.560494e+02
5248.07460,6.907894e-01,-1.736551e+02,7.007419e-02,-4.924095e+01,6.993584e-02,-4.941115e+01,9.700510e-01,-1.580999e+02
5754.39937,6.915575e-01,-1.738040e+02,6.590771e-02,-4.839284e+01,6.578480e-02,-4.853918e+01,9.705718e-01,-1.599825e+02
6309.57344,6.924098e-01,-1.739038e+02,6.217618e-02,-4.741455e+01,6.206745e-02,-4.753936e+01,9.710119e-01,-1.617089e+02
6918.30971,6.933725e-01,-1.739558e+02,5.884914e-02,-4.633410e+01,5.875339e-02,-4.643965e+01,9.713837e-01,-1.632906e+02
7585.77575,6.944747e-01,-1.739610e+02,5.589488e-02,-4.518187e+01,5.581096e-02,-4.527034e+01,9.716980e-01,-1.647386e+02
8317.63771,6.957499e-01,-1.739206e+02,5.328098e-02,-4.398989e+01,5.320777e-02,-4.406335e+01,9.719642e-01,-1.660633e+02
9120.10839,6.972357e-01,-1.738356e+02,5.097477e-02,-4.279094e+01,5.091121e-02,-4.285135e+01,9.721905e-01,-1.672743e+02
10000.00000,6.989750e-01,-1.737071e+02,4.894372e-02,-4.161763e+01,4.888881e-02,-4.166683e+01,9.723839e-01,-1.683809e+02
