! ! 
! S ! 
! ! 
! # MHz  S  MA  R  50.00000
! ! ===================================================================
1.00000,9.926810e-01,-7.568494e-01,2.674998e-03,1.785438e+02,4.709371e-05,8.955970e+01,9.608036e-01,-1.799999e+02
1.09648,9.926780e-01,-8.298661e-01,2.675066e-03,1.784032e+02,5.163692e-05,8.951719e+01,9.608036e-01,-1.799999e+02
1.20226,9.926743e-01,-9.099265e-01,2.675149e-03,1.782492e+02,5.661834e-05,8.947057e+01,9.608036e-01,-1.799999e+02
1.31826,9.926698e-01,-9.977099e-01,2.675248e-03,1.780802e+02,6.208023e-05,8.941947e+01,9.608036e-01,-1.799999e+02
1.44544,9.926645e-01,-1.093961e+00,2.675368e-03,1.778950e+02,6.806889e-05,8.936343e+01,9.608036e-01,-1.799999e+02
1.58489,9.926581e-01,-1.199496e+00,2.675511e-03,1.776920e+02,7.463511e-05,8.930200e+01,9.608036e-01,-1.799999e+02
1.73780,9.926504e-01,-1.315211e+00,2.675684e-03,1.774694e+02,8.183451e-05,8.923464e+01,9.608036e-01,-1.799999e+02
1.90546,9.926412e-01,-1.442086e+00,2.675892e-03,1.772253e+02,8.972811e-05,8.916079e+01,9.608036e-01,-1.799999e+02
2.08930,9.926300e-01,-1.581197e+00,2.676141e-03,1.769577e+02,9.838274e-05,8.907982e+01,9.608036e-01,-1.799999e+02
2.29087,9.926167e-01,-1.733724e+00,2.676441e-03,1.766644e+02,1.078717e-04,8.899104e+01,9.608036e-01,-1.799999e+02
2.51189,9.926006e-01,-1.900958e+00,2.676801e-03,1.763429e+02,1.182751e-04,8.889370e+01,9.608036e-01,-1.799999e+02
2.75423,9.925812e-01,-2.084317e+00,2.677235e-03,1.759904e+02,1.296811e-04,8.878699e+01,9.608036e-01,-1.799998e+02
3.01995,9.925580e-01,-2.285352e+00,2.677755e-03,1.756041e+02,1.421860e-04,8.866998e+01,9.608036e-01,-1.799998e+02
3.31131,9.925301e-01,-2.505765e+00,2.678381e-03,1.751807e+02,1.558951e-04,8.854171e+01,9.608036e-01,-1.799998e+02
3.63078,9.924965e-01,-2.747420e+00,2.679133e-03,1.747166e+02,1.709242e-04,8.840107e+01,9.608036e-01,-1.799998e+02
3.98107,9.924561e-01,-3.012359e+00,2.680036e-03,1.742081e+02,1.873996e-04,8.824690e+01,9.608036e-01,-1.799998e+02
4.36516,9.924076e-01,-3.302818e+00,2.681122e-03,1.736509e+02,2.054598e-04,8.807788e+01,9.608036e-01,-1.799997e+02
4.78630,9.923493e-01,-3.621246e+00,2.682425e-03,1.730405e+02,2.252560e-04,8.789259e+01,9.608036e-01,-1.799997e+02
5.24807,9.922793e-01,-3.970325e+00,2.683991e-03,1.723718e+02,2.469539e-04,8.768948e+01,9.608036e-01,-1.799997e+02
5.75440,9.921951e-01,-4.352989e+00,2.685871e-03,1.716395e+02,2.707342e-04,8.746684e+01,9.608037e-01,-1.799997e+02
6.30957,9.920940e-01,-4.772450e+00,2.688128e-03,1.708377e+02,2.967944e-04,8.722282e+01,9.608037e-01,-1.799996e+02
6.91831,9.919725e-01,-5.232219e+00,2.690837e-03,1.699600e+02,3.253498e-04,8.695537e+01,9.608037e-01,-1.799996e+02
7.58578,9.918265e-01,-5.736133e+00,2.694086e-03,1.689997e+02,3.566353e-04,8.666228e+01,9.608037e-01,-1.799995e+02
8.31764,9.916513e-01,-6.288384e+00,2.697983e-03,1.679494e+02,3.909062e-04,8.634112e+01,9.608037e-01,-1.799995e+02
9.12011,9.914409e-01,-6.893548e+00,2.702653e-03,1.668011e+02,4.284402e-04,8.598925e+01,9.608037e-01,-1.799995e+02
10.00000,9.911883e-01,-7.556612e+00,2.708246e-03,1.655465e+02,4.695386e-04,8.560378e+01,9.608038e-01,-1.799994e+02
10.96478,9.908852e-01,-8.283009e+00,2.714941e-03,1.641767e+02,5.145272e-04,8.518161e+01,9.608038e-01,-1.799993e+02
12.02264,9.905217e-01,-9.078649e+00,2.722947e-03,1.626823e+02,5.637579e-04,8.471932e+01,9.608039e-01,-1.799993e+02
13.18257,9.900858e-01,-9.949948e+00,2.732511e-03,1.610536e+02,6.176091e-04,8.421326e+01,9.608039e-01,-1.799992e+02
14.45440,9.895636e-01,-1.090386e+01,2.743921e-03,1.592806e+02,6.764862e-04,8.365944e+01,9.608040e-01,-1.799991e+02
15.84893,9.889382e-01,-1.194790e+01,2.757513e-03,1.573532e+02,7.408214e-04,8.305360e+01,9.608041e-01,-1.799991e+02
17.37801,9.881900e-01,-1.309016e+01,2.773678e-03,1.552611e+02,8.110722e-04,8.239115e+01,9.608042e-01,-1.799990e+02
19.05461,9.872956e-01,-1.433936e+01,2.792861e-03,1.529945e+02,8.877197e-04,8.166722e+01,9.608043e-01,-1.799989e+02
20.89296,9.862278e-01,-1.570478e+01,2.815571e-03,1.505441e+02,9.712643e-04,8.087662e+01,9.608044e-01,-1.799988e+02
22.90868,9.849546e-01,-1.719632e+01,2.842380e-03,1.479016e+02,1.062220e-03,8.001388e+01,9.608046e-01,-1.799986e+02
25.11886,9.834391e-01,-1.882443e+01,2.873923e-03,1.450599e+02,1.161107e-03,7.907331e+01,9.608047e-01,-1.799985e+02
27.54229,9.816385e-01,-2.060004e+01,2.910891e-03,1.420139e+02,1.268438e-03,7.804902e+01,9.608050e-01,-1.799984e+02
30.19952,9.795042e-01,-2.253452e+01,2.954026e-03,1.387606e+02,1.384706e-03,7.693506e+01,9.608052e-01,-1.799982e+02
33.11311,9.769813e-01,-2.463947e+01,3.004100e-03,1.352997e+02,1.510363e-03,7.572545e+01,9.608055e-01,-1.799981e+02
36.30781,9.740085e-01,-2.692660e+01,3.061890e-03,1.316344e+02,1.645796e-03,7.441441e+01,9.608059e-01,-1.799979e+02
39.81072,9.705189e-01,-2.940740e+01,3.128147e-03,1.277708e+02,1.791296e-03,7.299651e+01,9.608063e-01,-1.799977e+02
43.65158,9.664408e-01,-3.209289e+01,3.203552e-03,1.237191e+02,1.947025e-03,7.146694e+01,9.608068e-01,-1.799975e+02
47.86301,9.616996e-01,-3.499316e+01,3.288662e-03,1.194931e+02,2.112974e-03,6.982176e+01,9.608074e-01,-1.799972e+02
52.48075,9.562206e-01,-3.811691e+01,3.383855e-03,1.151099e+02,2.288921e-03,6.805829e+01,9.608081e-01,-1.799970e+02
57.54399,9.499325e-01,-4.147082e+01,3.489267e-03,1.105900e+02,2.474384e-03,6.617543e+01,9.608088e-01,-1.799967e+02
63.09573,9.427729e-01,-4.505898e+01,3.604734e-03,1.059566e+02,2.668587e-03,6.417411e+01,9.608097e-01,-1.799964e+02
69.18310,9.346941e-01,-4.888213e+01,3.729743e-03,1.012349e+02,2.870422e-03,6.205764e+01,9.608106e-01,-1.799961e+02
75.85776,9.256699e-01,-5.293705e+01,3.863400e-03,9.645198e+01,3.078437e-03,5.983209e+01,9.608117e-01,-1.799958e+02
83.17638,9.157027e-01,-5.721582e+01,4.004423e-03,9.163586e+01,3.290843e-03,5.750652e+01,9.608129e-01,-1.799954e+02
91.20108,9.048297e-01,-6.170539e+01,4.151164e-03,8.681523e+01,3.505545e-03,5.509313e+01,9.608141e-01,-1.799950e+02
100.00000,8.931274e-01,-6.638723e+01,4.301666e-03,8.201891e+01,3.720210e-03,5.260720e+01,9.608155e-01,-1.799946e+02
109.64782,8.807135e-01,-7.123723e+01,4.453750e-03,7.727543e+01,3.932361e-03,5.006678e+01,9.608169e-01,-1.799941e+02
120.22644,8.677447e-01,-7.622605e+01,4.605132e-03,7.261252e+01,4.139499e-03,4.749224e+01,9.608184e-01,-1.799936e+02
131.82567,8.544105e-01,-8.131964e+01,4.753554e-03,6.805661e+01,4.339233e-03,4.490549e+01,9.608199e-01,-1.799931e+02
144.54398,8.409230e-01,-8.648028e+01,4.896907e-03,6.363230e+01,4.529407e-03,4.232920e+01,9.608214e-01,-1.799925e+02
158.48932,8.275042e-01,-9.166777e+01,5.033355e-03,5.936179e+01,4.708218e-03,3.978583e+01,9.608229e-01,-1.799919e+02
173.78008,8.143712e-01,-9.684089e+01,5.161413e-03,5.526441e+01,4.874293e-03,3.729677e+01,9.608243e-01,-1.799912e+02
190.54607,8.017232e-01,-1.019589e+02,5.280003e-03,5.135615e+01,5.026727e-03,3.488150e+01,9.608258e-01,-1.799905e+02
208.92961,7.897299e-01,-1.069832e+02,5.388464e-03,4.764950e+01,5.165091e-03,3.255703e+01,9.608271e-01,-1.799897e+02
229.08677,7.785239e-01,-1.118782e+02,5.486531e-03,4.415332e+01,5.289391e-03,3.033748e+01,9.608284e-01,-1.799888e+02
251.18864,7.681974e-01,-1.166130e+02,5.574286e-03,4.087296e+01,5.400010e-03,2.823397e+01,9.608297e-01,-1.799879e+02
275.42287,7.588021e-01,-1.211616e+02,5.652098e-03,3.781050e+01,5.497626e-03,2.625457e+01,9.608309e-01,-1.799868e+02
301.99517,7.503535e-01,-1.255036e+02,5.720549e-03,3.496518e+01,5.583139e-03,2.440459e+01,9.608321e-01,-1.799856e+02
331.13112,7.428359e-01,-1.296241e+02,5.780365e-03,3.233376e+01,5.657584e-03,2.268686e+01,9.608332e-01,-1.799844e+02
363.07805,7.362097e-01,-1.335134e+02,5.832361e-03,2.991110e+01,5.722069e-03,2.110211e+01,9.608344e-01,-1.799830e+02
398.10717,7.304179e-01,-1.371667e+02,5.877389e-03,2.769055e+01,5.777719e-03,1.964936e+01,9.608356e-01,-1.799814e+02
436.51583,7.253926e-01,-1.405834e+02,5.916298e-03,2.566443e+01,5.825634e-03,1.832636e+01,9.608369e-01,-1.799797e+02
478.63009,7.210606e-01,-1.437665e+02,5.949911e-03,2.382443e+01,5.866862e-03,1.712991e+01,9.608382e-01,-1.799778e+02
524.80746,7.173471e-01,-1.467217e+02,5.979008e-03,2.216193e+01,5.902383e-03,1.605620e+01,9.608397e-01,-1.799758e+02
575.43994,7.141796e-01,-1.494569e+02,6.004313e-03,2.066828e+01,5.933098e-03,1.510110e+01,9.608414e-01,-1.799735e+02
630.95734,7.114895e-01,-1.519816e+02,6.026499e-03,1.933503e+01,5.959834e-03,1.426033e+01,9.608434e-01,-1.799711e+02
691.83097,7.092136e-01,-1.543065e+02,6.046185e-03,1.815410e+01,5.983344e-03,1.352970e+01,9.608456e-01,-1.799683e+02
758.57758,7.072949e-01,-1.564427e+02,6.063944e-03,1.711788e+01,6.004314e-03,1.290521e+01,9.608482e-01,-1.799653e+02
831.76377,7.056826e-01,-1.584017e+02,6.080309e-03,1.621935e+01,6.023379e-03,1.238316e+01,9.608513e-01,-1.799621e+02
912.01084,7.043324e-01,-1.601947e+02,6.095788e-03,1.545211e+01,6.041129e-03,1.196020e+01,9.608549e-01,-1.799584e+02
1000.00000,7.032055e-01,-1.618331e+02,6.110868e-03,1.481042e+01,6.058124e-03,1.163342e+01,9.608593e-01,-1.799545e+02
1096.47820,7.022688e-01,-1.633276e+02,6.126034e-03,1.428919e+01,6.074910e-03,1.140030e+01,9.608645e-01,-1.799502e+02
1202.26443,7.014941e-01,-1.646884e+02,6.141776e-03,1.388396e+01,6.092029e-03,1.125879e+01,9.608707e-01,-1.799454e+02
1318.25674,7.008576e-01,-1.659253e+02,6.158605e-03,1.359090e+01,6.110037e-03,1.120719e+01,9.608781e-01,-1.799402e+02
1445.43977,7.003393e-01,-1.670473e+02,6.177066e-03,1.340669e+01,6.129519e-03,1.124421e+01,9.608870e-01,-1.799345e+02
1584.89319,6.999229e-01,-1.680629e+02,6.197756e-03,1.332849e+01,6.151103e-03,1.136880e+01,9.608977e-01,-1.799282e+02
1737.80083,6.995950e-01,-1.689800e+02,6.221336e-03,1.335379e+01,6.175481e-03,1.158013e+01,9.609105e-01,-1.799214e+02
1905.46072,6.993450e-01,-1.698056e+02,6.248550e-03,1.348034e+01,6.203421e-03,1.187744e+01,9.609258e-01,-1.799139e+02
2089.29613,6.991649e-01,-1.705463e+02,6.280244e-03,1.370590e+01,6.235793e-03,1.225989e+01,9.609443e-01,-1.799057e+02
2290.86765,6.990488e-01,-1.712082e+02,6.317383e-03,1.402812e+01,6.273583e-03,1.272634e+01,9.609664e-01,-1.798967e+02
2511.88643,6.989928e-01,-1.717965e+02,6.361073e-03,1.444422e+01,6.317917e-03,1.327514e+01,9.609929e-01,-1.798869e+02
2754.22870,6.989950e-01,-1.723162e+02,6.412579e-03,1.495077e+01,6.370074e-03,1.390382e+01,9.610246e-01,-1.798761e+02
3019.95172,6.990555e-01,-1.727715e+02,6.473340e-03,1.554326e+01,6.431515e-03,1.460879e+01,9.610627e-01,-1.798644e+02
3311.31121,6.991761e-01,-1.731664e+02,6.544992e-03,1.621581e+01,6.503888e-03,1.538489e+01,9.611083e-01,-1.798517e+02
3630.78055,6.993607e-01,-1.735042e+02,6.629372e-03,1.696067e+01,6.589045e-03,1.622504e+01,9.611628e-01,-1.798378e+02
3981.07171,6.996152e-01,-1.737880e+02,6.728525e-03,1.776784e+01,6.689047e-03,1.711979e+01,9.612281e-01,-1.798227e+02
4365.15832,6.999475e-01,-1.740204e+02,6.844700e-03,1.862461e+01,6.806153e-03,1.805691e+01,9.613059e-01,-1.798063e+02
4786.30092,7.003680e-01,-1.742036e+02,6.980329e-03,1.951523e+01,6.942805e-03,1.902100e+01,9.613988e-01,-1.797885e+02
5248.07460,7.008896e-01,-1.743397e+02,7.137992e-03,2.042061e+01,7.101591e-03,1.999331e+01,9.615095e-01,-1.797693e+02
5754.39937,7.015282e-01,-1.744303e+02,7.320362e-03,2.131826e+01,7.285188e-03,2.095158e+01,9.616409e-01,-1.797486e+02
6309.57344,7.023027e-01,-1.744771e+02,7.530124e-03,2.218234e+01,7.496283e-03,2.187023e+01,9.617968e-01,-1.797263e+02
6918.30971,7.032357e-01,-1.744812e+02,7.769871e-03,2.298405e+01,7.737464e-03,2.272067e+01,9.619813e-01,-1.797025e+02
7585.77575,7.043533e-01,-1.744441e+02,8.041972e-03,2.369223e+01,8.011095e-03,2.347198e+01,9.621987e-01,-1.796771e+02
8317.63771,7.056861e-01,-1.743669e+02,8.348414e-03,2.427419e+01,8.319151e-03,2.409173e+01,9.624542e-01,-1.796503e+02
9120.10839,7.072687e-01,-1.742509e+02,8.690618e-03,2.469681e+01,8.663039e-03,2.454709e+01,9.627531e-01,-1.796221e+02
10000.00000,7.091404e-01,-1.740977e+02,9.069234e-03,2.492764e+01,9.043393e-03,2.480600e+01,9.631009e-01,-1.795926e+02
