! ! 
! S ! 
! ! 
! # MHz  S  MA  R  50.00000
! ! ===================================================================
1.00000,9.928228e-01,-7.528711e-01,2.278120e-03,1.783711e+02,4.706352e-05,8.956201e+01,9.608057e-01,-1.799999e+02
1.09648,9.928198e-01,-8.255041e-01,2.278206e-03,1.782139e+02,5.160381e-05,8.951971e+01,9.608057e-01,-1.799999e+02
1.20226,9.928162e-01,-9.051437e-01,2.278309e-03,1.780416e+02,5.658204e-05,8.947334e+01,9.608057e-01,-1.799999e+02
1.31826,9.928118e-01,-9.924657e-01,2.278433e-03,1.778527e+02,6.204044e-05,8.942250e+01,9.608057e-01,-1.799999e+02
1.44544,9.928065e-01,-1.088211e+00,2.278582e-03,1.776455e+02,6.802527e-05,8.936675e+01,9.608057e-01,-1.799999e+02
1.58489,9.928002e-01,-1.193192e+00,2.278761e-03,1.774185e+02,7.458729e-05,8.930564e+01,9.608057e-01,-1.799999e+02
1.73780,9.927925e-01,-1.308298e+00,2.278977e-03,1.771695e+02,8.178210e-05,8.923862e+01,9.608057e-01,-1.799999e+02
1.90546,9.927834e-01,-1.434506e+00,2.279236e-03,1.768966e+02,8.967065e-05,8.916515e+01,9.608057e-01,-1.799999e+02
2.08930,9.927724e-01,-1.572887e+00,2.279547e-03,1.765974e+02,9.831976e-05,8.908460e+01,9.608057e-01,-1.799999e+02
2.29087,9.927591e-01,-1.724612e+00,2.279921e-03,1.762695e+02,1.078026e-04,8.899628e+01,9.608057e-01,-1.799999e+02
2.51189,9.927432e-01,-1.890968e+00,2.280371e-03,1.759100e+02,1.181995e-04,8.889945e+01,9.608057e-01,-1.799999e+02
2.75423,9.927241e-01,-2.073363e+00,2.280911e-03,1.755160e+02,1.295982e-04,8.879329e+01,9.608057e-01,-1.799998e+02
3.01995,9.927011e-01,-2.273343e+00,2.281560e-03,1.750842e+02,1.420952e-04,8.867689e+01,9.608057e-01,-1.799998e+02
3.31131,9.926734e-01,-2.492599e+00,2.282341e-03,1.746110e+02,1.557957e-04,8.854928e+01,9.608057e-01,-1.799998e+02
3.63078,9.926402e-01,-2.732985e+00,2.283278e-03,1.740925e+02,1.708153e-04,8.840937e+01,9.608057e-01,-1.799998e+02
3.98107,9.926002e-01,-2.996532e+00,2.284405e-03,1.735245e+02,1.872803e-04,8.825599e+01,9.608057e-01,-1.799998e+02
4.36516,9.925522e-01,-3.285467e+00,2.285758e-03,1.729022e+02,2.053292e-04,8.808785e+01,9.608057e-01,-1.799997e+02
4.78630,9.924945e-01,-3.602225e+00,2.287383e-03,1.722207e+02,2.251132e-04,8.790352e+01,9.608057e-01,-1.799997e+02
5.24807,9.924251e-01,-3.949473e+00,2.289334e-03,1.714745e+02,2.467976e-04,8.770146e+01,9.608057e-01,-1.799997e+02
5.75440,9.923418e-01,-4.330132e+00,2.291676e-03,1.706577e+02,2.705633e-04,8.747997e+01,9.608057e-01,-1.799997e+02
6.30957,9.922417e-01,-4.747396e+00,2.294486e-03,1.697638e+02,2.966077e-04,8.723721e+01,9.608058e-01,-1.799996e+02
6.91831,9.921214e-01,-5.204758e+00,2.297858e-03,1.687861e+02,3.251460e-04,8.697114e+01,9.608058e-01,-1.799996e+02
7.58578,9.919769e-01,-5.706036e+00,2.301901e-03,1.677171e+02,3.564129e-04,8.667956e+01,9.608058e-01,-1.799996e+02
8.31764,9.918034e-01,-6.255402e+00,2.306745e-03,1.665490e+02,3.906639e-04,8.636005e+01,9.608058e-01,-1.799995e+02
9.12011,9.915951e-01,-6.857407e+00,2.312548e-03,1.652734e+02,4.281765e-04,8.600998e+01,9.608058e-01,-1.799995e+02
10.00000,9.913450e-01,-7.517015e+00,2.319492e-03,1.638816e+02,4.692520e-04,8.562650e+01,9.608059e-01,-1.799994e+02
10.96478,9.910450e-01,-8.239633e+00,2.327796e-03,1.623645e+02,5.142164e-04,8.520649e+01,9.608059e-01,-1.799994e+02
12.02264,9.906851e-01,-9.031143e+00,2.337713e-03,1.607125e+02,5.634216e-04,8.474656e+01,9.608059e-01,-1.799993e+02
13.18257,9.902535e-01,-9.897930e+00,2.349544e-03,1.589161e+02,6.172462e-04,8.424307e+01,9.608060e-01,-1.799992e+02
14.45440,9.897365e-01,-1.084692e+01,2.363635e-03,1.569656e+02,6.760960e-04,8.369206e+01,9.608061e-01,-1.799992e+02
15.84893,9.891173e-01,-1.188558e+01,2.380391e-03,1.548517e+02,7.404036e-04,8.308927e+01,9.608061e-01,-1.799991e+02
17.37801,9.883764e-01,-1.302200e+01,2.400271e-03,1.525653e+02,8.106273e-04,8.243015e+01,9.608062e-01,-1.799990e+02
19.05461,9.874907e-01,-1.426483e+01,2.423804e-03,1.500983e+02,8.872491e-04,8.170983e+01,9.608063e-01,-1.799989e+02
20.89296,9.864332e-01,-1.562334e+01,2.451579e-03,1.474439e+02,9.707707e-04,8.092313e+01,9.608064e-01,-1.799988e+02
22.90868,9.851722e-01,-1.710738e+01,2.484255e-03,1.445966e+02,1.061708e-03,8.006461e+01,9.608066e-01,-1.799987e+02
25.11886,9.836710e-01,-1.872738e+01,2.522550e-03,1.415531e+02,1.160583e-03,7.912859e+01,9.608068e-01,-1.799985e+02
27.54229,9.818873e-01,-2.049425e+01,2.567237e-03,1.383125e+02,1.267913e-03,7.810919e+01,9.608070e-01,-1.799984e+02
30.19952,9.797726e-01,-2.241933e+01,2.619123e-03,1.348767e+02,1.384193e-03,7.700044e+01,9.608072e-01,-1.799982e+02
33.11311,9.772725e-01,-2.451420e+01,2.679033e-03,1.312507e+02,1.509881e-03,7.579638e+01,9.608075e-01,-1.799981e+02
36.30781,9.743260e-01,-2.679058e+01,2.747774e-03,1.274428e+02,1.645370e-03,7.449121e+01,9.608079e-01,-1.799979e+02
39.81072,9.708665e-01,-2.925999e+01,2.826097e-03,1.234645e+02,1.790960e-03,7.307947e+01,9.608083e-01,-1.799977e+02
43.65158,9.668225e-01,-3.193348e+01,2.914649e-03,1.193303e+02,1.946820e-03,7.155631e+01,9.608088e-01,-1.799975e+02
47.86301,9.621195e-01,-3.482120e+01,3.013922e-03,1.150573e+02,2.112953e-03,6.991773e+01,9.608093e-01,-1.799973e+02
52.48075,9.566825e-01,-3.793194e+01,3.124188e-03,1.106649e+02,2.289148e-03,6.816096e+01,9.608099e-01,-1.799970e+02
57.54399,9.504400e-01,-4.127252e+01,3.245447e-03,1.061741e+02,2.474939e-03,6.628482e+01,9.608107e-01,-1.799967e+02
63.09573,9.433290e-01,-4.484720e+01,3.377371e-03,1.016070e+02,2.669563e-03,6.429009e+01,9.608115e-01,-1.799964e+02
69.18310,9.353006e-01,-4.865693e+01,3.519260e-03,9.698633e+01,2.871926e-03,6.217995e+01,9.608124e-01,-1.799961e+02
75.85776,9.263273e-01,-5.269871e+01,3.670022e-03,9.233519e+01,3.080591e-03,5.996029e+01,9.608134e-01,-1.799958e+02
83.17638,9.164097e-01,-5.696493e+01,3.828172e-03,8.767689e+01,3.293777e-03,5.764001e+01,9.608145e-01,-1.799954e+02
91.20108,9.055827e-01,-6.144285e+01,3.991863e-03,8.303477e+01,3.509396e-03,5.523113e+01,9.608158e-01,-1.799950e+02
100.00000,8.939207e-01,-6.611423e+01,4.158948e-03,7.843212e+01,3.725115e-03,5.274875e+01,9.608171e-01,-1.799946e+02
109.64782,8.815391e-01,-7.095530e+01,4.327075e-03,7.389214e+01,3.938453e-03,5.021079e+01,9.608184e-01,-1.799942e+02
120.22644,8.685925e-01,-7.593699e+01,4.493809e-03,6.943768e+01,4.146896e-03,4.763747e+01,9.608198e-01,-1.799937e+02
131.82567,8.552688e-01,-8.102551e+01,4.656760e-03,6.509089e+01,4.348030e-03,4.505067e+01,9.608213e-01,-1.799931e+02
144.54398,8.417792e-01,-8.618331e+01,4.813719e-03,6.087282e+01,4.539676e-03,4.247302e+01,9.608227e-01,-1.799926e+02
158.48932,8.283457e-01,-9.137031e+01,4.962775e-03,5.680283e+01,4.719999e-03,3.992703e+01,9.608242e-01,-1.799920e+02
173.78008,8.151861e-01,-9.654529e+01,5.102398e-03,5.289812e+01,4.887593e-03,3.743415e+01,9.608256e-01,-1.799913e+02
190.54607,8.025010e-01,-1.016675e+02,5.231490e-03,4.917320e+01,5.041522e-03,3.501400e+01,9.608270e-01,-1.799906e+02
208.92961,7.904621e-01,-1.066980e+02,5.349398e-03,4.563960e+01,5.181328e-03,3.268374e+01,9.608283e-01,-1.799898e+02
229.08677,7.792044e-01,-1.116013e+02,5.455888e-03,4.230567e+01,5.306994e-03,3.045767e+01,9.608296e-01,-1.799889e+02
251.18864,7.688221e-01,-1.163459e+02,5.551091e-03,3.917660e+01,5.418885e-03,2.834705e+01,9.608308e-01,-1.799879e+02
275.42287,7.593696e-01,-1.209058e+02,5.635435e-03,3.625459e+01,5.517669e-03,2.636014e+01,9.608320e-01,-1.799869e+02
301.99517,7.508641e-01,-1.252600e+02,5.709575e-03,3.353916e+01,5.604237e-03,2.450239e+01,9.608331e-01,-1.799857e+02
331.13112,7.432915e-01,-1.293934e+02,5.774316e-03,3.102751e+01,5.679626e-03,2.277675e+01,9.608343e-01,-1.799844e+02
363.07805,7.366135e-01,-1.332961e+02,5.830550e-03,2.871500e+01,5.744944e-03,2.118407e+01,9.608354e-01,-1.799830e+02
398.10717,7.307737e-01,-1.369629e+02,5.879205e-03,2.659555e+01,5.801322e-03,1.972344e+01,9.608366e-01,-1.799815e+02
436.51583,7.257049e-01,-1.403930e+02,5.921206e-03,2.466205e+01,5.849868e-03,1.839268e+01,9.608378e-01,-1.799798e+02
478.63009,7.213337e-01,-1.435893e+02,5.957443e-03,2.290678e+01,5.891638e-03,1.718863e+01,9.608392e-01,-1.799779e+02
524.80746,7.175856e-01,-1.465572e+02,5.988758e-03,2.132168e+01,5.927620e-03,1.610749e+01,9.608407e-01,-1.799758e+02
575.43994,7.143878e-01,-1.493047e+02,6.015933e-03,1.989864e+01,5.958725e-03,1.514515e+01,9.608423e-01,-1.799736e+02
630.95734,7.116712e-01,-1.518412e+02,6.039690e-03,1.862973e+01,5.985787e-03,1.429732e+01,9.608443e-01,-1.799711e+02
691.83097,7.093725e-01,-1.541771e+02,6.060690e-03,1.750735e+01,6.009565e-03,1.355980e+01,9.608465e-01,-1.799684e+02
758.57758,7.074342e-01,-1.563237e+02,6.079544e-03,1.652434e+01,6.030755e-03,1.292857e+01,9.608491e-01,-1.799654e+02
831.76377,7.058053e-01,-1.582924e+02,6.096819e-03,1.567410e+01,6.049994e-03,1.239990e+01,9.608522e-01,-1.799621e+02
912.01084,7.044408e-01,-1.600945e+02,6.113049e-03,1.495063e+01,6.067877e-03,1.197041e+01,9.608558e-01,-1.799585e+02
1000.00000,7.033019e-01,-1.617413e+02,6.128746e-03,1.434853e+01,6.084970e-03,1.163716e+01,9.608601e-01,-1.799546e+02
1096.47820,7.023550e-01,-1.632435e+02,6.144412e-03,1.386304e+01,6.101820e-03,1.139761e+01,9.608653e-01,-1.799502e+02
1202.26443,7.015717e-01,-1.646116e+02,6.160554e-03,1.349002e+01,6.118972e-03,1.124966e+01,9.608715e-01,-1.799455e+02
1318.25674,7.009279e-01,-1.658551e+02,6.177696e-03,1.322590e+01,6.136981e-03,1.119159e+01,9.608789e-01,-1.799403e+02
1445.43977,7.004035e-01,-1.669833e+02,6.196394e-03,1.306761e+01,6.156434e-03,1.122206e+01,9.608877e-01,-1.799346e+02
1584.89319,6.999819e-01,-1.680045e+02,6.217251e-03,1.301256e+01,6.177957e-03,1.134001e+01,9.608984e-01,-1.799283e+02
1737.80083,6.996496e-01,-1.689268e+02,6.240935e-03,1.305845e+01,6.202241e-03,1.154459e+01,9.609111e-01,-1.799215e+02
1905.46072,6.993960e-01,-1.697571e+02,6.268195e-03,1.320323e+01,6.230052e-03,1.183503e+01,9.609264e-01,-1.799140e+02
2089.29613,6.992127e-01,-1.705023e+02,6.299878e-03,1.344486e+01,6.262257e-03,1.221048e+01,9.609448e-01,-1.799058e+02
2290.86765,6.990939e-01,-1.711681e+02,6.336951e-03,1.378118e+01,6.299837e-03,1.266980e+01,9.609668e-01,-1.798969e+02
2511.88643,6.990355e-01,-1.717602e+02,6.380518e-03,1.420959e+01,6.343912e-03,1.321137e+01,9.609932e-01,-1.798871e+02
2754.22870,6.990357e-01,-1.722832e+02,6.431844e-03,1.472683e+01,6.395759e-03,1.383277e+01,9.610249e-01,-1.798764e+02
3019.95172,6.990943e-01,-1.727417e+02,6.492365e-03,1.532860e+01,6.456830e-03,1.453044e+01,9.610628e-01,-1.798647e+02
3311.31121,6.992132e-01,-1.731394e+02,6.563712e-03,1.600918e+01,6.528767e-03,1.529932e+01,9.611083e-01,-1.798519e+02
3630.78055,6.993962e-01,-1.734799e+02,6.647721e-03,1.676104e+01,6.613416e-03,1.613244e+01,9.611627e-01,-1.798381e+02
3981.07171,6.996491e-01,-1.737661e+02,6.746431e-03,1.757438e+01,6.712830e-03,1.702046e+01,9.612277e-01,-1.798230e+02
4365.15832,6.999799e-01,-1.740008e+02,6.862089e-03,1.843671e+01,6.829264e-03,1.795132e+01,9.613053e-01,-1.798066e+02
4786.30092,7.003988e-01,-1.741861e+02,6.997122e-03,1.933250e+01,6.965155e-03,1.890979e+01,9.613979e-01,-1.797888e+02
5248.07460,7.009187e-01,-1.743241e+02,7.154111e-03,2.024290e+01,7.123088e-03,1.987728e+01,9.615081e-01,-1.797697e+02
5754.39937,7.015554e-01,-1.744165e+02,7.335728e-03,2.114562e+01,7.305739e-03,2.083175e+01,9.616392e-01,-1.797490e+02
6309.57344,7.023279e-01,-1.744649e+02,7.544662e-03,2.201503e+01,7.515797e-03,2.174776e+01,9.617946e-01,-1.797267e+02
6918.30971,7.032586e-01,-1.744706e+02,7.783511e-03,2.282253e+01,7.755860e-03,2.259689e+01,9.619785e-01,-1.797030e+02
7585.77575,7.043737e-01,-1.744349e+02,8.054655e-03,2.353708e+01,8.028299e-03,2.334829e+01,9.621953e-01,-1.796776e+02
8317.63771,7.057035e-01,-1.743590e+02,8.360093e-03,2.412610e+01,8.335107e-03,2.396963e+01,9.624500e-01,-1.796508e+02
9120.10839,7.072828e-01,-1.742443e+02,8.701265e-03,2.455651e+01,8.677709e-03,2.442806e+01,9.627480e-01,-1.796226e+02
10000.00000,7.091507e-01,-1.740922e+02,9.078842e-03,2.479587e+01,9.056764e-03,2.469144e+01,9.630949e-01,-1.795932e+02
