! ! 
! S ! 
! ! 
! # MHz  S  MA  R  50.00000
! ! ===================================================================
1.00000,9.928227e-01,-7.528838e-01,2.277994e-03,1.783709e+02,4.706970e-05,8.956199e+01,9.608044e-01,-1.799999e+02
1.09648,9.928197e-01,-8.255180e-01,2.278079e-03,1.782137e+02,5.161059e-05,8.951969e+01,9.608044e-01,-1.799999e+02
1.20226,9.928160e-01,-9.051589e-01,2.278183e-03,1.780413e+02,5.658948e-05,8.947332e+01,9.608044e-01,-1.799999e+02
1.31826,9.928117e-01,-9.924824e-01,2.278307e-03,1.778524e+02,6.204859e-05,8.942248e+01,9.608044e-01,-1.799999e+02
1.44544,9.928064e-01,-1.088229e+00,2.278456e-03,1.776452e+02,6.803421e-05,8.936673e+01,9.608044e-01,-1.799999e+02
1.58489,9.928000e-01,-1.193212e+00,2.278635e-03,1.774181e+02,7.459709e-05,8.930561e+01,9.608044e-01,-1.799999e+02
1.73780,9.927924e-01,-1.308320e+00,2.278850e-03,1.771691e+02,8.179284e-05,8.923860e+01,9.608044e-01,-1.799999e+02
1.90546,9.927833e-01,-1.434531e+00,2.279109e-03,1.768962e+02,8.968244e-05,8.916513e+01,9.608044e-01,-1.799999e+02
2.08930,9.927722e-01,-1.572913e+00,2.279421e-03,1.765969e+02,9.833268e-05,8.908458e+01,9.608044e-01,-1.799999e+02
2.29087,9.927590e-01,-1.724641e+00,2.279795e-03,1.762690e+02,1.078168e-04,8.899626e+01,9.608044e-01,-1.799999e+02
2.51189,9.927431e-01,-1.891000e+00,2.280245e-03,1.759094e+02,1.182150e-04,8.889943e+01,9.608044e-01,-1.799999e+02
2.75423,9.927239e-01,-2.073398e+00,2.280785e-03,1.755154e+02,1.296153e-04,8.879326e+01,9.608044e-01,-1.799998e+02
3.01995,9.927009e-01,-2.273381e+00,2.281435e-03,1.750835e+02,1.421138e-04,8.867686e+01,9.608044e-01,-1.799998e+02
3.31131,9.926733e-01,-2.492641e+00,2.282216e-03,1.746103e+02,1.558161e-04,8.854925e+01,9.608044e-01,-1.799998e+02
3.63078,9.926401e-01,-2.733031e+00,2.283154e-03,1.740917e+02,1.708377e-04,8.840934e+01,9.608044e-01,-1.799998e+02
3.98107,9.926001e-01,-2.996583e+00,2.284280e-03,1.735236e+02,1.873049e-04,8.825596e+01,9.608044e-01,-1.799998e+02
4.36516,9.925521e-01,-3.285522e+00,2.285634e-03,1.729012e+02,2.053562e-04,8.808781e+01,9.608044e-01,-1.799997e+02
4.78630,9.924944e-01,-3.602285e+00,2.287259e-03,1.722196e+02,2.251427e-04,8.790348e+01,9.608044e-01,-1.799997e+02
5.24807,9.924250e-01,-3.949539e+00,2.289211e-03,1.714733e+02,2.468300e-04,8.770141e+01,9.608044e-01,-1.799997e+02
5.75440,9.923417e-01,-4.330205e+00,2.291554e-03,1.706564e+02,2.705989e-04,8.747992e+01,9.608044e-01,-1.799997e+02
6.30957,9.922416e-01,-4.747475e+00,2.294366e-03,1.697624e+02,2.966466e-04,8.723716e+01,9.608044e-01,-1.799996e+02
6.91831,9.921213e-01,-5.204845e+00,2.297738e-03,1.687845e+02,3.251887e-04,8.697108e+01,9.608044e-01,-1.799996e+02
7.58578,9.919768e-01,-5.706132e+00,2.301783e-03,1.677154e+02,3.564597e-04,8.667950e+01,9.608045e-01,-1.799996e+02
8.31764,9.918033e-01,-6.255507e+00,2.306629e-03,1.665471e+02,3.907152e-04,8.635999e+01,9.608045e-01,-1.799995e+02
9.12011,9.915950e-01,-6.857522e+00,2.312434e-03,1.652714e+02,4.282327e-04,8.600992e+01,9.608045e-01,-1.799995e+02
10.00000,9.913449e-01,-7.517141e+00,2.319381e-03,1.638794e+02,4.693136e-04,8.562643e+01,9.608045e-01,-1.799994e+02
10.96478,9.910448e-01,-8.239772e+00,2.327687e-03,1.623621e+02,5.142839e-04,8.520640e+01,9.608046e-01,-1.799994e+02
12.02264,9.906849e-01,-9.031294e+00,2.337608e-03,1.607099e+02,5.634955e-04,8.474647e+01,9.608046e-01,-1.799993e+02
13.18257,9.902534e-01,-9.898096e+00,2.349443e-03,1.589133e+02,6.173272e-04,8.424297e+01,9.608047e-01,-1.799992e+02
14.45440,9.897363e-01,-1.084710e+01,2.363540e-03,1.569626e+02,6.761847e-04,8.369195e+01,9.608047e-01,-1.799992e+02
15.84893,9.891170e-01,-1.188578e+01,2.380301e-03,1.548484e+02,7.405007e-04,8.308915e+01,9.608048e-01,-1.799991e+02
17.37801,9.883761e-01,-1.302222e+01,2.400189e-03,1.525617e+02,8.107336e-04,8.243002e+01,9.608049e-01,-1.799990e+02
19.05461,9.874904e-01,-1.426507e+01,2.423729e-03,1.500945e+02,8.873654e-04,8.170969e+01,9.608050e-01,-1.799989e+02
20.89296,9.864329e-01,-1.562360e+01,2.451514e-03,1.474399e+02,9.708979e-04,8.092298e+01,9.608051e-01,-1.799988e+02
22.90868,9.851719e-01,-1.710767e+01,2.484201e-03,1.445923e+02,1.061847e-03,8.006444e+01,9.608053e-01,-1.799987e+02
25.11886,9.836706e-01,-1.872769e+01,2.522509e-03,1.415485e+02,1.160735e-03,7.912840e+01,9.608054e-01,-1.799985e+02
27.54229,9.818868e-01,-2.049459e+01,2.567210e-03,1.383077e+02,1.268078e-03,7.810899e+01,9.608057e-01,-1.799984e+02
30.19952,9.797721e-01,-2.241969e+01,2.619113e-03,1.348717e+02,1.384374e-03,7.700022e+01,9.608059e-01,-1.799982e+02
33.11311,9.772720e-01,-2.451460e+01,2.679042e-03,1.312455e+02,1.510078e-03,7.579615e+01,9.608062e-01,-1.799981e+02
36.30781,9.743254e-01,-2.679101e+01,2.747803e-03,1.274375e+02,1.645584e-03,7.449096e+01,9.608066e-01,-1.799979e+02
39.81072,9.708658e-01,-2.926046e+01,2.826149e-03,1.234590e+02,1.791192e-03,7.307920e+01,9.608070e-01,-1.799977e+02
43.65158,9.668217e-01,-3.193398e+01,2.914727e-03,1.193247e+02,1.947072e-03,7.155602e+01,9.608074e-01,-1.799975e+02
47.86301,9.621185e-01,-3.482175e+01,3.014027e-03,1.150517e+02,2.113226e-03,6.991742e+01,9.608080e-01,-1.799973e+02
52.48075,9.566814e-01,-3.793253e+01,3.124323e-03,1.106593e+02,2.289444e-03,6.816063e+01,9.608086e-01,-1.799970e+02
57.54399,9.504388e-01,-4.127315e+01,3.245613e-03,1.061685e+02,2.475258e-03,6.628446e+01,9.608093e-01,-1.799967e+02
63.09573,9.433276e-01,-4.484787e+01,3.377569e-03,1.016015e+02,2.669905e-03,6.428971e+01,9.608102e-01,-1.799964e+02
69.18310,9.352991e-01,-4.865764e+01,3.519492e-03,9.698092e+01,2.872293e-03,6.217954e+01,9.608111e-01,-1.799961e+02
75.85776,9.263257e-01,-5.269947e+01,3.670289e-03,9.232995e+01,3.080983e-03,5.995986e+01,9.608121e-01,-1.799958e+02
83.17638,9.164079e-01,-5.696573e+01,3.828474e-03,8.767183e+01,3.294194e-03,5.763957e+01,9.608132e-01,-1.799954e+02
91.20108,9.055808e-01,-6.144369e+01,3.992200e-03,8.302991e+01,3.509838e-03,5.523067e+01,9.608144e-01,-1.799950e+02
100.00000,8.939187e-01,-6.611510e+01,4.159319e-03,7.842748e+01,3.725582e-03,5.274828e+01,9.608157e-01,-1.799946e+02
109.64782,8.815369e-01,-7.095620e+01,4.327479e-03,7.388774e+01,3.938944e-03,5.021030e+01,9.608171e-01,-1.799942e+02
120.22644,8.685902e-01,-7.593791e+01,4.494245e-03,6.943351e+01,4.147409e-03,4.763698e+01,9.608185e-01,-1.799937e+02
131.82567,8.552665e-01,-8.102645e+01,4.657226e-03,6.508696e+01,4.348565e-03,4.505017e+01,9.608199e-01,-1.799931e+02
144.54398,8.417770e-01,-8.618426e+01,4.814214e-03,6.086913e+01,4.540232e-03,4.247252e+01,9.608214e-01,-1.799926e+02
158.48932,8.283435e-01,-9.137126e+01,4.963295e-03,5.679938e+01,4.720573e-03,3.992654e+01,9.608228e-01,-1.799920e+02
173.78008,8.151840e-01,-9.654624e+01,5.102941e-03,5.289490e+01,4.888183e-03,3.743367e+01,9.608243e-01,-1.799913e+02
190.54607,8.024991e-01,-1.016684e+02,5.232055e-03,4.917020e+01,5.042127e-03,3.501353e+01,9.608256e-01,-1.799906e+02
208.92961,7.904604e-01,-1.066989e+02,5.349982e-03,4.563682e+01,5.181947e-03,3.268328e+01,9.608270e-01,-1.799898e+02
229.08677,7.792028e-01,-1.116021e+02,5.456489e-03,4.230309e+01,5.307625e-03,3.045722e+01,9.608282e-01,-1.799889e+02
251.18864,7.688207e-01,-1.163468e+02,5.551706e-03,3.917421e+01,5.419526e-03,2.834662e+01,9.608295e-01,-1.799879e+02
275.42287,7.593684e-01,-1.209066e+02,5.636063e-03,3.625237e+01,5.518319e-03,2.635972e+01,9.608306e-01,-1.799869e+02
301.99517,7.508631e-01,-1.252608e+02,5.710214e-03,3.353711e+01,5.604896e-03,2.450199e+01,9.608318e-01,-1.799857e+02
331.13112,7.432907e-01,-1.293941e+02,5.774964e-03,3.102562e+01,5.680291e-03,2.277637e+01,9.608329e-01,-1.799844e+02
363.07805,7.366128e-01,-1.332968e+02,5.831206e-03,2.871325e+01,5.745615e-03,2.118370e+01,9.608341e-01,-1.799830e+02
398.10717,7.307732e-01,-1.369635e+02,5.879869e-03,2.659393e+01,5.801998e-03,1.972310e+01,9.608353e-01,-1.799815e+02
436.51583,7.257045e-01,-1.403936e+02,5.921875e-03,2.466056e+01,5.850549e-03,1.839235e+01,9.608365e-01,-1.799798e+02
478.63009,7.213335e-01,-1.435898e+02,5.958118e-03,2.290540e+01,5.892322e-03,1.718830e+01,9.608379e-01,-1.799779e+02
524.80746,7.175855e-01,-1.465577e+02,5.989437e-03,2.132040e+01,5.928307e-03,1.610718e+01,9.608394e-01,-1.799758e+02
575.43994,7.143878e-01,-1.493052e+02,6.016616e-03,1.989745e+01,5.959415e-03,1.514484e+01,9.608410e-01,-1.799736e+02
630.95734,7.116713e-01,-1.518416e+02,6.040375e-03,1.862863e+01,5.986479e-03,1.429702e+01,9.608429e-01,-1.799711e+02
691.83097,7.093727e-01,-1.541775e+02,6.061378e-03,1.750632e+01,6.010259e-03,1.355951e+01,9.608452e-01,-1.799684e+02
758.57758,7.074345e-01,-1.563241e+02,6.080235e-03,1.652338e+01,6.031451e-03,1.292828e+01,9.608478e-01,-1.799654e+02
831.76377,7.058056e-01,-1.582927e+02,6.097512e-03,1.567320e+01,6.050691e-03,1.239960e+01,9.608508e-01,-1.799621e+02
912.01084,7.044412e-01,-1.600948e+02,6.113745e-03,1.494978e+01,6.068577e-03,1.197012e+01,9.608545e-01,-1.799585e+02
1000.00000,7.033023e-01,-1.617416e+02,6.129443e-03,1.434772e+01,6.085672e-03,1.163686e+01,9.608588e-01,-1.799546e+02
1096.47820,7.023554e-01,-1.632438e+02,6.145112e-03,1.386227e+01,6.102523e-03,1.139731e+01,9.608640e-01,-1.799502e+02
1202.26443,7.015722e-01,-1.646118e+02,6.161256e-03,1.348929e+01,6.119676e-03,1.124934e+01,9.608702e-01,-1.799455e+02
1318.25674,7.009284e-01,-1.658553e+02,6.178400e-03,1.322519e+01,6.137688e-03,1.119126e+01,9.608776e-01,-1.799403e+02
1445.43977,7.004040e-01,-1.669834e+02,6.197100e-03,1.306692e+01,6.157143e-03,1.122171e+01,9.608864e-01,-1.799346e+02
1584.89319,6.999824e-01,-1.680047e+02,6.217960e-03,1.301188e+01,6.178669e-03,1.133965e+01,9.608971e-01,-1.799283e+02
1737.80083,6.996502e-01,-1.689269e+02,6.241647e-03,1.305778e+01,6.202956e-03,1.154421e+01,9.609098e-01,-1.799215e+02
1905.46072,6.993966e-01,-1.697572e+02,6.268910e-03,1.320256e+01,6.230770e-03,1.183462e+01,9.609251e-01,-1.799140e+02
2089.29613,6.992134e-01,-1.705023e+02,6.300597e-03,1.344419e+01,6.262979e-03,1.221003e+01,9.609435e-01,-1.799058e+02
2290.86765,6.990945e-01,-1.711682e+02,6.337675e-03,1.378049e+01,6.300563e-03,1.266932e+01,9.609655e-01,-1.798968e+02
2511.88643,6.990362e-01,-1.717602e+02,6.381248e-03,1.420889e+01,6.344644e-03,1.321086e+01,9.609919e-01,-1.798870e+02
2754.22870,6.990364e-01,-1.722832e+02,6.432579e-03,1.472611e+01,6.396497e-03,1.383221e+01,9.610236e-01,-1.798763e+02
3019.95172,6.990950e-01,-1.727417e+02,6.493108e-03,1.532784e+01,6.457575e-03,1.452983e+01,9.610616e-01,-1.798647e+02
3311.31121,6.992140e-01,-1.731394e+02,6.564464e-03,1.600838e+01,6.529520e-03,1.529865e+01,9.611070e-01,-1.798519e+02
3630.78055,6.993971e-01,-1.734798e+02,6.648482e-03,1.676019e+01,6.614179e-03,1.613171e+01,9.611614e-01,-1.798380e+02
3981.07171,6.996500e-01,-1.737661e+02,6.747204e-03,1.757347e+01,6.713605e-03,1.701966e+01,9.612264e-01,-1.798230e+02
4365.15832,6.999808e-01,-1.740007e+02,6.862875e-03,1.843573e+01,6.830053e-03,1.795043e+01,9.613041e-01,-1.798066e+02
4786.30092,7.003998e-01,-1.741860e+02,6.997924e-03,1.933144e+01,6.965959e-03,1.890881e+01,9.613967e-01,-1.797888e+02
5248.07460,7.009198e-01,-1.743240e+02,7.154931e-03,2.024174e+01,7.123909e-03,1.987621e+01,9.615070e-01,-1.797696e+02
5754.39937,7.015567e-01,-1.744164e+02,7.336567e-03,2.114436e+01,7.306580e-03,2.083056e+01,9.616381e-01,-1.797489e+02
6309.57344,7.023293e-01,-1.744647e+02,7.545523e-03,2.201366e+01,7.516660e-03,2.174644e+01,9.617935e-01,-1.797267e+02
6918.30971,7.032602e-01,-1.744704e+02,7.784397e-03,2.282102e+01,7.756747e-03,2.259542e+01,9.619774e-01,-1.797029e+02
7585.77575,7.043754e-01,-1.744347e+02,8.055567e-03,2.353542e+01,8.029213e-03,2.334667e+01,9.621943e-01,-1.796776e+02
8317.63771,7.057055e-01,-1.743588e+02,8.361034e-03,2.412428e+01,8.336049e-03,2.396784e+01,9.624491e-01,-1.796508e+02
9120.10839,7.072850e-01,-1.742440e+02,8.702235e-03,2.455451e+01,8.678681e-03,2.442608e+01,9.627471e-01,-1.796226e+02
10000.00000,7.091533e-01,-1.740920e+02,9.079842e-03,2.479368e+01,9.057766e-03,2.468927e+01,9.630941e-01,-1.795932e+02
