! ! 
! S ! 
! ! 
! # MHz  S  MA  R  50.00000
! ! ===================================================================
1.00000,9.928194e-01,-7.529459e-01,2.283244e-03,1.783734e+02,4.707362e-05,8.956195e+01,9.608036e-01,-1.799999e+02
1.09648,9.928164e-01,-8.255860e-01,2.283329e-03,1.782165e+02,5.161488e-05,8.951965e+01,9.608036e-01,-1.799999e+02
1.20226,9.928127e-01,-9.052336e-01,2.283432e-03,1.780444e+02,5.659419e-05,8.947327e+01,9.608036e-01,-1.799999e+02
1.31826,9.928083e-01,-9.925642e-01,2.283556e-03,1.778558e+02,6.205375e-05,8.942242e+01,9.608036e-01,-1.799999e+02
1.44544,9.928031e-01,-1.088319e+00,2.283705e-03,1.776489e+02,6.803987e-05,8.936668e+01,9.608036e-01,-1.799999e+02
1.58489,9.927967e-01,-1.193310e+00,2.283883e-03,1.774222e+02,7.460329e-05,8.930555e+01,9.608036e-01,-1.799999e+02
1.73780,9.927891e-01,-1.308428e+00,2.284098e-03,1.771736e+02,8.179965e-05,8.923854e+01,9.608036e-01,-1.799999e+02
1.90546,9.927799e-01,-1.434649e+00,2.284356e-03,1.769011e+02,8.968989e-05,8.916506e+01,9.608036e-01,-1.799999e+02
2.08930,9.927689e-01,-1.573043e+00,2.284667e-03,1.766023e+02,9.834086e-05,8.908450e+01,9.608036e-01,-1.799999e+02
2.29087,9.927557e-01,-1.724783e+00,2.285040e-03,1.762749e+02,1.078258e-04,8.899617e+01,9.608036e-01,-1.799999e+02
2.51189,9.927397e-01,-1.891156e+00,2.285489e-03,1.759159e+02,1.182249e-04,8.889933e+01,9.608036e-01,-1.799999e+02
2.75423,9.927206e-01,-2.073569e+00,2.286028e-03,1.755225e+02,1.296261e-04,8.879316e+01,9.608036e-01,-1.799998e+02
3.01995,9.926976e-01,-2.273569e+00,2.286675e-03,1.750913e+02,1.421256e-04,8.867675e+01,9.608036e-01,-1.799998e+02
3.31131,9.926699e-01,-2.492846e+00,2.287454e-03,1.746188e+02,1.558291e-04,8.854913e+01,9.608036e-01,-1.799998e+02
3.63078,9.926367e-01,-2.733256e+00,2.288389e-03,1.741011e+02,1.708519e-04,8.840921e+01,9.608036e-01,-1.799998e+02
3.98107,9.925967e-01,-2.996830e+00,2.289513e-03,1.735338e+02,1.873205e-04,8.825582e+01,9.608036e-01,-1.799998e+02
4.36516,9.925487e-01,-3.285793e+00,2.290862e-03,1.729124e+02,2.053732e-04,8.808765e+01,9.608036e-01,-1.799997e+02
4.78630,9.924910e-01,-3.602582e+00,2.292483e-03,1.722319e+02,2.251614e-04,8.790331e+01,9.608036e-01,-1.799997e+02
5.24807,9.924216e-01,-3.949865e+00,2.294430e-03,1.714868e+02,2.468505e-04,8.770123e+01,9.608036e-01,-1.799997e+02
5.75440,9.923383e-01,-4.330561e+00,2.296766e-03,1.706711e+02,2.706213e-04,8.747972e+01,9.608036e-01,-1.799997e+02
6.30957,9.922382e-01,-4.747866e+00,2.299570e-03,1.697785e+02,2.966713e-04,8.723693e+01,9.608037e-01,-1.799996e+02
6.91831,9.921179e-01,-5.205274e+00,2.302933e-03,1.688021e+02,3.252157e-04,8.697084e+01,9.608037e-01,-1.799996e+02
7.58578,9.919733e-01,-5.706601e+00,2.306966e-03,1.677345e+02,3.564893e-04,8.667923e+01,9.608037e-01,-1.799996e+02
8.31764,9.917998e-01,-6.256021e+00,2.311799e-03,1.665680e+02,3.907475e-04,8.635969e+01,9.608037e-01,-1.799995e+02
9.12011,9.915915e-01,-6.858086e+00,2.317588e-03,1.652942e+02,4.282682e-04,8.600959e+01,9.608037e-01,-1.799995e+02
10.00000,9.913413e-01,-7.517759e+00,2.324515e-03,1.639043e+02,4.693525e-04,8.562607e+01,9.608038e-01,-1.799994e+02
10.96478,9.910412e-01,-8.240448e+00,2.332799e-03,1.623891e+02,5.143264e-04,8.520602e+01,9.608038e-01,-1.799994e+02
12.02264,9.906812e-01,-9.032035e+00,2.342693e-03,1.607392e+02,5.635420e-04,8.474605e+01,9.608038e-01,-1.799993e+02
13.18257,9.902496e-01,-9.898907e+00,2.354496e-03,1.589450e+02,6.173780e-04,8.424251e+01,9.608039e-01,-1.799992e+02
14.45440,9.897325e-01,-1.084799e+01,2.368555e-03,1.569969e+02,6.762403e-04,8.369144e+01,9.608040e-01,-1.799991e+02
15.84893,9.891132e-01,-1.188675e+01,2.385272e-03,1.548854e+02,7.405614e-04,8.308860e+01,9.608040e-01,-1.799991e+02
17.37801,9.883721e-01,-1.302328e+01,2.405108e-03,1.526015e+02,8.107999e-04,8.242942e+01,9.608041e-01,-1.799990e+02
19.05461,9.874863e-01,-1.426623e+01,2.428588e-03,1.501371e+02,8.874377e-04,8.170902e+01,9.608042e-01,-1.799989e+02
20.89296,9.864286e-01,-1.562487e+01,2.456302e-03,1.474853e+02,9.709767e-04,8.092225e+01,9.608043e-01,-1.799988e+02
22.90868,9.851674e-01,-1.710906e+01,2.488909e-03,1.446405e+02,1.061933e-03,8.006365e+01,9.608045e-01,-1.799987e+02
25.11886,9.836659e-01,-1.872921e+01,2.527124e-03,1.415995e+02,1.160828e-03,7.912754e+01,9.608047e-01,-1.799985e+02
27.54229,9.818819e-01,-2.049624e+01,2.571721e-03,1.383612e+02,1.268179e-03,7.810805e+01,9.608049e-01,-1.799984e+02
30.19952,9.797669e-01,-2.242149e+01,2.623506e-03,1.349275e+02,1.384483e-03,7.699921e+01,9.608051e-01,-1.799982e+02
33.11311,9.772664e-01,-2.451656e+01,2.683304e-03,1.313034e+02,1.510196e-03,7.579504e+01,9.608054e-01,-1.799981e+02
36.30781,9.743194e-01,-2.679314e+01,2.751921e-03,1.274970e+02,1.645712e-03,7.448976e+01,9.608058e-01,-1.799979e+02
39.81072,9.708594e-01,-2.926276e+01,2.830109e-03,1.235198e+02,1.791329e-03,7.307791e+01,9.608062e-01,-1.799977e+02
43.65158,9.668148e-01,-3.193647e+01,2.918517e-03,1.193862e+02,1.947218e-03,7.155463e+01,9.608067e-01,-1.799975e+02
47.86301,9.621110e-01,-3.482443e+01,3.017637e-03,1.151134e+02,2.113381e-03,6.991592e+01,9.608072e-01,-1.799973e+02
52.48075,9.566733e-01,-3.793541e+01,3.127742e-03,1.107207e+02,2.289608e-03,6.815903e+01,9.608079e-01,-1.799970e+02
57.54399,9.504300e-01,-4.127625e+01,3.248835e-03,1.062290e+02,2.475431e-03,6.628275e+01,9.608086e-01,-1.799967e+02
63.09573,9.433181e-01,-4.485118e+01,3.380588e-03,1.016606e+02,2.670086e-03,6.428790e+01,9.608094e-01,-1.799964e+02
69.18310,9.352889e-01,-4.866116e+01,3.522305e-03,9.703827e+01,2.872480e-03,6.217764e+01,9.608103e-01,-1.799961e+02
75.85776,9.263147e-01,-5.270319e+01,3.672895e-03,9.238512e+01,3.081175e-03,5.995787e+01,9.608113e-01,-1.799958e+02
83.17638,9.163961e-01,-5.696966e+01,3.830876e-03,8.772454e+01,3.294390e-03,5.763748e+01,9.608125e-01,-1.799954e+02
91.20108,9.055684e-01,-6.144779e+01,3.994400e-03,8.307992e+01,3.510035e-03,5.522852e+01,9.608137e-01,-1.799950e+02
100.00000,8.939057e-01,-6.611937e+01,4.161324e-03,7.847466e+01,3.725779e-03,5.274607e+01,9.608150e-01,-1.799946e+02
109.64782,8.815235e-01,-7.096061e+01,4.329296e-03,7.393200e+01,3.939138e-03,5.020805e+01,9.608163e-01,-1.799942e+02
120.22644,8.685766e-01,-7.594243e+01,4.495883e-03,6.947484e+01,4.147598e-03,4.763470e+01,9.608177e-01,-1.799937e+02
131.82567,8.552527e-01,-8.103105e+01,4.658695e-03,6.512540e+01,4.348747e-03,4.504790e+01,9.608192e-01,-1.799931e+02
144.54398,8.417633e-01,-8.618891e+01,4.815525e-03,6.090475e+01,4.540405e-03,4.247027e+01,9.608206e-01,-1.799926e+02
158.48932,8.283301e-01,-9.137592e+01,4.964461e-03,5.683229e+01,4.720736e-03,3.992432e+01,9.608221e-01,-1.799920e+02
173.78008,8.151711e-01,-9.655087e+01,5.103973e-03,5.292524e+01,4.888335e-03,3.743150e+01,9.608235e-01,-1.799913e+02
190.54607,8.024868e-01,-1.016730e+02,5.232965e-03,4.919811e+01,5.042267e-03,3.501144e+01,9.608249e-01,-1.799906e+02
208.92961,7.904488e-01,-1.067034e+02,5.350783e-03,4.566245e+01,5.182074e-03,3.268128e+01,9.608262e-01,-1.799897e+02
229.08677,7.791921e-01,-1.116065e+02,5.457193e-03,4.232660e+01,5.307741e-03,3.045532e+01,9.608275e-01,-1.799889e+02
251.18864,7.688110e-01,-1.163510e+02,5.552323e-03,3.919575e+01,5.419630e-03,2.834482e+01,9.608287e-01,-1.799879e+02
275.42287,7.593596e-01,-1.209106e+02,5.636605e-03,3.627210e+01,5.518412e-03,2.635804e+01,9.608299e-01,-1.799869e+02
301.99517,7.508552e-01,-1.252646e+02,5.710690e-03,3.355516e+01,5.604978e-03,2.450042e+01,9.608310e-01,-1.799857e+02
331.13112,7.432838e-01,-1.293978e+02,5.775383e-03,3.104213e+01,5.680364e-03,2.277492e+01,9.608322e-01,-1.799844e+02
363.07805,7.366067e-01,-1.333002e+02,5.831576e-03,2.872835e+01,5.745680e-03,2.118237e+01,9.608333e-01,-1.799830e+02
398.10717,7.307679e-01,-1.369667e+02,5.880196e-03,2.660774e+01,5.802056e-03,1.972188e+01,9.608345e-01,-1.799815e+02
436.51583,7.256999e-01,-1.403966e+02,5.922167e-03,2.467318e+01,5.850600e-03,1.839124e+01,9.608358e-01,-1.799798e+02
478.63009,7.213295e-01,-1.435926e+02,5.958379e-03,2.291695e+01,5.892368e-03,1.718731e+01,9.608371e-01,-1.799779e+02
524.80746,7.175821e-01,-1.465603e+02,5.989673e-03,2.133096e+01,5.928349e-03,1.610630e+01,9.608386e-01,-1.799758e+02
575.43994,7.143848e-01,-1.493076e+02,6.016830e-03,1.990712e+01,5.959453e-03,1.514406e+01,9.608403e-01,-1.799736e+02
630.95734,7.116688e-01,-1.518438e+02,6.040571e-03,1.863747e+01,5.986514e-03,1.429634e+01,9.608422e-01,-1.799711e+02
691.83097,7.093705e-01,-1.541796e+02,6.061559e-03,1.751442e+01,6.010292e-03,1.355893e+01,9.608444e-01,-1.799684e+02
758.57758,7.074326e-01,-1.563259e+02,6.080403e-03,1.653080e+01,6.031481e-03,1.292779e+01,9.608470e-01,-1.799654e+02
831.76377,7.058040e-01,-1.582944e+02,6.097670e-03,1.568001e+01,6.050720e-03,1.239921e+01,9.608501e-01,-1.799621e+02
912.01084,7.044398e-01,-1.600964e+02,6.113894e-03,1.495603e+01,6.068605e-03,1.196981e+01,9.608537e-01,-1.799585e+02
1000.00000,7.033012e-01,-1.617430e+02,6.129587e-03,1.435347e+01,6.085699e-03,1.163664e+01,9.608581e-01,-1.799546e+02
1096.47820,7.023545e-01,-1.632451e+02,6.145250e-03,1.386756e+01,6.102551e-03,1.139717e+01,9.608632e-01,-1.799502e+02
1202.26443,7.015714e-01,-1.646130e+02,6.161390e-03,1.349416e+01,6.119705e-03,1.124928e+01,9.608694e-01,-1.799455e+02
1318.25674,7.009277e-01,-1.658564e+02,6.178531e-03,1.322969e+01,6.137718e-03,1.119128e+01,9.608768e-01,-1.799403e+02
1445.43977,7.004034e-01,-1.669844e+02,6.197230e-03,1.307109e+01,6.157174e-03,1.122182e+01,9.608857e-01,-1.799346e+02
1584.89319,6.999819e-01,-1.680055e+02,6.218090e-03,1.301575e+01,6.178702e-03,1.133983e+01,9.608963e-01,-1.799283e+02
1737.80083,6.996498e-01,-1.689277e+02,6.241777e-03,1.306138e+01,6.202992e-03,1.154448e+01,9.609091e-01,-1.799215e+02
1905.46072,6.993962e-01,-1.697579e+02,6.269042e-03,1.320592e+01,6.230810e-03,1.183497e+01,9.609244e-01,-1.799140e+02
2089.29613,6.992131e-01,-1.705030e+02,6.300731e-03,1.344733e+01,6.263023e-03,1.221046e+01,9.609428e-01,-1.799058e+02
2290.86765,6.990943e-01,-1.711688e+02,6.337812e-03,1.378344e+01,6.300613e-03,1.266983e+01,9.609648e-01,-1.798968e+02
2511.88643,6.990360e-01,-1.717607e+02,6.381390e-03,1.421166e+01,6.344700e-03,1.321144e+01,9.609912e-01,-1.798870e+02
2754.22870,6.990362e-01,-1.722837e+02,6.432728e-03,1.472872e+01,6.396561e-03,1.383287e+01,9.610229e-01,-1.798763e+02
3019.95172,6.990949e-01,-1.727421e+02,6.493264e-03,1.533032e+01,6.457648e-03,1.453056e+01,9.610609e-01,-1.798646e+02
3311.31121,6.992140e-01,-1.731397e+02,6.564630e-03,1.601073e+01,6.529605e-03,1.529945e+01,9.611063e-01,-1.798519e+02
3630.78055,6.993971e-01,-1.734802e+02,6.648659e-03,1.676242e+01,6.614277e-03,1.613256e+01,9.611607e-01,-1.798380e+02
3981.07171,6.996501e-01,-1.737663e+02,6.747393e-03,1.757559e+01,6.713717e-03,1.702057e+01,9.612258e-01,-1.798229e+02
4365.15832,6.999810e-01,-1.740009e+02,6.863079e-03,1.843773e+01,6.830181e-03,1.795138e+01,9.613034e-01,-1.798065e+02
4786.30092,7.004000e-01,-1.741861e+02,6.998146e-03,1.933333e+01,6.966107e-03,1.890978e+01,9.613961e-01,-1.797888e+02
5248.07460,7.009201e-01,-1.743241e+02,7.155171e-03,2.024352e+01,7.124078e-03,1.987719e+01,9.615064e-01,-1.797696e+02
5754.39937,7.015571e-01,-1.744165e+02,7.336830e-03,2.114601e+01,7.306774e-03,2.083153e+01,9.616375e-01,-1.797489e+02
6309.57344,7.023298e-01,-1.744648e+02,7.545810e-03,2.201517e+01,7.516881e-03,2.174738e+01,9.617930e-01,-1.797267e+02
6918.30971,7.032608e-01,-1.744705e+02,7.784709e-03,2.282238e+01,7.756997e-03,2.259629e+01,9.619769e-01,-1.797029e+02
7585.77575,7.043762e-01,-1.744347e+02,8.055908e-03,2.353661e+01,8.029495e-03,2.334746e+01,9.621938e-01,-1.796776e+02
8317.63771,7.057064e-01,-1.743588e+02,8.361405e-03,2.412528e+01,8.336364e-03,2.396850e+01,9.624486e-01,-1.796507e+02
9120.10839,7.072861e-01,-1.742440e+02,8.702637e-03,2.455530e+01,8.679030e-03,2.442660e+01,9.627467e-01,-1.796225e+02
10000.00000,7.091546e-01,-1.740919e+02,9.080276e-03,2.479424e+01,9.058150e-03,2.468962e+01,9.630938e-01,-1.795931e+02
