! ! 
! S ! 
! ! 
! # MHz  S  MA  R  50.00000
! ! ===================================================================
1.00000,9.928075e-01,-7.531423e-01,2.302707e-03,1.783833e+02,4.707379e-05,8.956183e+01,9.608036e-01,-1.799999e+02
1.09648,9.928045e-01,-8.258014e-01,2.302792e-03,1.782273e+02,5.161507e-05,8.951952e+01,9.608036e-01,-1.799999e+02
1.20226,9.928009e-01,-9.054697e-01,2.302894e-03,1.780563e+02,5.659439e-05,8.947314e+01,9.608036e-01,-1.799999e+02
1.31826,9.927965e-01,-9.928231e-01,2.303016e-03,1.778688e+02,6.205398e-05,8.942228e+01,9.608036e-01,-1.799999e+02
1.44544,9.927912e-01,-1.088603e+00,2.303163e-03,1.776632e+02,6.804012e-05,8.936651e+01,9.608036e-01,-1.799999e+02
1.58489,9.927848e-01,-1.193621e+00,2.303340e-03,1.774378e+02,7.460356e-05,8.930538e+01,9.608036e-01,-1.799999e+02
1.73780,9.927772e-01,-1.308769e+00,2.303552e-03,1.771907e+02,8.179994e-05,8.923834e+01,9.608036e-01,-1.799999e+02
1.90546,9.927681e-01,-1.435023e+00,2.303808e-03,1.769199e+02,8.969022e-05,8.916485e+01,9.608036e-01,-1.799999e+02
2.08930,9.927570e-01,-1.573453e+00,2.304115e-03,1.766229e+02,9.834121e-05,8.908427e+01,9.608036e-01,-1.799999e+02
2.29087,9.927438e-01,-1.725233e+00,2.304484e-03,1.762974e+02,1.078262e-04,8.899592e+01,9.608036e-01,-1.799999e+02
2.51189,9.927278e-01,-1.891649e+00,2.304927e-03,1.759407e+02,1.182253e-04,8.889905e+01,9.608036e-01,-1.799999e+02
2.75423,9.927087e-01,-2.074110e+00,2.305460e-03,1.755496e+02,1.296265e-04,8.879285e+01,9.608036e-01,-1.799998e+02
3.01995,9.926857e-01,-2.274161e+00,2.306101e-03,1.751210e+02,1.421261e-04,8.867641e+01,9.608036e-01,-1.799998e+02
3.31131,9.926580e-01,-2.493496e+00,2.306871e-03,1.746514e+02,1.558296e-04,8.854876e+01,9.608036e-01,-1.799998e+02
3.63078,9.926247e-01,-2.733969e+00,2.307795e-03,1.741367e+02,1.708525e-04,8.840880e+01,9.608036e-01,-1.799998e+02
3.98107,9.925848e-01,-2.997611e+00,2.308907e-03,1.735729e+02,1.873212e-04,8.825537e+01,9.608036e-01,-1.799998e+02
4.36516,9.925367e-01,-3.286649e+00,2.310241e-03,1.729552e+02,2.053739e-04,8.808717e+01,9.608036e-01,-1.799997e+02
4.78630,9.924790e-01,-3.603521e+00,2.311844e-03,1.722787e+02,2.251622e-04,8.790277e+01,9.608036e-01,-1.799997e+02
5.24807,9.924096e-01,-3.950894e+00,2.313769e-03,1.715380e+02,2.468513e-04,8.770064e+01,9.608036e-01,-1.799997e+02
5.75440,9.923262e-01,-4.331690e+00,2.316080e-03,1.707271e+02,2.706222e-04,8.747908e+01,9.608036e-01,-1.799997e+02
6.30957,9.922260e-01,-4.749103e+00,2.318853e-03,1.698397e+02,2.966722e-04,8.723623e+01,9.608037e-01,-1.799996e+02
6.91831,9.921057e-01,-5.206629e+00,2.322179e-03,1.688690e+02,3.252166e-04,8.697007e+01,9.608037e-01,-1.799996e+02
7.58578,9.919611e-01,-5.708087e+00,2.326168e-03,1.678076e+02,3.564903e-04,8.667838e+01,9.608037e-01,-1.799996e+02
8.31764,9.917875e-01,-6.257650e+00,2.330948e-03,1.666478e+02,3.907486e-04,8.635876e+01,9.608037e-01,-1.799995e+02
9.12011,9.915790e-01,-6.859870e+00,2.336674e-03,1.653811e+02,4.282692e-04,8.600858e+01,9.608037e-01,-1.799995e+02
10.00000,9.913288e-01,-7.519714e+00,2.343526e-03,1.639989e+02,4.693535e-04,8.562496e+01,9.608038e-01,-1.799994e+02
10.96478,9.910285e-01,-8.242590e+00,2.351721e-03,1.624920e+02,5.143273e-04,8.520480e+01,9.608038e-01,-1.799994e+02
12.02264,9.906684e-01,-9.034381e+00,2.361509e-03,1.608509e+02,5.635429e-04,8.474471e+01,9.608038e-01,-1.799993e+02
13.18257,9.902365e-01,-9.901476e+00,2.373186e-03,1.590661e+02,6.173787e-04,8.424105e+01,9.608039e-01,-1.799992e+02
14.45440,9.897191e-01,-1.085080e+01,2.387098e-03,1.571278e+02,6.762406e-04,8.368984e+01,9.608040e-01,-1.799991e+02
15.84893,9.890995e-01,-1.188983e+01,2.403640e-03,1.550265e+02,7.405613e-04,8.308685e+01,9.608040e-01,-1.799991e+02
17.37801,9.883581e-01,-1.302665e+01,2.423273e-03,1.527533e+02,8.107991e-04,8.242751e+01,9.608041e-01,-1.799990e+02
19.05461,9.874719e-01,-1.426991e+01,2.446515e-03,1.502998e+02,8.874361e-04,8.170694e+01,9.608042e-01,-1.799989e+02
20.89296,9.864137e-01,-1.562889e+01,2.473954e-03,1.476589e+02,9.709739e-04,8.091997e+01,9.608043e-01,-1.799988e+02
22.90868,9.851519e-01,-1.711345e+01,2.506243e-03,1.448249e+02,1.061928e-03,8.006117e+01,9.608045e-01,-1.799987e+02
25.11886,9.836498e-01,-1.873400e+01,2.544095e-03,1.417944e+02,1.160822e-03,7.912484e+01,9.608047e-01,-1.799985e+02
27.54229,9.818650e-01,-2.050147e+01,2.588278e-03,1.385660e+02,1.268170e-03,7.810511e+01,9.608049e-01,-1.799984e+02
30.19952,9.797491e-01,-2.242718e+01,2.639598e-03,1.351414e+02,1.384470e-03,7.699600e+01,9.608051e-01,-1.799982e+02
33.11311,9.772474e-01,-2.452274e+01,2.698877e-03,1.315251e+02,1.510178e-03,7.579157e+01,9.608054e-01,-1.799981e+02
36.30781,9.742993e-01,-2.679986e+01,2.766921e-03,1.277252e+02,1.645687e-03,7.448600e+01,9.608058e-01,-1.799979e+02
39.81072,9.708378e-01,-2.927004e+01,2.844483e-03,1.237528e+02,1.791296e-03,7.307385e+01,9.608062e-01,-1.799977e+02
43.65158,9.667916e-01,-3.194435e+01,2.932215e-03,1.196222e+02,1.947174e-03,7.155025e+01,9.608067e-01,-1.799975e+02
47.86301,9.620860e-01,-3.483293e+01,3.030612e-03,1.153503e+02,2.113324e-03,6.991122e+01,9.608072e-01,-1.799973e+02
52.48075,9.566463e-01,-3.794455e+01,3.139957e-03,1.109565e+02,2.289533e-03,6.815400e+01,9.608079e-01,-1.799970e+02
57.54399,9.504008e-01,-4.128605e+01,3.260257e-03,1.064617e+02,2.475335e-03,6.627740e+01,9.608086e-01,-1.799967e+02
63.09573,9.432867e-01,-4.486165e+01,3.391194e-03,1.018883e+02,2.669964e-03,6.428222e+01,9.608094e-01,-1.799964e+02
69.18310,9.352551e-01,-4.867230e+01,3.532082e-03,9.725926e+01,2.872327e-03,6.217164e+01,9.608103e-01,-1.799961e+02
75.85776,9.262785e-01,-5.271498e+01,3.681838e-03,9.259796e+01,3.080984e-03,5.995158e+01,9.608114e-01,-1.799958e+02
83.17638,9.163577e-01,-5.698207e+01,3.838989e-03,8.792805e+01,3.294155e-03,5.763094e+01,9.608125e-01,-1.799954e+02
91.20108,9.055278e-01,-6.146078e+01,4.001699e-03,8.327324e+01,3.509749e-03,5.522175e+01,9.608137e-01,-1.799950e+02
100.00000,8.938634e-01,-6.613288e+01,4.167829e-03,7.865720e+01,3.725435e-03,5.273913e+01,9.608150e-01,-1.799946e+02
109.64782,8.814798e-01,-7.097457e+01,4.335038e-03,7.410344e+01,3.938730e-03,5.020099e+01,9.608164e-01,-1.799942e+02
120.22644,8.685319e-01,-7.595675e+01,4.500896e-03,6.963510e+01,4.147120e-03,4.762758e+01,9.608178e-01,-1.799937e+02
131.82567,8.552078e-01,-8.104562e+01,4.663022e-03,6.527460e+01,4.348195e-03,4.504078e+01,9.608192e-01,-1.799931e+02
144.54398,8.417187e-01,-8.620363e+01,4.819210e-03,6.104316e+01,4.539775e-03,4.246321e+01,9.608207e-01,-1.799926e+02
158.48932,8.282864e-01,-9.139066e+01,4.967553e-03,5.696031e+01,4.720027e-03,3.991739e+01,9.608221e-01,-1.799920e+02
173.78008,8.151289e-01,-9.656553e+01,5.106521e-03,5.304335e+01,4.887546e-03,3.742477e+01,9.608235e-01,-1.799913e+02
190.54607,8.024466e-01,-1.016874e+02,5.235020e-03,4.930686e+01,5.041400e-03,3.500494e+01,9.608249e-01,-1.799905e+02
208.92961,7.904111e-01,-1.067175e+02,5.352395e-03,4.576241e+01,5.181133e-03,3.267506e+01,9.608262e-01,-1.799897e+02
229.08677,7.791571e-01,-1.116202e+02,5.458409e-03,4.241836e+01,5.306728e-03,3.044942e+01,9.608275e-01,-1.799889e+02
251.18864,7.687789e-01,-1.163642e+02,5.553191e-03,3.927990e+01,5.418552e-03,2.833927e+01,9.608288e-01,-1.799879e+02
275.42287,7.593305e-01,-1.209233e+02,5.637166e-03,3.634921e+01,5.517274e-03,2.635286e+01,9.608299e-01,-1.799869e+02
301.99517,7.508290e-01,-1.252767e+02,5.710985e-03,3.362577e+01,5.603785e-03,2.449563e+01,9.608311e-01,-1.799857e+02
331.13112,7.432604e-01,-1.294092e+02,5.775447e-03,3.110676e+01,5.679122e-03,2.277052e+01,9.608322e-01,-1.799844e+02
363.07805,7.365860e-01,-1.333110e+02,5.831441e-03,2.878751e+01,5.744395e-03,2.117836e+01,9.608334e-01,-1.799830e+02
398.10717,7.307496e-01,-1.369769e+02,5.879891e-03,2.666187e+01,5.800734e-03,1.971826e+01,9.608346e-01,-1.799815e+02
436.51583,7.256839e-01,-1.404061e+02,5.921717e-03,2.472272e+01,5.849245e-03,1.838801e+01,9.608358e-01,-1.799798e+02
478.63009,7.213155e-01,-1.436014e+02,5.957806e-03,2.296228e+01,5.890986e-03,1.718446e+01,9.608372e-01,-1.799779e+02
524.80746,7.175699e-01,-1.465685e+02,5.988995e-03,2.137247e+01,5.926942e-03,1.610381e+01,9.608387e-01,-1.799758e+02
575.43994,7.143742e-01,-1.493152e+02,6.016065e-03,1.994513e+01,5.958026e-03,1.514193e+01,9.608403e-01,-1.799736e+02
630.95734,7.116595e-01,-1.518508e+02,6.039732e-03,1.867231e+01,5.985070e-03,1.429457e+01,9.608423e-01,-1.799711e+02
691.83097,7.093624e-01,-1.541860e+02,6.060658e-03,1.754637e+01,6.008834e-03,1.355749e+01,9.608445e-01,-1.799684e+02
758.57758,7.074255e-01,-1.563319e+02,6.079451e-03,1.656013e+01,6.030012e-03,1.292669e+01,9.608471e-01,-1.799654e+02
831.76377,7.057977e-01,-1.582999e+02,6.096676e-03,1.570696e+01,6.049242e-03,1.239844e+01,9.608502e-01,-1.799621e+02
912.01084,7.044343e-01,-1.601014e+02,6.112865e-03,1.498082e+01,6.067120e-03,1.196937e+01,9.608538e-01,-1.799585e+02
1000.00000,7.032962e-01,-1.617476e+02,6.128528e-03,1.437631e+01,6.084209e-03,1.163653e+01,9.608581e-01,-1.799546e+02
1096.47820,7.023501e-01,-1.632493e+02,6.144167e-03,1.388865e+01,6.101057e-03,1.139738e+01,9.608633e-01,-1.799502e+02
1202.26443,7.015674e-01,-1.646168e+02,6.160289e-03,1.351367e+01,6.118209e-03,1.124982e+01,9.608695e-01,-1.799455e+02
1318.25674,7.009241e-01,-1.658599e+02,6.177416e-03,1.324778e+01,6.136221e-03,1.119214e+01,9.608769e-01,-1.799403e+02
1445.43977,7.004001e-01,-1.669876e+02,6.196103e-03,1.308791e+01,6.155679e-03,1.122301e+01,9.608857e-01,-1.799346e+02
1584.89319,6.999789e-01,-1.680085e+02,6.216955e-03,1.303143e+01,6.177210e-03,1.134136e+01,9.608964e-01,-1.799283e+02
1737.80083,6.996470e-01,-1.689303e+02,6.240637e-03,1.307606e+01,6.201503e-03,1.154634e+01,9.609092e-01,-1.799215e+02
1905.46072,6.993936e-01,-1.697604e+02,6.267899e-03,1.321970e+01,6.229327e-03,1.183719e+01,9.609245e-01,-1.799140e+02
2089.29613,6.992106e-01,-1.705052e+02,6.299589e-03,1.346034e+01,6.261548e-03,1.221304e+01,9.609428e-01,-1.799058e+02
2290.86765,6.990919e-01,-1.711708e+02,6.336673e-03,1.379577e+01,6.299147e-03,1.267277e+01,9.609649e-01,-1.798968e+02
2511.88643,6.990338e-01,-1.717625e+02,6.380257e-03,1.422340e+01,6.343247e-03,1.321475e+01,9.609913e-01,-1.798870e+02
2754.22870,6.990341e-01,-1.722853e+02,6.431603e-03,1.473995e+01,6.395122e-03,1.383655e+01,9.610230e-01,-1.798763e+02
3019.95172,6.990929e-01,-1.727436e+02,6.492150e-03,1.534110e+01,6.456226e-03,1.453462e+01,9.610610e-01,-1.798646e+02
3311.31121,6.992120e-01,-1.731411e+02,6.563529e-03,1.602114e+01,6.528202e-03,1.530389e+01,9.611064e-01,-1.798519e+02
3630.78055,6.993952e-01,-1.734814e+02,6.647575e-03,1.677251e+01,6.612898e-03,1.613737e+01,9.611608e-01,-1.798380e+02
3981.07171,6.996483e-01,-1.737674e+02,6.746330e-03,1.758539e+01,6.712366e-03,1.702573e+01,9.612259e-01,-1.798229e+02
4365.15832,6.999792e-01,-1.740019e+02,6.862039e-03,1.844729e+01,6.828861e-03,1.795687e+01,9.613035e-01,-1.798065e+02
4786.30092,7.003983e-01,-1.741871e+02,6.997133e-03,1.934266e+01,6.964821e-03,1.891558e+01,9.613962e-01,-1.797888e+02
5248.07460,7.009185e-01,-1.743249e+02,7.154189e-03,2.025262e+01,7.122832e-03,1.988324e+01,9.615065e-01,-1.797696e+02
5754.39937,7.015555e-01,-1.744172e+02,7.335882e-03,2.115489e+01,7.305571e-03,2.083780e+01,9.616376e-01,-1.797489e+02
6309.57344,7.023283e-01,-1.744655e+02,7.544899e-03,2.202382e+01,7.515726e-03,2.175381e+01,9.617931e-01,-1.797267e+02
6918.30971,7.032593e-01,-1.744710e+02,7.783840e-03,2.283078e+01,7.755894e-03,2.260283e+01,9.619771e-01,-1.797029e+02
7585.77575,7.043748e-01,-1.744352e+02,8.055082e-03,2.354473e+01,8.028446e-03,2.335402e+01,9.621940e-01,-1.796775e+02
8317.63771,7.057051e-01,-1.743592e+02,8.360624e-03,2.413309e+01,8.335373e-03,2.397503e+01,9.624489e-01,-1.796507e+02
9120.10839,7.072850e-01,-1.742444e+02,8.701903e-03,2.456276e+01,8.678098e-03,2.443301e+01,9.627470e-01,-1.796225e+02
10000.00000,7.091535e-01,-1.740922e+02,9.079588e-03,2.480132e+01,9.057277e-03,2.469585e+01,9.630941e-01,-1.795931e+02
