! ! 
! S ! 
! ! 
! # MHz  S  MA  R  50.00000
! ! ===================================================================
1.00000,9.922052e-01,-7.688602e-01,3.979594e-03,1.788667e+02,4.715580e-05,8.955281e+01,9.608036e-01,-1.799999e+02
1.09648,9.922020e-01,-8.430355e-01,3.979627e-03,1.787572e+02,5.170498e-05,8.950963e+01,9.608036e-01,-1.799999e+02
1.20226,9.921982e-01,-9.243662e-01,3.979666e-03,1.786373e+02,5.669296e-05,8.946229e+01,9.608036e-01,-1.799999e+02
1.31826,9.921937e-01,-1.013542e+00,3.979713e-03,1.785058e+02,6.216203e-05,8.941039e+01,9.608036e-01,-1.799999e+02
1.44544,9.921882e-01,-1.111321e+00,3.979770e-03,1.783616e+02,6.815856e-05,8.935348e+01,9.608036e-01,-1.799999e+02
1.58489,9.921816e-01,-1.218530e+00,3.979838e-03,1.782035e+02,7.473340e-05,8.929108e+01,9.608036e-01,-1.799999e+02
1.73780,9.921736e-01,-1.336081e+00,3.979921e-03,1.780301e+02,8.194224e-05,8.922267e+01,9.608036e-01,-1.799999e+02
1.90546,9.921641e-01,-1.464969e+00,3.980019e-03,1.778401e+02,8.984618e-05,8.914767e+01,9.608036e-01,-1.799999e+02
2.08930,9.921526e-01,-1.606287e+00,3.980138e-03,1.776317e+02,9.851213e-05,8.906543e+01,9.608036e-01,-1.799999e+02
2.29087,9.921389e-01,-1.761233e+00,3.980281e-03,1.774033e+02,1.080134e-04,8.897526e+01,9.608036e-01,-1.799999e+02
2.51189,9.921223e-01,-1.931120e+00,3.980452e-03,1.771528e+02,1.184305e-04,8.887641e+01,9.608036e-01,-1.799998e+02
2.75423,9.921024e-01,-2.117386e+00,3.980659e-03,1.768782e+02,1.298513e-04,8.876802e+01,9.608036e-01,-1.799998e+02
3.01995,9.920784e-01,-2.321609e+00,3.980907e-03,1.765772e+02,1.423723e-04,8.864919e+01,9.608036e-01,-1.799998e+02
3.31131,9.920496e-01,-2.545517e+00,3.981205e-03,1.762472e+02,1.560992e-04,8.851891e+01,9.608036e-01,-1.799998e+02
3.63078,9.920150e-01,-2.791002e+00,3.981563e-03,1.758855e+02,1.711476e-04,8.837609e+01,9.608036e-01,-1.799998e+02
3.98107,9.919734e-01,-3.060139e+00,3.981993e-03,1.754889e+02,1.876440e-04,8.821950e+01,9.608037e-01,-1.799998e+02
4.36516,9.919235e-01,-3.355200e+00,3.982510e-03,1.750543e+02,2.057271e-04,8.804784e+01,9.608037e-01,-1.799997e+02
4.78630,9.918634e-01,-3.678671e+00,3.983132e-03,1.745779e+02,2.255483e-04,8.785967e+01,9.608037e-01,-1.799997e+02
5.24807,9.917912e-01,-4.033276e+00,3.983878e-03,1.740558e+02,2.472732e-04,8.765339e+01,9.608037e-01,-1.799997e+02
5.75440,9.917045e-01,-4.421995e+00,3.984775e-03,1.734836e+02,2.710828e-04,8.742729e+01,9.608037e-01,-1.799996e+02
6.30957,9.916003e-01,-4.848090e+00,3.985852e-03,1.728567e+02,2.971747e-04,8.717947e+01,9.608037e-01,-1.799996e+02
6.91831,9.914751e-01,-5.315124e+00,3.987146e-03,1.721699e+02,3.257642e-04,8.690786e+01,9.608037e-01,-1.799996e+02
7.58578,9.913247e-01,-5.826994e+00,3.988699e-03,1.714175e+02,3.570862e-04,8.661021e+01,9.608037e-01,-1.799995e+02
8.31764,9.911441e-01,-6.387956e+00,3.990562e-03,1.705935e+02,3.913962e-04,8.628407e+01,9.608038e-01,-1.799995e+02
9.12011,9.909273e-01,-7.002652e+00,3.992798e-03,1.696913e+02,4.289716e-04,8.592675e+01,9.608038e-01,-1.799994e+02
10.00000,9.906671e-01,-7.676145e+00,3.995480e-03,1.687037e+02,4.701135e-04,8.553533e+01,9.608038e-01,-1.799994e+02
10.96478,9.903549e-01,-8.413948e+00,3.998694e-03,1.676231e+02,5.151473e-04,8.510664e+01,9.608039e-01,-1.799993e+02
12.02264,9.899804e-01,-9.222054e+00,4.002544e-03,1.664411e+02,5.644245e-04,8.463725e+01,9.608039e-01,-1.799993e+02
13.18257,9.895315e-01,-1.010697e+01,4.007153e-03,1.651488e+02,6.183224e-04,8.412343e+01,9.608040e-01,-1.799992e+02
14.45440,9.889936e-01,-1.107574e+01,4.012665e-03,1.637368e+02,6.772453e-04,8.356115e+01,9.608041e-01,-1.799991e+02
15.84893,9.883497e-01,-1.213598e+01,4.019250e-03,1.621951e+02,7.416235e-04,8.294611e+01,9.608042e-01,-1.799990e+02
17.37801,9.875793e-01,-1.329590e+01,4.027109e-03,1.605130e+02,8.119123e-04,8.227366e+01,9.608043e-01,-1.799989e+02
19.05461,9.866587e-01,-1.456429e+01,4.036473e-03,1.586797e+02,8.885894e-04,8.153888e+01,9.608044e-01,-1.799988e+02
20.89296,9.855597e-01,-1.595056e+01,4.047610e-03,1.566839e+02,9.721510e-04,8.073651e+01,9.608046e-01,-1.799987e+02
22.90868,9.842497e-01,-1.746470e+01,4.060831e-03,1.545139e+02,1.063105e-03,7.986107e+01,9.608047e-01,-1.799986e+02
25.11886,9.826907e-01,-1.911724e+01,4.076484e-03,1.521585e+02,1.161964e-03,7.890682e+01,9.608050e-01,-1.799985e+02
27.54229,9.808393e-01,-2.091921e+01,4.094965e-03,1.496067e+02,1.269232e-03,7.786787e+01,9.608052e-01,-1.799983e+02
30.19952,9.786457e-01,-2.288201e+01,4.116710e-03,1.468479e+02,1.385390e-03,7.673822e+01,9.608055e-01,-1.799982e+02
33.11311,9.760540e-01,-2.501730e+01,4.142193e-03,1.438732e+02,1.510872e-03,7.551194e+01,9.608059e-01,-1.799980e+02
36.30781,9.730019e-01,-2.733674e+01,4.171916e-03,1.406749e+02,1.646049e-03,7.418329e+01,9.608063e-01,-1.799978e+02
39.81072,9.694219e-01,-2.985180e+01,4.206396e-03,1.372479e+02,1.791187e-03,7.274693e+01,9.608068e-01,-1.799976e+02
43.65158,9.652415e-01,-3.257336e+01,4.246147e-03,1.335898e+02,1.946420e-03,7.119817e+01,9.608074e-01,-1.799974e+02
47.86301,9.603861e-01,-3.551132e+01,4.291642e-03,1.297019e+02,2.111707e-03,6.953327e+01,9.608080e-01,-1.799971e+02
52.48075,9.547813e-01,-3.867405e+01,4.343289e-03,1.255897e+02,2.286788e-03,6.774978e+01,9.608088e-01,-1.799969e+02
57.54399,9.483570e-01,-4.206787e+01,4.401378e-03,1.212634e+02,2.471143e-03,6.584693e+01,9.608097e-01,-1.799966e+02
63.09573,9.410530e-01,-4.569633e+01,4.466039e-03,1.167385e+02,2.663952e-03,6.382601e+01,9.608106e-01,-1.799963e+02
69.18310,9.328248e-01,-4.955955e+01,4.537198e-03,1.120356e+02,2.864067e-03,6.169079e+01,9.608117e-01,-1.799960e+02
75.85776,9.236505e-01,-5.365355e+01,4.614530e-03,1.071808e+02,3.069999e-03,5.944783e+01,9.608129e-01,-1.799956e+02
83.17638,9.135381e-01,-5.796957e+01,4.697439e-03,1.022047e+02,3.279929e-03,5.710672e+01,9.608143e-01,-1.799953e+02
91.20108,9.025312e-01,-6.249364e+01,4.785049e-03,9.714229e+01,3.491747e-03,5.468020e+01,9.608157e-01,-1.799949e+02
100.00000,8.907131e-01,-6.720625e+01,4.876225e-03,9.203146e+01,3.703122e-03,5.218404e+01,9.608172e-01,-1.799944e+02
109.64782,8.782082e-01,-7.208240e+01,4.969621e-03,8.691198e+01,3.911600e-03,4.963673e+01,9.608188e-01,-1.799940e+02
120.22644,8.651793e-01,-7.709187e+01,5.063752e-03,8.182409e+01,4.114725e-03,4.705895e+01,9.608205e-01,-1.799935e+02
131.82567,8.518202e-01,-8.219991e+01,5.157089e-03,7.680710e+01,4.310171e-03,4.447282e+01,9.608222e-01,-1.799930e+02
144.54398,8.383454e-01,-8.736826e+01,5.248151e-03,7.189804e+01,4.495866e-03,4.190104e+01,9.608238e-01,-1.799924e+02
158.48932,8.249768e-01,-9.255645e+01,5.335600e-03,6.713051e+01,4.670098e-03,3.936595e+01,9.608255e-01,-1.799918e+02
173.78008,8.119293e-01,-9.772322e+01,5.418315e-03,6.253379e+01,4.831590e-03,3.688867e+01,9.608271e-01,-1.799911e+02
190.54607,7.993973e-01,-1.028281e+02,5.495437e-03,5.813222e+01,4.979531e-03,3.448831e+01,9.608287e-01,-1.799904e+02
208.92961,7.875446e-01,-1.078329e+02,5.566392e-03,5.394492e+01,5.113574e-03,3.218141e+01,9.608302e-01,-1.799896e+02
229.08677,7.764968e-01,-1.127027e+02,5.630884e-03,4.998576e+01,5.233793e-03,2.998160e+01,9.608316e-01,-1.799887e+02
251.18864,7.663389e-01,-1.174076e+02,5.688865e-03,4.626371e+01,5.340619e-03,2.789948e+01,9.608330e-01,-1.799877e+02
275.42287,7.571162e-01,-1.219223e+02,5.740497e-03,4.278322e+01,5.434765e-03,2.594264e+01,9.608343e-01,-1.799867e+02
301.99517,7.488384e-01,-1.262275e+02,5.786104e-03,3.954485e+01,5.517145e-03,2.411595e+01,9.608356e-01,-1.799855e+02
331.13112,7.414851e-01,-1.303091e+02,5.826125e-03,3.654594e+01,5.588796e-03,2.242188e+01,9.608368e-01,-1.799842e+02
363.07805,7.350135e-01,-1.341585e+02,5.861071e-03,3.378126e+01,5.650817e-03,2.086082e+01,9.608380e-01,-1.799828e+02
398.10717,7.293643e-01,-1.377714e+02,5.891491e-03,3.124365e+01,5.704315e-03,1.943160e+01,9.608393e-01,-1.799813e+02
436.51583,7.244685e-01,-1.411480e+02,5.917943e-03,2.892457e+01,5.750368e-03,1.813176e+01,9.608406e-01,-1.799796e+02
478.63009,7.202522e-01,-1.442918e+02,5.940979e-03,2.681465e+01,5.789999e-03,1.695801e+01,9.608420e-01,-1.799777e+02
524.80746,7.166413e-01,-1.472089e+02,5.961125e-03,2.490407e+01,5.824160e-03,1.590647e+01,9.608436e-01,-1.799756e+02
575.43994,7.135635e-01,-1.499077e+02,5.978883e-03,2.318292e+01,5.853730e-03,1.497299e+01,9.608453e-01,-1.799734e+02
630.95734,7.109513e-01,-1.523977e+02,5.994724e-03,2.164144e+01,5.879509e-03,1.415331e+01,9.608472e-01,-1.799709e+02
691.83097,7.087427e-01,-1.546898e+02,6.009092e-03,2.027027e+01,5.902228e-03,1.344328e+01,9.608495e-01,-1.799682e+02
758.57758,7.068817e-01,-1.567952e+02,6.022407e-03,1.906057e+01,5.922556e-03,1.283897e+01,9.608522e-01,-1.799652e+02
831.76377,7.053187e-01,-1.587253e+02,6.035073e-03,1.800410e+01,5.941110e-03,1.233674e+01,9.608553e-01,-1.799619e+02
912.01084,7.040103e-01,-1.604915e+02,6.047483e-03,1.709333e+01,5.958467e-03,1.193335e+01,9.608590e-01,-1.799582e+02
1000.00000,7.029189e-01,-1.621049e+02,6.060034e-03,1.632145e+01,5.975176e-03,1.162598e+01,9.608634e-01,-1.799543e+02
1096.47820,7.020122e-01,-1.635763e+02,6.073127e-03,1.568238e+01,5.991775e-03,1.141221e+01,9.608686e-01,-1.799499e+02
1202.26443,7.012628e-01,-1.649158e+02,6.087188e-03,1.517072e+01,6.008800e-03,1.129008e+01,9.608749e-01,-1.799451e+02
1318.25674,7.006476e-01,-1.661330e+02,6.102675e-03,1.478177e+01,6.026806e-03,1.125801e+01,9.608824e-01,-1.799399e+02
1445.43977,7.001473e-01,-1.672369e+02,6.120087e-03,1.451140e+01,6.046375e-03,1.131477e+01,9.608914e-01,-1.799342e+02
1584.89319,6.997460e-01,-1.682359e+02,6.139987e-03,1.435603e+01,6.068139e-03,1.145941e+01,9.609021e-01,-1.799279e+02
1737.80083,6.994309e-01,-1.691376e+02,6.163008e-03,1.431246e+01,6.092793e-03,1.169115e+01,9.609150e-01,-1.799210e+02
1905.46072,6.991918e-01,-1.699491e+02,6.189875e-03,1.437776e+01,6.121115e-03,1.200926e+01,9.609305e-01,-1.799135e+02
2089.29613,6.990209e-01,-1.706770e+02,6.221419e-03,1.454909e+01,6.153982e-03,1.241292e+01,9.609491e-01,-1.799052e+02
2290.86765,6.989126e-01,-1.713269e+02,6.258598e-03,1.482348e+01,6.192392e-03,1.290097e+01,9.609714e-01,-1.798962e+02
2511.88643,6.988635e-01,-1.719044e+02,6.302512e-03,1.519759e+01,6.237485e-03,1.347169e+01,9.609982e-01,-1.798864e+02
2754.22870,6.988717e-01,-1.724140e+02,6.354426e-03,1.566738e+01,6.290558e-03,1.412249e+01,9.610302e-01,-1.798756e+02
3019.95172,6.989375e-01,-1.728602e+02,6.415784e-03,1.622779e+01,6.353087e-03,1.484958e+01,9.610686e-01,-1.798639e+02
3311.31121,6.990630e-01,-1.732466e+02,6.488227e-03,1.687231e+01,6.426741e-03,1.564758e+01,9.611146e-01,-1.798510e+02
3630.78055,6.992522e-01,-1.735766e+02,6.573601e-03,1.759259e+01,6.513390e-03,1.650908e+01,9.611696e-01,-1.798371e+02
3981.07171,6.995110e-01,-1.738532e+02,6.673960e-03,1.837797e+01,6.615114e-03,1.742423e+01,9.612354e-01,-1.798219e+02
4365.15832,6.998476e-01,-1.740790e+02,6.791559e-03,1.921507e+01,6.734187e-03,1.838033e+01,9.613140e-01,-1.798055e+02
4786.30092,7.002725e-01,-1.742561e+02,6.928837e-03,2.008747e+01,6.873065e-03,1.936150e+01,9.614077e-01,-1.797876e+02
5248.07460,7.007988e-01,-1.743866e+02,7.088375e-03,2.097539e+01,7.034343e-03,2.034842e+01,9.615192e-01,-1.797683e+02
5754.39937,7.014425e-01,-1.744720e+02,7.272844e-03,2.185567e+01,7.220696e-03,2.131831e+01,9.616518e-01,-1.797475e+02
6309.57344,7.022225e-01,-1.745138e+02,7.484916e-03,2.270186e+01,7.434802e-03,2.224505e+01,9.618090e-01,-1.797252e+02
6918.30971,7.031617e-01,-1.745135e+02,7.727166e-03,2.348462e+01,7.679230e-03,2.309966e+01,9.619949e-01,-1.797013e+02
7585.77575,7.042862e-01,-1.744722e+02,8.001934e-03,2.417237e+01,7.956309e-03,2.385089e+01,9.622141e-01,-1.796759e+02
8317.63771,7.056268e-01,-1.743911e+02,8.311167e-03,2.473212e+01,8.267970e-03,2.446617e+01,9.624716e-01,-1.796490e+02
9120.10839,7.072183e-01,-1.742715e+02,8.656235e-03,2.513060e+01,8.615565e-03,2.491271e+01,9.627727e-01,-1.796207e+02
10000.00000,7.091001e-01,-1.741150e+02,9.037731e-03,2.533540e+01,8.999658e-03,2.515861e+01,9.631231e-01,-1.795912e+02
