! ! 
! S ! 
! ! 
! # MHz  S  MA  R  50.00000
! ! ===================================================================
1.00000,9.927948e-01,-7.533535e-01,2.323693e-03,1.783938e+02,4.707398e-05,8.956171e+01,9.608036e-01,-1.799999e+02
1.09648,9.927917e-01,-8.260329e-01,2.323777e-03,1.782388e+02,5.161528e-05,8.951939e+01,9.608036e-01,-1.799999e+02
1.20226,9.927881e-01,-9.057235e-01,2.323878e-03,1.780688e+02,5.659462e-05,8.947299e+01,9.608036e-01,-1.799999e+02
1.31826,9.927837e-01,-9.931015e-01,2.323998e-03,1.778825e+02,6.205422e-05,8.942212e+01,9.608036e-01,-1.799999e+02
1.44544,9.927784e-01,-1.088908e+00,2.324144e-03,1.776783e+02,6.804039e-05,8.936634e+01,9.608036e-01,-1.799999e+02
1.58489,9.927721e-01,-1.193956e+00,2.324318e-03,1.774544e+02,7.460386e-05,8.930518e+01,9.608036e-01,-1.799999e+02
1.73780,9.927644e-01,-1.309136e+00,2.324528e-03,1.772089e+02,8.180026e-05,8.923813e+01,9.608036e-01,-1.799999e+02
1.90546,9.927553e-01,-1.435425e+00,2.324781e-03,1.769398e+02,8.969057e-05,8.916462e+01,9.608036e-01,-1.799999e+02
2.08930,9.927442e-01,-1.573894e+00,2.325084e-03,1.766447e+02,9.834160e-05,8.908402e+01,9.608036e-01,-1.799999e+02
2.29087,9.927310e-01,-1.725717e+00,2.325449e-03,1.763213e+02,1.078266e-04,8.899564e+01,9.608036e-01,-1.799999e+02
2.51189,9.927150e-01,-1.892179e+00,2.325887e-03,1.759669e+02,1.182257e-04,8.889875e+01,9.608036e-01,-1.799999e+02
2.75423,9.926959e-01,-2.074691e+00,2.326413e-03,1.755783e+02,1.296270e-04,8.879252e+01,9.608036e-01,-1.799998e+02
3.01995,9.926728e-01,-2.274799e+00,2.327046e-03,1.751525e+02,1.421267e-04,8.867605e+01,9.608036e-01,-1.799998e+02
3.31131,9.926452e-01,-2.494195e+00,2.327807e-03,1.746858e+02,1.558302e-04,8.854836e+01,9.608036e-01,-1.799998e+02
3.63078,9.926119e-01,-2.734735e+00,2.328721e-03,1.741745e+02,1.708532e-04,8.840837e+01,9.608036e-01,-1.799998e+02
3.98107,9.925719e-01,-2.998451e+00,2.329819e-03,1.736142e+02,1.873219e-04,8.825489e+01,9.608036e-01,-1.799998e+02
4.36516,9.925238e-01,-3.287570e+00,2.331138e-03,1.730005e+02,2.053747e-04,8.808664e+01,9.608036e-01,-1.799997e+02
4.78630,9.924660e-01,-3.604531e+00,2.332722e-03,1.723283e+02,2.251630e-04,8.790220e+01,9.608036e-01,-1.799997e+02
5.24807,9.923966e-01,-3.952001e+00,2.334624e-03,1.715922e+02,2.468522e-04,8.770001e+01,9.608036e-01,-1.799997e+02
5.75440,9.923132e-01,-4.332903e+00,2.336907e-03,1.707864e+02,2.706231e-04,8.747839e+01,9.608036e-01,-1.799997e+02
6.30957,9.922129e-01,-4.750433e+00,2.339647e-03,1.699046e+02,2.966732e-04,8.723547e+01,9.608037e-01,-1.799996e+02
6.91831,9.920925e-01,-5.208087e+00,2.342934e-03,1.689399e+02,3.252177e-04,8.696924e+01,9.608037e-01,-1.799996e+02
7.58578,9.919479e-01,-5.709685e+00,2.346876e-03,1.678851e+02,3.564913e-04,8.667747e+01,9.608037e-01,-1.799996e+02
8.31764,9.917742e-01,-6.259400e+00,2.351600e-03,1.667323e+02,3.907497e-04,8.635777e+01,9.608037e-01,-1.799995e+02
9.12011,9.915656e-01,-6.861788e+00,2.357259e-03,1.654732e+02,4.282703e-04,8.600749e+01,9.608037e-01,-1.799995e+02
10.00000,9.913152e-01,-7.521816e+00,2.364031e-03,1.640992e+02,4.693546e-04,8.562376e+01,9.608038e-01,-1.799994e+02
10.96478,9.910148e-01,-8.244892e+00,2.372131e-03,1.626011e+02,5.143284e-04,8.520349e+01,9.608038e-01,-1.799994e+02
12.02264,9.906545e-01,-9.036903e+00,2.381806e-03,1.609694e+02,5.635438e-04,8.474328e+01,9.608038e-01,-1.799993e+02
13.18257,9.902225e-01,-9.904237e+00,2.393351e-03,1.591945e+02,6.173794e-04,8.423948e+01,9.608039e-01,-1.799992e+02
14.45440,9.897048e-01,-1.085382e+01,2.407105e-03,1.572667e+02,6.762410e-04,8.368813e+01,9.608040e-01,-1.799991e+02
15.84893,9.890849e-01,-1.189314e+01,2.423462e-03,1.551763e+02,7.405612e-04,8.308497e+01,9.608040e-01,-1.799991e+02
17.37801,9.883431e-01,-1.303027e+01,2.442878e-03,1.529144e+02,8.107984e-04,8.242546e+01,9.608041e-01,-1.799990e+02
19.05461,9.874564e-01,-1.427387e+01,2.465867e-03,1.504725e+02,8.874344e-04,8.170470e+01,9.608042e-01,-1.799989e+02
20.89296,9.863977e-01,-1.563321e+01,2.493012e-03,1.478432e+02,9.709710e-04,8.091753e+01,9.608044e-01,-1.799988e+02
22.90868,9.851353e-01,-1.711817e+01,2.524962e-03,1.450209e+02,1.061924e-03,8.005850e+01,9.608045e-01,-1.799987e+02
25.11886,9.836324e-01,-1.873915e+01,2.562426e-03,1.420016e+02,1.160815e-03,7.912193e+01,9.608047e-01,-1.799985e+02
27.54229,9.818467e-01,-2.050708e+01,2.606168e-03,1.387839e+02,1.268160e-03,7.810194e+01,9.608049e-01,-1.799984e+02
30.19952,9.797298e-01,-2.243330e+01,2.656991e-03,1.353690e+02,1.384456e-03,7.699256e+01,9.608051e-01,-1.799982e+02
33.11311,9.772271e-01,-2.452940e+01,2.715714e-03,1.317613e+02,1.510158e-03,7.578784e+01,9.608054e-01,-1.799981e+02
36.30781,9.742775e-01,-2.680708e+01,2.783144e-03,1.279685e+02,1.645660e-03,7.448196e+01,9.608058e-01,-1.799979e+02
39.81072,9.708145e-01,-2.927787e+01,2.860035e-03,1.240014e+02,1.791260e-03,7.306948e+01,9.608062e-01,-1.799977e+02
43.65158,9.667666e-01,-3.195281e+01,2.947041e-03,1.198741e+02,1.947127e-03,7.154554e+01,9.608067e-01,-1.799975e+02
47.86301,9.620591e-01,-3.484206e+01,3.044663e-03,1.156034e+02,2.113262e-03,6.990617e+01,9.608072e-01,-1.799973e+02
52.48075,9.566172e-01,-3.795438e+01,3.153188e-03,1.112086e+02,2.289453e-03,6.814859e+01,9.608079e-01,-1.799970e+02
57.54399,9.503695e-01,-4.129659e+01,3.272634e-03,1.067107e+02,2.475232e-03,6.627164e+01,9.608086e-01,-1.799967e+02
63.09573,9.432529e-01,-4.487290e+01,3.402692e-03,1.021322e+02,2.669833e-03,6.427611e+01,9.608094e-01,-1.799964e+02
69.18310,9.352187e-01,-4.868427e+01,3.542684e-03,9.749611e+01,2.872162e-03,6.216520e+01,9.608104e-01,-1.799961e+02
75.85776,9.262397e-01,-5.272765e+01,3.691540e-03,9.282624e+01,3.080779e-03,5.994483e+01,9.608114e-01,-1.799958e+02
83.17638,9.163164e-01,-5.699541e+01,3.847795e-03,8.814648e+01,3.293902e-03,5.762391e+01,9.608125e-01,-1.799954e+02
91.20108,9.054843e-01,-6.147474e+01,4.009622e-03,8.348085e+01,3.509442e-03,5.521448e+01,9.608137e-01,-1.799950e+02
100.00000,8.938178e-01,-6.614740e+01,4.174894e-03,7.885334e+01,3.725066e-03,5.273167e+01,9.608150e-01,-1.799946e+02
109.64782,8.814328e-01,-7.098957e+01,4.341276e-03,7.428775e+01,3.938292e-03,5.019340e+01,9.608164e-01,-1.799942e+02
120.22644,8.684839e-01,-7.597213e+01,4.506345e-03,6.980746e+01,4.146607e-03,4.761993e+01,9.608178e-01,-1.799937e+02
131.82567,8.551594e-01,-8.106129e+01,4.667727e-03,6.543512e+01,4.347602e-03,4.503312e+01,9.608193e-01,-1.799931e+02
144.54398,8.416707e-01,-8.621945e+01,4.823220e-03,6.119212e+01,4.539098e-03,4.245563e+01,9.608207e-01,-1.799926e+02
158.48932,8.282394e-01,-9.140652e+01,4.970919e-03,5.709813e+01,4.719265e-03,3.990995e+01,9.608222e-01,-1.799920e+02
173.78008,8.150835e-01,-9.658128e+01,5.109298e-03,5.317053e+01,4.886698e-03,3.741752e+01,9.608236e-01,-1.799913e+02
190.54607,8.024034e-01,-1.017030e+02,5.237262e-03,4.942399e+01,5.040469e-03,3.499796e+01,9.608250e-01,-1.799905e+02
208.92961,7.903705e-01,-1.067328e+02,5.354156e-03,4.587010e+01,5.180121e-03,3.266839e+01,9.608263e-01,-1.799897e+02
229.08677,7.791194e-01,-1.116350e+02,5.459742e-03,4.251723e+01,5.305640e-03,3.044309e+01,9.608276e-01,-1.799889e+02
251.18864,7.687443e-01,-1.163785e+02,5.554145e-03,3.937058e+01,5.417393e-03,2.833332e+01,9.608288e-01,-1.799879e+02
275.42287,7.592991e-01,-1.209370e+02,5.637788e-03,3.643231e+01,5.516050e-03,2.634731e+01,9.608300e-01,-1.799868e+02
301.99517,7.508008e-01,-1.252897e+02,5.711317e-03,3.370188e+01,5.602503e-03,2.449049e+01,9.608311e-01,-1.799857e+02
331.13112,7.432353e-01,-1.294215e+02,5.775529e-03,3.117644e+01,5.677788e-03,2.276580e+01,9.608323e-01,-1.799844e+02
363.07805,7.365638e-01,-1.333226e+02,5.831307e-03,2.885127e+01,5.743015e-03,2.117406e+01,9.608334e-01,-1.799830e+02
398.10717,7.307300e-01,-1.369878e+02,5.879573e-03,2.672022e+01,5.799313e-03,1.971437e+01,9.608346e-01,-1.799815e+02
436.51583,7.256667e-01,-1.404163e+02,5.921242e-03,2.477612e+01,5.847790e-03,1.838454e+01,9.608359e-01,-1.799798e+02
478.63009,7.213005e-01,-1.436109e+02,5.957197e-03,2.301116e+01,5.889500e-03,1.718139e+01,9.608372e-01,-1.799779e+02
524.80746,7.175568e-01,-1.465773e+02,5.988274e-03,2.141722e+01,5.925431e-03,1.610114e+01,9.608387e-01,-1.799758e+02
575.43994,7.143627e-01,-1.493233e+02,6.015248e-03,1.998612e+01,5.956493e-03,1.513965e+01,9.608404e-01,-1.799736e+02
630.95734,7.116495e-01,-1.518583e+02,6.038836e-03,1.870987e+01,5.983519e-03,1.429266e+01,9.608423e-01,-1.799711e+02
691.83097,7.093537e-01,-1.541929e+02,6.059695e-03,1.758081e+01,6.007268e-03,1.355595e+01,9.608445e-01,-1.799684e+02
758.57758,7.074178e-01,-1.563382e+02,6.078432e-03,1.659174e+01,6.028434e-03,1.292551e+01,9.608471e-01,-1.799654e+02
831.76377,7.057910e-01,-1.583057e+02,6.095611e-03,1.573601e+01,6.047655e-03,1.239762e+01,9.608502e-01,-1.799621e+02
912.01084,7.044283e-01,-1.601067e+02,6.111761e-03,1.500755e+01,6.065524e-03,1.196890e+01,9.608539e-01,-1.799585e+02
1000.00000,7.032909e-01,-1.617525e+02,6.127393e-03,1.440094e+01,6.082608e-03,1.163640e+01,9.608582e-01,-1.799546e+02
1096.47820,7.023453e-01,-1.632538e+02,6.143007e-03,1.391138e+01,6.099452e-03,1.139760e+01,9.608634e-01,-1.799502e+02
1202.26443,7.015631e-01,-1.646209e+02,6.159108e-03,1.353469e+01,6.116602e-03,1.125039e+01,9.608695e-01,-1.799455e+02
1318.25674,7.009202e-01,-1.658636e+02,6.176219e-03,1.326727e+01,6.134614e-03,1.119307e+01,9.608769e-01,-1.799403e+02
1445.43977,7.003966e-01,-1.669910e+02,6.194894e-03,1.310603e+01,6.154072e-03,1.122429e+01,9.608858e-01,-1.799346e+02
1584.89319,6.999756e-01,-1.680116e+02,6.215737e-03,1.304833e+01,6.175606e-03,1.134300e+01,9.608965e-01,-1.799283e+02
1737.80083,6.996439e-01,-1.689332e+02,6.239414e-03,1.309187e+01,6.199904e-03,1.154835e+01,9.609092e-01,-1.799215e+02
1905.46072,6.993908e-01,-1.697630e+02,6.266674e-03,1.323456e+01,6.227734e-03,1.183957e+01,9.609245e-01,-1.799140e+02
2089.29613,6.992079e-01,-1.705076e+02,6.298364e-03,1.347436e+01,6.259963e-03,1.221581e+01,9.609429e-01,-1.799058e+02
2290.86765,6.990894e-01,-1.711729e+02,6.335451e-03,1.380905e+01,6.297573e-03,1.267593e+01,9.609650e-01,-1.798968e+02
2511.88643,6.990314e-01,-1.717645e+02,6.379041e-03,1.423604e+01,6.341685e-03,1.321831e+01,9.609914e-01,-1.798870e+02
2754.22870,6.990318e-01,-1.722871e+02,6.430395e-03,1.475204e+01,6.393575e-03,1.384051e+01,9.610231e-01,-1.798763e+02
3019.95172,6.990907e-01,-1.727452e+02,6.490954e-03,1.535272e+01,6.454698e-03,1.453898e+01,9.610610e-01,-1.798646e+02
3311.31121,6.992099e-01,-1.731426e+02,6.562348e-03,1.603235e+01,6.526696e-03,1.530865e+01,9.611065e-01,-1.798519e+02
3630.78055,6.993932e-01,-1.734827e+02,6.646412e-03,1.678336e+01,6.611417e-03,1.614253e+01,9.611609e-01,-1.798380e+02
3981.07171,6.996463e-01,-1.737687e+02,6.745189e-03,1.759594e+01,6.710913e-03,1.703127e+01,9.612260e-01,-1.798229e+02
4365.15832,6.999773e-01,-1.740030e+02,6.860923e-03,1.845757e+01,6.827442e-03,1.796277e+01,9.613037e-01,-1.798065e+02
4786.30092,7.003965e-01,-1.741880e+02,6.996046e-03,1.935269e+01,6.963440e-03,1.892180e+01,9.613963e-01,-1.797888e+02
5248.07460,7.009167e-01,-1.743258e+02,7.153135e-03,2.026242e+01,7.121494e-03,1.988975e+01,9.615066e-01,-1.797696e+02
5754.39937,7.015538e-01,-1.744180e+02,7.334865e-03,2.116445e+01,7.304279e-03,2.084455e+01,9.616378e-01,-1.797489e+02
6309.57344,7.023267e-01,-1.744662e+02,7.543922e-03,2.203313e+01,7.514485e-03,2.176073e+01,9.617933e-01,-1.797266e+02
6918.30971,7.032578e-01,-1.744717e+02,7.782906e-03,2.283981e+01,7.754708e-03,2.260985e+01,9.619773e-01,-1.797028e+02
7585.77575,7.043734e-01,-1.744358e+02,8.054195e-03,2.355346e+01,8.027319e-03,2.336108e+01,9.621942e-01,-1.796775e+02
8317.63771,7.057038e-01,-1.743597e+02,8.359785e-03,2.414149e+01,8.334307e-03,2.398204e+01,9.624491e-01,-1.796507e+02
9120.10839,7.072837e-01,-1.742448e+02,8.701114e-03,2.457079e+01,8.677096e-03,2.443990e+01,9.627473e-01,-1.796225e+02
10000.00000,7.091524e-01,-1.740926e+02,9.078850e-03,2.480894e+01,9.056339e-03,2.470255e+01,9.630944e-01,-1.795931e+02
