! ! 
! S ! 
! ! 
! # MHz  S  MA  R  50.00000
! ! ===================================================================
1.00000,9.928223e-01,-7.529018e-01,2.278868e-03,1.783712e+02,4.707362e-05,8.956197e+01,9.608036e-01,-1.799999e+02
1.09648,9.928193e-01,-8.255377e-01,2.278954e-03,1.782140e+02,5.161489e-05,8.951967e+01,9.608036e-01,-1.799999e+02
1.20226,9.928156e-01,-9.051805e-01,2.279057e-03,1.780417e+02,5.659419e-05,8.947330e+01,9.608036e-01,-1.799999e+02
1.31826,9.928113e-01,-9.925061e-01,2.279181e-03,1.778528e+02,6.205375e-05,8.942246e+01,9.608036e-01,-1.799999e+02
1.44544,9.928060e-01,-1.088255e+00,2.279330e-03,1.776457e+02,6.803987e-05,8.936671e+01,9.608036e-01,-1.799999e+02
1.58489,9.927996e-01,-1.193240e+00,2.279509e-03,1.774186e+02,7.460330e-05,8.930559e+01,9.608036e-01,-1.799999e+02
1.73780,9.927920e-01,-1.308351e+00,2.279724e-03,1.771697e+02,8.179965e-05,8.923858e+01,9.608036e-01,-1.799999e+02
1.90546,9.927829e-01,-1.434565e+00,2.279983e-03,1.768968e+02,8.968990e-05,8.916511e+01,9.608036e-01,-1.799999e+02
2.08930,9.927718e-01,-1.572951e+00,2.280295e-03,1.765977e+02,9.834087e-05,8.908455e+01,9.608036e-01,-1.799999e+02
2.29087,9.927586e-01,-1.724682e+00,2.280669e-03,1.762697e+02,1.078258e-04,8.899623e+01,9.608036e-01,-1.799999e+02
2.51189,9.927427e-01,-1.891045e+00,2.281118e-03,1.759103e+02,1.182249e-04,8.889940e+01,9.608036e-01,-1.799999e+02
2.75423,9.927235e-01,-2.073448e+00,2.281659e-03,1.755163e+02,1.296261e-04,8.879323e+01,9.608036e-01,-1.799998e+02
3.01995,9.927005e-01,-2.273435e+00,2.282308e-03,1.750846e+02,1.421257e-04,8.867683e+01,9.608036e-01,-1.799998e+02
3.31131,9.926729e-01,-2.492700e+00,2.283089e-03,1.746114e+02,1.558291e-04,8.854921e+01,9.608036e-01,-1.799998e+02
3.63078,9.926396e-01,-2.733096e+00,2.284026e-03,1.740930e+02,1.708519e-04,8.840930e+01,9.608036e-01,-1.799998e+02
3.98107,9.925997e-01,-2.996654e+00,2.285153e-03,1.735249e+02,1.873205e-04,8.825592e+01,9.608036e-01,-1.799998e+02
4.36516,9.925517e-01,-3.285600e+00,2.286506e-03,1.729027e+02,2.053733e-04,8.808776e+01,9.608036e-01,-1.799997e+02
4.78630,9.924940e-01,-3.602371e+00,2.288131e-03,1.722213e+02,2.251615e-04,8.790343e+01,9.608036e-01,-1.799997e+02
5.24807,9.924246e-01,-3.949633e+00,2.290082e-03,1.714751e+02,2.468506e-04,8.770136e+01,9.608036e-01,-1.799997e+02
5.75440,9.923413e-01,-4.330308e+00,2.292424e-03,1.706583e+02,2.706214e-04,8.747986e+01,9.608036e-01,-1.799997e+02
6.30957,9.922411e-01,-4.747588e+00,2.295235e-03,1.697645e+02,2.966713e-04,8.723709e+01,9.608037e-01,-1.799996e+02
6.91831,9.921208e-01,-5.204969e+00,2.298607e-03,1.687869e+02,3.252157e-04,8.697101e+01,9.608037e-01,-1.799996e+02
7.58578,9.919764e-01,-5.706268e+00,2.302649e-03,1.677179e+02,3.564894e-04,8.667942e+01,9.608037e-01,-1.799996e+02
8.31764,9.918028e-01,-6.255655e+00,2.307495e-03,1.665499e+02,3.907477e-04,8.635990e+01,9.608037e-01,-1.799995e+02
9.12011,9.915945e-01,-6.857685e+00,2.313298e-03,1.652744e+02,4.282683e-04,8.600982e+01,9.608037e-01,-1.799995e+02
10.00000,9.913444e-01,-7.517320e+00,2.320242e-03,1.638827e+02,4.693526e-04,8.562632e+01,9.608038e-01,-1.799994e+02
10.96478,9.910443e-01,-8.239967e+00,2.328546e-03,1.623657e+02,5.143266e-04,8.520629e+01,9.608038e-01,-1.799994e+02
12.02264,9.906844e-01,-9.031509e+00,2.338464e-03,1.607138e+02,5.635423e-04,8.474635e+01,9.608038e-01,-1.799993e+02
13.18257,9.902528e-01,-9.898330e+00,2.350295e-03,1.589175e+02,6.173784e-04,8.424283e+01,9.608039e-01,-1.799992e+02
14.45440,9.897357e-01,-1.084735e+01,2.364388e-03,1.569671e+02,6.762408e-04,8.369180e+01,9.608040e-01,-1.799992e+02
15.84893,9.891165e-01,-1.188606e+01,2.381144e-03,1.548533e+02,7.405621e-04,8.308899e+01,9.608040e-01,-1.799991e+02
17.37801,9.883755e-01,-1.302253e+01,2.401026e-03,1.525670e+02,8.108007e-04,8.242985e+01,9.608041e-01,-1.799990e+02
19.05461,9.874898e-01,-1.426540e+01,2.424560e-03,1.501002e+02,8.874388e-04,8.170949e+01,9.608042e-01,-1.799989e+02
20.89296,9.864322e-01,-1.562397e+01,2.452337e-03,1.474459e+02,9.709781e-04,8.092276e+01,9.608043e-01,-1.799988e+02
22.90868,9.851711e-01,-1.710807e+01,2.485016e-03,1.445987e+02,1.061935e-03,8.006421e+01,9.608045e-01,-1.799987e+02
25.11886,9.836698e-01,-1.872813e+01,2.523314e-03,1.415553e+02,1.160831e-03,7.912815e+01,9.608047e-01,-1.799985e+02
27.54229,9.818859e-01,-2.049507e+01,2.568004e-03,1.383148e+02,1.268183e-03,7.810871e+01,9.608049e-01,-1.799984e+02
30.19952,9.797712e-01,-2.242021e+01,2.619894e-03,1.348791e+02,1.384487e-03,7.699992e+01,9.608051e-01,-1.799982e+02
33.11311,9.772709e-01,-2.451517e+01,2.679809e-03,1.312532e+02,1.510202e-03,7.579582e+01,9.608054e-01,-1.799981e+02
36.30781,9.743242e-01,-2.679163e+01,2.748555e-03,1.274453e+02,1.645719e-03,7.449061e+01,9.608058e-01,-1.799979e+02
39.81072,9.708645e-01,-2.926112e+01,2.826885e-03,1.234670e+02,1.791338e-03,7.307882e+01,9.608062e-01,-1.799977e+02
43.65158,9.668202e-01,-3.193470e+01,2.915446e-03,1.193328e+02,1.947230e-03,7.155561e+01,9.608067e-01,-1.799975e+02
47.86301,9.621169e-01,-3.482252e+01,3.014728e-03,1.150598e+02,2.113396e-03,6.991698e+01,9.608072e-01,-1.799973e+02
52.48075,9.566796e-01,-3.793336e+01,3.125005e-03,1.106673e+02,2.289626e-03,6.816015e+01,9.608079e-01,-1.799970e+02
57.54399,9.504368e-01,-4.127405e+01,3.246276e-03,1.061765e+02,2.475454e-03,6.628396e+01,9.608086e-01,-1.799967e+02
63.09573,9.433254e-01,-4.484883e+01,3.378213e-03,1.016092e+02,2.670115e-03,6.428917e+01,9.608094e-01,-1.799964e+02
69.18310,9.352966e-01,-4.865866e+01,3.520116e-03,9.698838e+01,2.872517e-03,6.217898e+01,9.608103e-01,-1.799961e+02
75.85776,9.263230e-01,-5.270055e+01,3.670894e-03,9.233709e+01,3.081221e-03,5.995927e+01,9.608113e-01,-1.799958e+02
83.17638,9.164050e-01,-5.696687e+01,3.829061e-03,8.767863e+01,3.294445e-03,5.763895e+01,9.608125e-01,-1.799954e+02
91.20108,9.055777e-01,-6.144487e+01,3.992769e-03,8.303633e+01,3.510103e-03,5.523003e+01,9.608137e-01,-1.799950e+02
100.00000,8.939154e-01,-6.611633e+01,4.159870e-03,7.843351e+01,3.725859e-03,5.274762e+01,9.608150e-01,-1.799946e+02
109.64782,8.815335e-01,-7.095747e+01,4.328014e-03,7.389336e+01,3.939233e-03,5.020963e+01,9.608163e-01,-1.799942e+02
120.22644,8.685867e-01,-7.593922e+01,4.494764e-03,6.943873e+01,4.147709e-03,4.763630e+01,9.608177e-01,-1.799937e+02
131.82567,8.552630e-01,-8.102778e+01,4.657730e-03,6.509179e+01,4.348875e-03,4.504949e+01,9.608192e-01,-1.799931e+02
144.54398,8.417735e-01,-8.618560e+01,4.814704e-03,6.087358e+01,4.540550e-03,4.247185e+01,9.608206e-01,-1.799926e+02
158.48932,8.283401e-01,-9.137260e+01,4.963773e-03,5.680347e+01,4.720899e-03,3.992587e+01,9.608221e-01,-1.799920e+02
173.78008,8.151807e-01,-9.654757e+01,5.103407e-03,5.289864e+01,4.888516e-03,3.743302e+01,9.608235e-01,-1.799913e+02
190.54607,8.024959e-01,-1.016697e+02,5.232510e-03,4.917363e+01,5.042466e-03,3.501290e+01,9.608249e-01,-1.799906e+02
208.92961,7.904574e-01,-1.067002e+02,5.350427e-03,4.563994e+01,5.182290e-03,3.268267e+01,9.608262e-01,-1.799897e+02
229.08677,7.792001e-01,-1.116034e+02,5.456925e-03,4.230594e+01,5.307972e-03,3.045664e+01,9.608275e-01,-1.799889e+02
251.18864,7.688183e-01,-1.163480e+02,5.552134e-03,3.917681e+01,5.419877e-03,2.834606e+01,9.608287e-01,-1.799879e+02
275.42287,7.593662e-01,-1.209077e+02,5.636485e-03,3.625474e+01,5.518672e-03,2.635920e+01,9.608299e-01,-1.799869e+02
301.99517,7.508611e-01,-1.252619e+02,5.710629e-03,3.353926e+01,5.605251e-03,2.450150e+01,9.608310e-01,-1.799857e+02
331.13112,7.432890e-01,-1.293952e+02,5.775374e-03,3.102758e+01,5.680648e-03,2.277591e+01,9.608322e-01,-1.799844e+02
363.07805,7.366114e-01,-1.332977e+02,5.831611e-03,2.871504e+01,5.745973e-03,2.118327e+01,9.608333e-01,-1.799830e+02
398.10717,7.307720e-01,-1.369644e+02,5.880270e-03,2.659556e+01,5.802358e-03,1.972269e+01,9.608345e-01,-1.799815e+02
436.51583,7.257035e-01,-1.403945e+02,5.922273e-03,2.466204e+01,5.850909e-03,1.839197e+01,9.608358e-01,-1.799798e+02
478.63009,7.213327e-01,-1.435906e+02,5.958513e-03,2.290674e+01,5.892684e-03,1.718795e+01,9.608371e-01,-1.799779e+02
524.80746,7.175849e-01,-1.465585e+02,5.989830e-03,2.132162e+01,5.928670e-03,1.610685e+01,9.608386e-01,-1.799758e+02
575.43994,7.143872e-01,-1.493059e+02,6.017007e-03,1.989856e+01,5.959778e-03,1.514454e+01,9.608403e-01,-1.799736e+02
630.95734,7.116709e-01,-1.518422e+02,6.040764e-03,1.862963e+01,5.986843e-03,1.429674e+01,9.608422e-01,-1.799711e+02
691.83097,7.093724e-01,-1.541781e+02,6.061766e-03,1.750723e+01,6.010624e-03,1.355925e+01,9.608444e-01,-1.799684e+02
758.57758,7.074343e-01,-1.563246e+02,6.080622e-03,1.652421e+01,6.031816e-03,1.292803e+01,9.608470e-01,-1.799654e+02
831.76377,7.058054e-01,-1.582932e+02,6.097899e-03,1.567395e+01,6.051057e-03,1.239938e+01,9.608501e-01,-1.799621e+02
912.01084,7.044411e-01,-1.600952e+02,6.114131e-03,1.495045e+01,6.068943e-03,1.196991e+01,9.608537e-01,-1.799585e+02
1000.00000,7.033023e-01,-1.617419e+02,6.129829e-03,1.434833e+01,6.086039e-03,1.163667e+01,9.608580e-01,-1.799546e+02
1096.47820,7.023555e-01,-1.632441e+02,6.145498e-03,1.386282e+01,6.102891e-03,1.139712e+01,9.608632e-01,-1.799502e+02
1202.26443,7.015723e-01,-1.646121e+02,6.161642e-03,1.348977e+01,6.120046e-03,1.124916e+01,9.608694e-01,-1.799455e+02
1318.25674,7.009285e-01,-1.658556e+02,6.178787e-03,1.322562e+01,6.138059e-03,1.119109e+01,9.608768e-01,-1.799403e+02
1445.43977,7.004042e-01,-1.669837e+02,6.197488e-03,1.306731e+01,6.157515e-03,1.122155e+01,9.608857e-01,-1.799346e+02
1584.89319,6.999826e-01,-1.680049e+02,6.218349e-03,1.301222e+01,6.179043e-03,1.133949e+01,9.608963e-01,-1.799283e+02
1737.80083,6.996504e-01,-1.689271e+02,6.242038e-03,1.305807e+01,6.203331e-03,1.154405e+01,9.609091e-01,-1.799215e+02
1905.46072,6.993968e-01,-1.697574e+02,6.269303e-03,1.320281e+01,6.231148e-03,1.183447e+01,9.609244e-01,-1.799140e+02
2089.29613,6.992136e-01,-1.705025e+02,6.300993e-03,1.344440e+01,6.263359e-03,1.220988e+01,9.609427e-01,-1.799058e+02
2290.86765,6.990948e-01,-1.711683e+02,6.338073e-03,1.378066e+01,6.300947e-03,1.266916e+01,9.609648e-01,-1.798968e+02
2511.88643,6.990365e-01,-1.717603e+02,6.381650e-03,1.420902e+01,6.345032e-03,1.321069e+01,9.609912e-01,-1.798870e+02
2754.22870,6.990367e-01,-1.722833e+02,6.432986e-03,1.472619e+01,6.396890e-03,1.383203e+01,9.610229e-01,-1.798763e+02
3019.95172,6.990954e-01,-1.727417e+02,6.493519e-03,1.532789e+01,6.457973e-03,1.452964e+01,9.610608e-01,-1.798646e+02
3311.31121,6.992144e-01,-1.731394e+02,6.564882e-03,1.600838e+01,6.529925e-03,1.529845e+01,9.611063e-01,-1.798519e+02
3630.78055,6.993975e-01,-1.734799e+02,6.648907e-03,1.676015e+01,6.614591e-03,1.613148e+01,9.611607e-01,-1.798380e+02
3981.07171,6.996505e-01,-1.737661e+02,6.747637e-03,1.757337e+01,6.714026e-03,1.701941e+01,9.612257e-01,-1.798229e+02
4365.15832,6.999814e-01,-1.740007e+02,6.863318e-03,1.843558e+01,6.830483e-03,1.795014e+01,9.613034e-01,-1.798066e+02
4786.30092,7.004004e-01,-1.741859e+02,6.998378e-03,1.933123e+01,6.966401e-03,1.890847e+01,9.613960e-01,-1.797888e+02
5248.07460,7.009205e-01,-1.743239e+02,7.155397e-03,2.024146e+01,7.124364e-03,1.987582e+01,9.615063e-01,-1.797696e+02
5754.39937,7.015575e-01,-1.744163e+02,7.337048e-03,2.114400e+01,7.307049e-03,2.083011e+01,9.616374e-01,-1.797489e+02
6309.57344,7.023302e-01,-1.744647e+02,7.546020e-03,2.201321e+01,7.517146e-03,2.174592e+01,9.617929e-01,-1.797267e+02
6918.30971,7.032611e-01,-1.744703e+02,7.784911e-03,2.282048e+01,7.757251e-03,2.259481e+01,9.619768e-01,-1.797029e+02
7585.77575,7.043765e-01,-1.744346e+02,8.056100e-03,2.353477e+01,8.029736e-03,2.334597e+01,9.621937e-01,-1.796776e+02
8317.63771,7.057067e-01,-1.743586e+02,8.361586e-03,2.412351e+01,8.336593e-03,2.396702e+01,9.624486e-01,-1.796507e+02
9120.10839,7.072864e-01,-1.742439e+02,8.702808e-03,2.455360e+01,8.679246e-03,2.442514e+01,9.627467e-01,-1.796225e+02
10000.00000,7.091548e-01,-1.740918e+02,9.080437e-03,2.479263e+01,9.058353e-03,2.468820e+01,9.630937e-01,-1.795931e+02
