! ! 
! S ! 
! ! 
! # MHz  S  MA  R  50.00000
! ! ===================================================================
1.00000,9.643439e-01,-1.799809e+02,6.528972e-03,3.247680e+01,7.497260e-03,5.170167e-01,9.079777e-01,-1.794593e+02
1.09648,9.643469e-01,-1.799824e+02,6.671985e-03,3.000595e+01,7.504155e-03,4.690879e-01,9.085908e-01,-1.794843e+02
1.20226,9.643497e-01,-1.799838e+02,6.798414e-03,2.766500e+01,7.510368e-03,4.175471e-01,9.091435e-01,-1.795106e+02
1.31826,9.643521e-01,-1.799852e+02,6.909259e-03,2.545762e+01,7.515904e-03,3.631127e-01,9.096364e-01,-1.795374e+02
1.44544,9.643543e-01,-1.799864e+02,7.005722e-03,2.338493e+01,7.520788e-03,3.063864e-01,9.100717e-01,-1.795642e+02
1.58489,9.643562e-01,-1.799875e+02,7.089121e-03,2.144582e+01,7.525059e-03,2.478354e-01,9.104528e-01,-1.795906e+02
1.73780,9.643578e-01,-1.799885e+02,7.160811e-03,1.963735e+01,7.528764e-03,1.877875e-01,9.107840e-01,-1.796162e+02
1.90546,9.643593e-01,-1.799895e+02,7.222128e-03,1.795515e+01,7.531955e-03,1.264346e-01,9.110700e-01,-1.796407e+02
2.08930,9.643605e-01,-1.799903e+02,7.274346e-03,1.639373e+01,7.534687e-03,6.384215e-02,9.113155e-01,-1.796638e+02
2.29087,9.643615e-01,-1.799911e+02,7.318647e-03,1.494684e+01,7.537010e-03,-3.921645e-05,9.115253e-01,-1.796854e+02
2.51189,9.643624e-01,-1.799918e+02,7.356110e-03,1.360772e+01,7.538976e-03,-6.536044e-02,9.117040e-01,-1.797054e+02
2.75423,9.643632e-01,-1.799924e+02,7.387703e-03,1.236936e+01,7.540628e-03,-1.323618e-01,9.118556e-01,-1.797238e+02
3.01995,9.643639e-01,-1.799930e+02,7.414278e-03,1.122462e+01,7.542009e-03,-2.013621e-01,9.119840e-01,-1.797404e+02
3.31131,9.643644e-01,-1.799935e+02,7.436585e-03,1.016643e+01,7.543153e-03,-2.727496e-01,9.120925e-01,-1.797554e+02
3.63078,9.643649e-01,-1.799940e+02,7.455271e-03,9.187838e+00,7.544093e-03,-3.469754e-01,9.121841e-01,-1.797686e+02
3.98107,9.643653e-01,-1.799944e+02,7.470894e-03,8.282108e+00,7.544854e-03,-4.245485e-01,9.122616e-01,-1.797802e+02
4.36516,9.643656e-01,-1.799948e+02,7.483931e-03,7.442763e+00,7.545458e-03,-5.060335e-01,9.123271e-01,-1.797901e+02
4.78630,9.643659e-01,-1.799951e+02,7.494787e-03,6.663607e+00,7.545924e-03,-5.920488e-01,9.123826e-01,-1.797985e+02
5.24807,9.643662e-01,-1.799954e+02,7.503805e-03,5.938737e+00,7.546266e-03,-6.832680e-01,9.124298e-01,-1.798052e+02
5.75440,9.643664e-01,-1.799956e+02,7.511273e-03,5.262545e+00,7.546492e-03,-7.804212e-01,9.124704e-01,-1.798105e+02
6.30957,9.643666e-01,-1.799958e+02,7.517432e-03,4.629708e+00,7.546612e-03,-8.842987e-01,9.125054e-01,-1.798142e+02
6.91831,9.643668e-01,-1.799960e+02,7.522482e-03,4.035173e+00,7.546626e-03,-9.957548e-01,9.125361e-01,-1.798163e+02
7.58578,9.643669e-01,-1.799962e+02,7.526589e-03,3.474138e+00,7.546537e-03,-1.115714e+00,9.125635e-01,-1.798170e+02
8.31764,9.643671e-01,-1.799963e+02,7.529888e-03,2.942027e+00,7.546340e-03,-1.245175e+00,9.125885e-01,-1.798161e+02
9.12011,9.643673e-01,-1.799964e+02,7.532488e-03,2.434468e+00,7.546029e-03,-1.385222e+00,9.126119e-01,-1.798137e+02
10.00000,9.643675e-01,-1.799964e+02,7.534476e-03,1.947266e+00,7.545593e-03,-1.537028e+00,9.126345e-01,-1.798098e+02
10.96478,9.643677e-01,-1.799964e+02,7.535918e-03,1.476375e+00,7.545017e-03,-1.701866e+00,9.126570e-01,-1.798043e+02
12.02264,9.643679e-01,-1.799964e+02,7.536862e-03,1.017869e+00,7.544281e-03,-1.881121e+00,9.126803e-01,-1.797971e+02
13.18257,9.643681e-01,-1.799964e+02,7.537341e-03,5.679195e-01,7.543361e-03,-2.076293e+00,9.127050e-01,-1.797882e+02
14.45440,9.643684e-01,-1.799963e+02,7.537368e-03,1.227606e-01,7.542226e-03,-2.289019e+00,9.127320e-01,-1.797776e+02
15.84893,9.643688e-01,-1.799962e+02,7.536947e-03,-3.213330e-01,7.540836e-03,-2.521075e+00,9.127623e-01,-1.797651e+02
17.37801,9.643692e-01,-1.799961e+02,7.536062e-03,-7.680768e-01,7.539146e-03,-2.774396e+00,9.127968e-01,-1.797506e+02
19.05461,9.643696e-01,-1.799959e+02,7.534685e-03,-1.221202e+00,7.537098e-03,-3.051085e+00,9.128368e-01,-1.797341e+02
20.89296,9.643702e-01,-1.799957e+02,7.532768e-03,-1.684485e+00,7.534624e-03,-3.353431e+00,9.128834e-01,-1.797154e+02
22.90868,9.643708e-01,-1.799954e+02,7.530249e-03,-2.161771e+00,7.531641e-03,-3.683922e+00,9.129384e-01,-1.796943e+02
25.11886,9.643716e-01,-1.799952e+02,7.527043e-03,-2.657002e+00,7.528050e-03,-4.045260e+00,9.130035e-01,-1.796707e+02
27.54229,9.643725e-01,-1.799949e+02,7.523044e-03,-3.174241e+00,7.523730e-03,-4.440377e+00,9.130808e-01,-1.796445e+02
30.19952,9.643736e-01,-1.799945e+02,7.518120e-03,-3.717699e+00,7.518540e-03,-4.872450e+00,9.131730e-01,-1.796154e+02
33.11311,9.643749e-01,-1.799941e+02,7.512110e-03,-4.291753e+00,7.512309e-03,-5.344912e+00,9.132829e-01,-1.795833e+02
36.30781,9.643765e-01,-1.799936e+02,7.504818e-03,-4.900967e+00,7.504833e-03,-5.861468e+00,9.134141e-01,-1.795479e+02
39.81072,9.643784e-01,-1.799931e+02,7.496009e-03,-5.550111e+00,7.495870e-03,-6.426103e+00,9.135708e-01,-1.795090e+02
43.65158,9.643806e-01,-1.799926e+02,7.485399e-03,-6.244169e+00,7.485135e-03,-7.043084e+00,9.137579e-01,-1.794664e+02
47.86301,9.643833e-01,-1.799920e+02,7.472655e-03,-6.988344e+00,7.472286e-03,-7.716962e+00,9.139811e-01,-1.794200e+02
52.48075,9.643865e-01,-1.799913e+02,7.457379e-03,-7.788057e+00,7.456923e-03,-8.452561e+00,9.142472e-01,-1.793695e+02
57.54399,9.643904e-01,-1.799906e+02,7.439104e-03,-8.648928e+00,7.438576e-03,-9.254956e+00,9.145639e-01,-1.793146e+02
63.09573,9.643949e-01,-1.799898e+02,7.417282e-03,-9.576744e+00,7.416696e-03,-1.012944e+01,9.149404e-01,-1.792554e+02
69.18310,9.644003e-01,-1.799889e+02,7.391278e-03,-1.057741e+01,7.390644e-03,-1.108147e+01,9.153868e-01,-1.791916e+02
75.85776,9.644067e-01,-1.799880e+02,7.360355e-03,-1.165688e+01,7.359682e-03,-1.211657e+01,9.159149e-01,-1.791233e+02
83.17638,9.644143e-01,-1.799870e+02,7.323672e-03,-1.282103e+01,7.322969e-03,-1.324026e+01,9.165377e-01,-1.790506e+02
91.20108,9.644232e-01,-1.799859e+02,7.280278e-03,-1.407554e+01,7.279550e-03,-1.445787e+01,9.172697e-01,-1.789736e+02
100.00000,9.644335e-01,-1.799848e+02,7.229106e-03,-1.542570e+01,7.228360e-03,-1.577437e+01,9.181263e-01,-1.788926e+02
109.64782,9.644457e-01,-1.799836e+02,7.168984e-03,-1.687618e+01,7.168226e-03,-1.719416e+01,9.191238e-01,-1.788084e+02
120.22644,9.644597e-01,-1.799824e+02,7.098649e-03,-1.843074e+01,7.097882e-03,-1.872072e+01,9.202787e-01,-1.787216e+02
131.82567,9.644759e-01,-1.799811e+02,7.016770e-03,-2.009193e+01,7.015998e-03,-2.035638e+01,9.216069e-01,-1.786334e+02
144.54398,9.644944e-01,-1.799798e+02,6.921987e-03,-2.186068e+01,6.921216e-03,-2.210183e+01,9.231226e-01,-1.785450e+02
158.48932,9.645154e-01,-1.799784e+02,6.812974e-03,-2.373592e+01,6.812206e-03,-2.395583e+01,9.248374e-01,-1.784582e+02
173.78008,9.645389e-01,-1.799771e+02,6.688506e-03,-2.571419e+01,6.687745e-03,-2.591472e+01,9.267582e-01,-1.783748e+02
190.54607,9.645650e-01,-1.799758e+02,6.547549e-03,-2.778924e+01,6.546798e-03,-2.797210e+01,9.288859e-01,-1.782969e+02
208.92961,9.645936e-01,-1.799746e+02,6.389360e-03,-2.995176e+01,6.388623e-03,-3.011849e+01,9.312142e-01,-1.782269e+02
229.08677,9.646247e-01,-1.799734e+02,6.213591e-03,-3.218920e+01,6.212871e-03,-3.234122e+01,9.337278e-01,-1.781669e+02
251.18864,9.646577e-01,-1.799723e+02,6.020379e-03,-3.448575e+01,6.019678e-03,-3.462436e+01,9.364026e-01,-1.781192e+02
275.42287,9.646925e-01,-1.799714e+02,5.810417e-03,-3.682259e+01,5.809738e-03,-3.694896e+01,9.392052e-01,-1.780855e+02
301.99517,9.647285e-01,-1.799706e+02,5.584988e-03,-3.917829e+01,5.584334e-03,-3.929349e+01,9.420947e-01,-1.780673e+02
331.13112,9.647651e-01,-1.799700e+02,5.345953e-03,-4.152945e+01,5.345325e-03,-4.163446e+01,9.450247e-01,-1.780652e+02
363.07805,9.648017e-01,-1.799694e+02,5.095685e-03,-4.385156e+01,5.095086e-03,-4.394727e+01,9.479460e-01,-1.780793e+02
398.10717,9.648377e-01,-1.799691e+02,4.836963e-03,-4.611982e+01,4.836393e-03,-4.620704e+01,9.508100e-01,-1.781092e+02
436.51583,9.648726e-01,-1.799688e+02,4.572821e-03,-4.831010e+01,4.572282e-03,-4.838957e+01,9.535719e-01,-1.781536e+02
478.63009,9.649058e-01,-1.799687e+02,4.306388e-03,-5.039972e+01,4.305880e-03,-5.047212e+01,9.561933e-01,-1.782107e+02
524.80746,9.649370e-01,-1.799686e+02,4.040724e-03,-5.236810e+01,4.040247e-03,-5.243405e+01,9.586439e-01,-1.782786e+02
575.43994,9.649658e-01,-1.799685e+02,3.778678e-03,-5.419717e+01,3.778232e-03,-5.425723e+01,9.609028e-01,-1.783549e+02
630.95734,9.649921e-01,-1.799684e+02,3.522782e-03,-5.587159e+01,3.522366e-03,-5.592626e+01,9.629580e-01,-1.784375e+02
691.83097,9.650159e-01,-1.799683e+02,3.275172e-03,-5.737871e+01,3.274786e-03,-5.742846e+01,9.648057e-01,-1.785241e+02
758.57758,9.650372e-01,-1.799681e+02,3.037561e-03,-5.870841e+01,3.037204e-03,-5.875366e+01,9.664493e-01,-1.786127e+02
831.76377,9.650561e-01,-1.799678e+02,2.811237e-03,-5.985276e+01,2.810907e-03,-5.989389e+01,9.678975e-01,-1.787017e+02
912.01084,9.650727e-01,-1.799673e+02,2.597087e-03,-6.080564e+01,2.596782e-03,-6.084301e+01,9.691628e-01,-1.787896e+02
1000.00000,9.650874e-01,-1.799667e+02,2.395638e-03,-6.156234e+01,2.395358e-03,-6.159626e+01,9.702603e-01,-1.788753e+02
1096.47820,9.651001e-01,-1.799659e+02,2.207114e-03,-6.211910e+01,2.206857e-03,-6.214986e+01,9.712062e-01,-1.789579e+02
1202.26443,9.651113e-01,-1.799648e+02,2.031488e-03,-6.247273e+01,2.031253e-03,-6.250060e+01,9.720170e-01,-1.790369e+02
1318.25674,9.651212e-01,-1.799635e+02,1.868535e-03,-6.262033e+01,1.868319e-03,-6.264553e+01,9.727087e-01,-1.791117e+02
1445.43977,9.651299e-01,-1.799620e+02,1.717879e-03,-6.255890e+01,1.717681e-03,-6.258167e+01,9.732964e-01,-1.791822e+02
1584.89319,9.651377e-01,-1.799601e+02,1.579039e-03,-6.228523e+01,1.578859e-03,-6.230575e+01,9.737941e-01,-1.792482e+02
1737.80083,9.651447e-01,-1.799579e+02,1.451464e-03,-6.179566e+01,1.451301e-03,-6.181412e+01,9.742143e-01,-1.793098e+02
1905.46072,9.651513e-01,-1.799554e+02,1.334561e-03,-6.108605e+01,1.334412e-03,-6.110260e+01,9.745683e-01,-1.793670e+02
2089.29613,9.651575e-01,-1.799526e+02,1.227717e-03,-6.015173e+01,1.227582e-03,-6.016651e+01,9.748658e-01,-1.794200e+02
2290.86765,9.651636e-01,-1.799493e+02,1.130320e-03,-5.898753e+01,1.130198e-03,-5.900069e+01,9.751155e-01,-1.794689e+02
2511.88643,9.651697e-01,-1.799457e+02,1.041770e-03,-5.758795e+01,1.041659e-03,-5.759961e+01,9.753247e-01,-1.795141e+02
2754.22870,9.651761e-01,-1.799416e+02,9.614885e-04,-5.594735e+01,9.613881e-04,-5.595761e+01,9.754997e-01,-1.795556e+02
3019.95172,9.651830e-01,-1.799369e+02,8.889274e-04,-5.406020e+01,8.888369e-04,-5.406917e+01,9.756461e-01,-1.795938e+02
3311.31121,9.651906e-01,-1.799318e+02,8.235718e-04,-5.192153e+01,8.234905e-04,-5.192931e+01,9.757684e-01,-1.796288e+02
3630.78055,9.651991e-01,-1.799261e+02,7.649433e-04,-4.952738e+01,7.648705e-04,-4.953405e+01,9.758705e-01,-1.796609e+02
3981.07171,9.652089e-01,-1.799198e+02,7.126013e-04,-4.687537e+01,7.125363e-04,-4.688102e+01,9.759556e-01,-1.796903e+02
4365.15832,9.652202e-01,-1.799128e+02,6.661437e-04,-4.396543e+01,6.660858e-04,-4.397014e+01,9.760266e-01,-1.797172e+02
4786.30092,9.652334e-01,-1.799051e+02,6.252064e-04,-4.080048e+01,6.251552e-04,-4.080434e+01,9.760858e-01,-1.797418e+02
5248.07460,9.652491e-01,-1.798966e+02,5.894632e-04,-3.738725e+01,5.894181e-04,-3.739034e+01,9.761352e-01,-1.797643e+02
5754.39937,9.652677e-01,-1.798872e+02,5.586245e-04,-3.373703e+01,5.585850e-04,-3.373943e+01,9.761763e-01,-1.797849e+02
6309.57344,9.652898e-01,-1.798769e+02,5.324362e-04,-2.986634e+01,5.324018e-04,-2.986814e+01,9.762106e-01,-1.798036e+02
6918.30971,9.653161e-01,-1.798656e+02,5.106791e-04,-2.579742e+01,5.106494e-04,-2.579869e+01,9.762391e-01,-1.798208e+02
7585.77575,9.653476e-01,-1.798531e+02,4.931674e-04,-2.155848e+01,4.931419e-04,-2.155931e+01,9.762629e-01,-1.798364e+02
8317.63771,9.653853e-01,-1.798395e+02,4.797475e-04,-1.718357e+01,4.797259e-04,-1.718403e+01,9.762827e-01,-1.798507e+02
9120.10839,9.654304e-01,-1.798247e+02,4.702976e-04,-1.271209e+01,4.702793e-04,-1.271227e+01,9.762993e-01,-1.798637e+02
10000.00000,9.654844e-01,-1.798084e+02,4.647258e-04,-8.187906e+00,4.647106e-04,-8.187874e+00,9.763131e-01,-1.798756e+02
