! ! 
! S ! 
! ! 
! # MHz  S  MA  R  50.00000
! ! ===================================================================
1.00000,9.643439e-01,-1.799809e+02,6.528563e-03,3.247714e+01,7.496792e-03,5.173500e-01,9.079834e-01,-1.794594e+02
1.09648,9.643469e-01,-1.799824e+02,6.671571e-03,3.000626e+01,7.503689e-03,4.694060e-01,9.085964e-01,-1.794844e+02
1.20226,9.643497e-01,-1.799838e+02,6.797995e-03,2.766530e+01,7.509904e-03,4.178491e-01,9.091491e-01,-1.795106e+02
1.31826,9.643522e-01,-1.799852e+02,6.908835e-03,2.545790e+01,7.515443e-03,3.633984e-01,9.096419e-01,-1.795374e+02
1.44544,9.643543e-01,-1.799864e+02,7.005294e-03,2.338519e+01,7.520329e-03,3.066557e-01,9.100772e-01,-1.795643e+02
1.58489,9.643562e-01,-1.799875e+02,7.088690e-03,2.144607e+01,7.524601e-03,2.480884e-01,9.104582e-01,-1.795907e+02
1.73780,9.643579e-01,-1.799885e+02,7.160377e-03,1.963759e+01,7.528308e-03,1.880247e-01,9.107894e-01,-1.796163e+02
1.90546,9.643593e-01,-1.799894e+02,7.221692e-03,1.795537e+01,7.531501e-03,1.266568e-01,9.110753e-01,-1.796407e+02
2.08930,9.643605e-01,-1.799903e+02,7.273908e-03,1.639394e+01,7.534233e-03,6.405013e-02,9.113208e-01,-1.796639e+02
2.29087,9.643616e-01,-1.799911e+02,7.318207e-03,1.494703e+01,7.536558e-03,1.554338e-04,9.115306e-01,-1.796855e+02
2.51189,9.643625e-01,-1.799918e+02,7.355669e-03,1.360790e+01,7.538524e-03,-6.517814e-02,9.117092e-01,-1.797055e+02
2.75423,9.643632e-01,-1.799924e+02,7.387260e-03,1.236953e+01,7.540177e-03,-1.321908e-01,9.118609e-01,-1.797238e+02
3.01995,9.643639e-01,-1.799930e+02,7.413835e-03,1.122478e+01,7.541558e-03,-2.012014e-01,9.119892e-01,-1.797405e+02
3.31131,9.643644e-01,-1.799935e+02,7.436141e-03,1.016658e+01,7.542703e-03,-2.725981e-01,9.120977e-01,-1.797554e+02
3.63078,9.643649e-01,-1.799940e+02,7.454826e-03,9.187981e+00,7.543643e-03,-3.468321e-01,9.121894e-01,-1.797686e+02
3.98107,9.643653e-01,-1.799944e+02,7.470449e-03,8.282244e+00,7.544405e-03,-4.244124e-01,9.122668e-01,-1.797802e+02
4.36516,9.643656e-01,-1.799948e+02,7.483486e-03,7.442893e+00,7.545009e-03,-5.059035e-01,9.123323e-01,-1.797902e+02
4.78630,9.643659e-01,-1.799951e+02,7.494342e-03,6.663731e+00,7.545476e-03,-5.919240e-01,9.123878e-01,-1.797985e+02
5.24807,9.643662e-01,-1.799954e+02,7.503359e-03,5.938857e+00,7.545817e-03,-6.831474e-01,9.124350e-01,-1.798053e+02
5.75440,9.643664e-01,-1.799956e+02,7.510827e-03,5.262662e+00,7.546044e-03,-7.803038e-01,9.124756e-01,-1.798105e+02
6.30957,9.643666e-01,-1.799958e+02,7.516985e-03,4.629823e+00,7.546163e-03,-8.841836e-01,9.125106e-01,-1.798142e+02
6.91831,9.643668e-01,-1.799960e+02,7.522035e-03,4.035287e+00,7.546178e-03,-9.956410e-01,9.125413e-01,-1.798163e+02
7.58578,9.643670e-01,-1.799962e+02,7.526142e-03,3.474251e+00,7.546089e-03,-1.115600e+00,9.125687e-01,-1.798170e+02
8.31764,9.643672e-01,-1.799963e+02,7.529441e-03,2.942141e+00,7.545893e-03,-1.245061e+00,9.125937e-01,-1.798162e+02
9.12011,9.643673e-01,-1.799964e+02,7.532041e-03,2.434583e+00,7.545582e-03,-1.385106e+00,9.126171e-01,-1.798138e+02
10.00000,9.643675e-01,-1.799964e+02,7.534029e-03,1.947384e+00,7.545146e-03,-1.536910e+00,9.126397e-01,-1.798098e+02
10.96478,9.643677e-01,-1.799964e+02,7.535471e-03,1.476496e+00,7.544570e-03,-1.701745e+00,9.126622e-01,-1.798043e+02
12.02264,9.643679e-01,-1.799964e+02,7.536416e-03,1.017995e+00,7.543834e-03,-1.880995e+00,9.126854e-01,-1.797971e+02
13.18257,9.643682e-01,-1.799964e+02,7.536894e-03,5.680507e-01,7.542914e-03,-2.076162e+00,9.127102e-01,-1.797883e+02
14.45440,9.643685e-01,-1.799963e+02,7.536922e-03,1.228984e-01,7.541779e-03,-2.288881e+00,9.127372e-01,-1.797776e+02
15.84893,9.643688e-01,-1.799962e+02,7.536501e-03,-3.211875e-01,7.540390e-03,-2.520930e+00,9.127675e-01,-1.797651e+02
17.37801,9.643692e-01,-1.799961e+02,7.535616e-03,-7.679222e-01,7.538700e-03,-2.774241e+00,9.128020e-01,-1.797507e+02
19.05461,9.643696e-01,-1.799959e+02,7.534239e-03,-1.221038e+00,7.536652e-03,-3.050920e+00,9.128419e-01,-1.797341e+02
20.89296,9.643702e-01,-1.799957e+02,7.532323e-03,-1.684309e+00,7.534179e-03,-3.353255e+00,9.128886e-01,-1.797154e+02
22.90868,9.643708e-01,-1.799954e+02,7.529804e-03,-2.161581e+00,7.531196e-03,-3.683733e+00,9.129435e-01,-1.796943e+02
25.11886,9.643716e-01,-1.799952e+02,7.526598e-03,-2.656798e+00,7.527605e-03,-4.045056e+00,9.130086e-01,-1.796708e+02
27.54229,9.643725e-01,-1.799949e+02,7.522600e-03,-3.174021e+00,7.523286e-03,-4.440157e+00,9.130859e-01,-1.796445e+02
30.19952,9.643736e-01,-1.799945e+02,7.517677e-03,-3.717461e+00,7.518097e-03,-4.872211e+00,9.131781e-01,-1.796154e+02
33.11311,9.643750e-01,-1.799941e+02,7.511668e-03,-4.291495e+00,7.511866e-03,-5.344653e+00,9.132880e-01,-1.795833e+02
36.30781,9.643765e-01,-1.799936e+02,7.504377e-03,-4.900687e+00,7.504391e-03,-5.861188e+00,9.134192e-01,-1.795479e+02
39.81072,9.643784e-01,-1.799931e+02,7.495569e-03,-5.549807e+00,7.495430e-03,-6.425798e+00,9.135758e-01,-1.795091e+02
43.65158,9.643807e-01,-1.799926e+02,7.484961e-03,-6.243838e+00,7.484696e-03,-7.042753e+00,9.137629e-01,-1.794665e+02
47.86301,9.643834e-01,-1.799920e+02,7.472219e-03,-6.987984e+00,7.471849e-03,-7.716602e+00,9.139861e-01,-1.794201e+02
52.48075,9.643866e-01,-1.799913e+02,7.456945e-03,-7.787666e+00,7.456489e-03,-8.452169e+00,9.142521e-01,-1.793695e+02
57.54399,9.643904e-01,-1.799906e+02,7.438672e-03,-8.648502e+00,7.438145e-03,-9.254531e+00,9.145688e-01,-1.793147e+02
63.09573,9.643950e-01,-1.799898e+02,7.416854e-03,-9.576281e+00,7.416268e-03,-1.012898e+01,9.149452e-01,-1.792555e+02
69.18310,9.644004e-01,-1.799889e+02,7.390853e-03,-1.057691e+01,7.390219e-03,-1.108097e+01,9.153915e-01,-1.791917e+02
75.85776,9.644068e-01,-1.799880e+02,7.359934e-03,-1.165633e+01,7.359262e-03,-1.211603e+01,9.159195e-01,-1.791234e+02
83.17638,9.644143e-01,-1.799870e+02,7.323257e-03,-1.282044e+01,7.322554e-03,-1.323967e+01,9.165423e-01,-1.790507e+02
91.20108,9.644232e-01,-1.799859e+02,7.279868e-03,-1.407490e+01,7.279141e-03,-1.445723e+01,9.172742e-01,-1.789737e+02
100.00000,9.644336e-01,-1.799848e+02,7.228703e-03,-1.542501e+01,7.227957e-03,-1.577368e+01,9.181306e-01,-1.788928e+02
109.64782,9.644457e-01,-1.799836e+02,7.168590e-03,-1.687543e+01,7.167831e-03,-1.719341e+01,9.191280e-01,-1.788085e+02
120.22644,9.644597e-01,-1.799824e+02,7.098264e-03,-1.842994e+01,7.097497e-03,-1.871992e+01,9.202827e-01,-1.787218e+02
131.82567,9.644759e-01,-1.799811e+02,7.016395e-03,-2.009108e+01,7.015624e-03,-2.035552e+01,9.216107e-01,-1.786336e+02
144.54398,9.644944e-01,-1.799798e+02,6.921625e-03,-2.185977e+01,6.920853e-03,-2.210092e+01,9.231262e-01,-1.785452e+02
158.48932,9.645154e-01,-1.799784e+02,6.812625e-03,-2.373496e+01,6.811857e-03,-2.395486e+01,9.248408e-01,-1.784584e+02
173.78008,9.645389e-01,-1.799771e+02,6.688172e-03,-2.571317e+01,6.687411e-03,-2.591370e+01,9.267613e-01,-1.783750e+02
190.54607,9.645650e-01,-1.799758e+02,6.547231e-03,-2.778817e+01,6.546480e-03,-2.797102e+01,9.288888e-01,-1.782971e+02
208.92961,9.645937e-01,-1.799746e+02,6.389060e-03,-2.995064e+01,6.388323e-03,-3.011737e+01,9.312168e-01,-1.782271e+02
229.08677,9.646247e-01,-1.799734e+02,6.213310e-03,-3.218804e+01,6.212589e-03,-3.234006e+01,9.337302e-01,-1.781671e+02
251.18864,9.646578e-01,-1.799723e+02,6.020117e-03,-3.448456e+01,6.019416e-03,-3.462316e+01,9.364046e-01,-1.781194e+02
275.42287,9.646925e-01,-1.799714e+02,5.810175e-03,-3.682137e+01,5.809496e-03,-3.694774e+01,9.392070e-01,-1.780857e+02
301.99517,9.647285e-01,-1.799706e+02,5.584766e-03,-3.917705e+01,5.584112e-03,-3.929225e+01,9.420963e-01,-1.780674e+02
331.13112,9.647651e-01,-1.799700e+02,5.345751e-03,-4.152821e+01,5.345123e-03,-4.163322e+01,9.450261e-01,-1.780653e+02
363.07805,9.648017e-01,-1.799694e+02,5.095503e-03,-4.385032e+01,5.094904e-03,-4.394603e+01,9.479471e-01,-1.780795e+02
398.10717,9.648377e-01,-1.799691e+02,4.836800e-03,-4.611860e+01,4.836230e-03,-4.620582e+01,9.508110e-01,-1.781093e+02
436.51583,9.648726e-01,-1.799688e+02,4.572676e-03,-4.830890e+01,4.572137e-03,-4.838838e+01,9.535727e-01,-1.781537e+02
478.63009,9.649058e-01,-1.799687e+02,4.306259e-03,-5.039856e+01,4.305751e-03,-5.047096e+01,9.561939e-01,-1.782108e+02
524.80746,9.649370e-01,-1.799686e+02,4.040609e-03,-5.236698e+01,4.040132e-03,-5.243293e+01,9.586445e-01,-1.782787e+02
575.43994,9.649658e-01,-1.799685e+02,3.778577e-03,-5.419610e+01,3.778131e-03,-5.425615e+01,9.609033e-01,-1.783550e+02
630.95734,9.649921e-01,-1.799684e+02,3.522692e-03,-5.587057e+01,3.522277e-03,-5.592524e+01,9.629584e-01,-1.784376e+02
691.83097,9.650159e-01,-1.799683e+02,3.275093e-03,-5.737775e+01,3.274707e-03,-5.742749e+01,9.648062e-01,-1.785241e+02
758.57758,9.650372e-01,-1.799681e+02,3.037492e-03,-5.870750e+01,3.037134e-03,-5.875275e+01,9.664497e-01,-1.786128e+02
831.76377,9.650561e-01,-1.799678e+02,2.811176e-03,-5.985190e+01,2.810846e-03,-5.989304e+01,9.678979e-01,-1.787018e+02
912.01084,9.650727e-01,-1.799673e+02,2.597032e-03,-6.080485e+01,2.596727e-03,-6.084221e+01,9.691632e-01,-1.787897e+02
1000.00000,9.650873e-01,-1.799667e+02,2.395589e-03,-6.156160e+01,2.395309e-03,-6.159552e+01,9.702607e-01,-1.788754e+02
1096.47820,9.651001e-01,-1.799659e+02,2.207071e-03,-6.211841e+01,2.206814e-03,-6.214917e+01,9.712066e-01,-1.789580e+02
1202.26443,9.651113e-01,-1.799648e+02,2.031450e-03,-6.247210e+01,2.031214e-03,-6.249996e+01,9.720173e-01,-1.790369e+02
1318.25674,9.651212e-01,-1.799635e+02,1.868500e-03,-6.261974e+01,1.868284e-03,-6.264495e+01,9.727090e-01,-1.791117e+02
1445.43977,9.651299e-01,-1.799620e+02,1.717847e-03,-6.255836e+01,1.717650e-03,-6.258113e+01,9.732967e-01,-1.791822e+02
1584.89319,9.651377e-01,-1.799601e+02,1.579011e-03,-6.228473e+01,1.578831e-03,-6.230525e+01,9.737944e-01,-1.792482e+02
1737.80083,9.651447e-01,-1.799579e+02,1.451439e-03,-6.179521e+01,1.451275e-03,-6.181366e+01,9.742146e-01,-1.793098e+02
1905.46072,9.651513e-01,-1.799554e+02,1.334538e-03,-6.108564e+01,1.334389e-03,-6.110218e+01,9.745686e-01,-1.793670e+02
2089.29613,9.651575e-01,-1.799526e+02,1.227696e-03,-6.015134e+01,1.227561e-03,-6.016613e+01,9.748661e-01,-1.794200e+02
2290.86765,9.651636e-01,-1.799493e+02,1.130301e-03,-5.898718e+01,1.130178e-03,-5.900034e+01,9.751158e-01,-1.794690e+02
2511.88643,9.651697e-01,-1.799457e+02,1.041752e-03,-5.758763e+01,1.041641e-03,-5.759929e+01,9.753250e-01,-1.795141e+02
2754.22870,9.651761e-01,-1.799416e+02,9.614724e-04,-5.594706e+01,9.613721e-04,-5.595732e+01,9.755001e-01,-1.795556e+02
3019.95172,9.651830e-01,-1.799369e+02,8.889127e-04,-5.405993e+01,8.888222e-04,-5.406890e+01,9.756465e-01,-1.795938e+02
3311.31121,9.651906e-01,-1.799318e+02,8.235583e-04,-5.192129e+01,8.234770e-04,-5.192906e+01,9.757688e-01,-1.796288e+02
3630.78055,9.651991e-01,-1.799261e+02,7.649308e-04,-4.952715e+01,7.648579e-04,-4.953382e+01,9.758708e-01,-1.796609e+02
3981.07171,9.652089e-01,-1.799198e+02,7.125897e-04,-4.687517e+01,7.125247e-04,-4.688082e+01,9.759560e-01,-1.796903e+02
4365.15832,9.652202e-01,-1.799128e+02,6.661328e-04,-4.396524e+01,6.660750e-04,-4.396996e+01,9.760270e-01,-1.797172e+02
4786.30092,9.652334e-01,-1.799051e+02,6.251962e-04,-4.080031e+01,6.251450e-04,-4.080417e+01,9.760862e-01,-1.797418e+02
5248.07460,9.652491e-01,-1.798966e+02,5.894537e-04,-3.738709e+01,5.894086e-04,-3.739018e+01,9.761356e-01,-1.797643e+02
5754.39937,9.652677e-01,-1.798872e+02,5.586154e-04,-3.373689e+01,5.585759e-04,-3.373929e+01,9.761767e-01,-1.797849e+02
6309.57344,9.652898e-01,-1.798769e+02,5.324276e-04,-2.986621e+01,5.323932e-04,-2.986801e+01,9.762109e-01,-1.798036e+02
6918.30971,9.653161e-01,-1.798656e+02,5.106709e-04,-2.579730e+01,5.106412e-04,-2.579857e+01,9.762395e-01,-1.798208e+02
7585.77575,9.653476e-01,-1.798531e+02,4.931594e-04,-2.155837e+01,4.931340e-04,-2.155920e+01,9.762633e-01,-1.798364e+02
8317.63771,9.653853e-01,-1.798395e+02,4.797398e-04,-1.718347e+01,4.797182e-04,-1.718393e+01,9.762831e-01,-1.798507e+02
9120.10839,9.654304e-01,-1.798247e+02,4.702900e-04,-1.271200e+01,4.702718e-04,-1.271218e+01,9.762996e-01,-1.798637e+02
10000.00000,9.654844e-01,-1.798084e+02,4.647183e-04,-8.187824e+00,4.647031e-04,-8.187791e+00,9.763134e-01,-1.798756e+02
