! ! 
! S ! 
! ! 
! # MHz  S  MA  R  50.00000
! ! ===================================================================
1.00000,9.643435e-01,-1.799809e+02,6.532799e-03,3.247358e+01,7.501656e-03,5.138916e-01,9.079247e-01,-1.794586e+02
1.09648,9.643465e-01,-1.799824e+02,6.675870e-03,3.000288e+01,7.508526e-03,4.661055e-01,9.085384e-01,-1.794837e+02
1.20226,9.643493e-01,-1.799839e+02,6.802349e-03,2.766208e+01,7.514715e-03,4.147146e-01,9.090917e-01,-1.795100e+02
1.31826,9.643517e-01,-1.799852e+02,6.913236e-03,2.545487e+01,7.520231e-03,3.604340e-01,9.095851e-01,-1.795368e+02
1.44544,9.643539e-01,-1.799864e+02,7.009735e-03,2.338233e+01,7.525096e-03,3.038620e-01,9.100209e-01,-1.795637e+02
1.58489,9.643557e-01,-1.799875e+02,7.093165e-03,2.144338e+01,7.529351e-03,2.454629e-01,9.104024e-01,-1.795902e+02
1.73780,9.643574e-01,-1.799885e+02,7.164880e-03,1.963507e+01,7.533043e-03,1.855624e-01,9.107339e-01,-1.796158e+02
1.90546,9.643588e-01,-1.799895e+02,7.226219e-03,1.795301e+01,7.536222e-03,1.243507e-01,9.110202e-01,-1.796403e+02
2.08930,9.643600e-01,-1.799903e+02,7.278455e-03,1.639173e+01,7.538943e-03,6.189177e-02,9.112659e-01,-1.796634e+02
2.29087,9.643611e-01,-1.799911e+02,7.322771e-03,1.494497e+01,7.541258e-03,-1.864653e-03,9.114760e-01,-1.796851e+02
2.51189,9.643620e-01,-1.799918e+02,7.360248e-03,1.360597e+01,7.543216e-03,-6.707016e-02,9.116548e-01,-1.797051e+02
2.75423,9.643627e-01,-1.799924e+02,7.391850e-03,1.236772e+01,7.544862e-03,-1.339654e-01,9.118066e-01,-1.797235e+02
3.01995,9.643634e-01,-1.799930e+02,7.418435e-03,1.122308e+01,7.546237e-03,-2.028693e-01,9.119351e-01,-1.797401e+02
3.31131,9.643639e-01,-1.799935e+02,7.440748e-03,1.016498e+01,7.547377e-03,-2.741703e-01,9.120437e-01,-1.797551e+02
3.63078,9.643644e-01,-1.799940e+02,7.459441e-03,9.186467e+00,7.548312e-03,-3.483194e-01,9.121355e-01,-1.797683e+02
3.98107,9.643648e-01,-1.799944e+02,7.475069e-03,8.280807e+00,7.549070e-03,-4.258255e-01,9.122130e-01,-1.797799e+02
4.36516,9.643651e-01,-1.799948e+02,7.488110e-03,7.441522e+00,7.549672e-03,-5.072528e-01,9.122785e-01,-1.797899e+02
4.78630,9.643654e-01,-1.799951e+02,7.498970e-03,6.662415e+00,7.550135e-03,-5.932199e-01,9.123341e-01,-1.797982e+02
5.24807,9.643657e-01,-1.799954e+02,7.507991e-03,5.937586e+00,7.550475e-03,-6.843999e-01,9.123814e-01,-1.798050e+02
5.75440,9.643659e-01,-1.799956e+02,7.515461e-03,5.261426e+00,7.550699e-03,-7.815229e-01,9.124219e-01,-1.798102e+02
6.30957,9.643661e-01,-1.799958e+02,7.521621e-03,4.628612e+00,7.550817e-03,-8.853791e-01,9.124570e-01,-1.798139e+02
6.91831,9.643663e-01,-1.799960e+02,7.526672e-03,4.034091e+00,7.550830e-03,-9.968227e-01,9.124878e-01,-1.798161e+02
7.58578,9.643665e-01,-1.799962e+02,7.530780e-03,3.473061e+00,7.550740e-03,-1.116778e+00,9.125152e-01,-1.798168e+02
8.31764,9.643666e-01,-1.799963e+02,7.534080e-03,2.940946e+00,7.550542e-03,-1.246244e+00,9.125402e-01,-1.798159e+02
9.12011,9.643668e-01,-1.799964e+02,7.536680e-03,2.433374e+00,7.550229e-03,-1.386305e+00,9.125637e-01,-1.798135e+02
10.00000,9.643670e-01,-1.799964e+02,7.538668e-03,1.946150e+00,7.549792e-03,-1.538134e+00,9.125863e-01,-1.798096e+02
10.96478,9.643672e-01,-1.799964e+02,7.540110e-03,1.475227e+00,7.549214e-03,-1.703005e+00,9.126088e-01,-1.798041e+02
12.02264,9.643674e-01,-1.799964e+02,7.541054e-03,1.016681e+00,7.548477e-03,-1.882301e+00,9.126321e-01,-1.797969e+02
13.18257,9.643677e-01,-1.799964e+02,7.541531e-03,5.666798e-01,7.547556e-03,-2.077526e+00,9.126569e-01,-1.797880e+02
14.45440,9.643679e-01,-1.799963e+02,7.541558e-03,1.214596e-01,7.546418e-03,-2.290314e+00,9.126839e-01,-1.797773e+02
15.84893,9.643683e-01,-1.799962e+02,7.541135e-03,-3.227064e-01,7.545026e-03,-2.522443e+00,9.127143e-01,-1.797648e+02
17.37801,9.643687e-01,-1.799961e+02,7.540248e-03,-7.695339e-01,7.543334e-03,-2.775847e+00,9.127488e-01,-1.797503e+02
19.05461,9.643691e-01,-1.799959e+02,7.538868e-03,-1.222755e+00,7.541283e-03,-3.052633e+00,9.127888e-01,-1.797338e+02
20.89296,9.643697e-01,-1.799957e+02,7.536948e-03,-1.686147e+00,7.538805e-03,-3.355088e+00,9.128356e-01,-1.797150e+02
22.90868,9.643703e-01,-1.799954e+02,7.534425e-03,-2.163555e+00,7.535818e-03,-3.685702e+00,9.128906e-01,-1.796939e+02
25.11886,9.643711e-01,-1.799952e+02,7.531214e-03,-2.658923e+00,7.532221e-03,-4.047178e+00,9.129558e-01,-1.796703e+02
27.54229,9.643720e-01,-1.799948e+02,7.527209e-03,-3.176315e+00,7.527896e-03,-4.442448e+00,9.130333e-01,-1.796441e+02
30.19952,9.643731e-01,-1.799945e+02,7.522278e-03,-3.719943e+00,7.522699e-03,-4.874690e+00,9.131255e-01,-1.796149e+02
33.11311,9.643744e-01,-1.799941e+02,7.516260e-03,-4.294184e+00,7.516459e-03,-5.347339e+00,9.132356e-01,-1.795828e+02
36.30781,9.643760e-01,-1.799936e+02,7.508958e-03,-4.903604e+00,7.508973e-03,-5.864102e+00,9.133670e-01,-1.795473e+02
39.81072,9.643779e-01,-1.799931e+02,7.500136e-03,-5.552975e+00,7.499998e-03,-6.428964e+00,9.135240e-01,-1.795084e+02
43.65158,9.643802e-01,-1.799926e+02,7.489512e-03,-6.247281e+00,7.489248e-03,-7.046194e+00,9.137113e-01,-1.794658e+02
47.86301,9.643829e-01,-1.799920e+02,7.476751e-03,-6.991728e+00,7.476381e-03,-7.720343e+00,9.139349e-01,-1.794193e+02
52.48075,9.643861e-01,-1.799913e+02,7.461454e-03,-7.791736e+00,7.460998e-03,-8.456238e+00,9.142014e-01,-1.793687e+02
57.54399,9.643899e-01,-1.799906e+02,7.443155e-03,-8.652928e+00,7.442627e-03,-9.258955e+00,9.145186e-01,-1.793139e+02
63.09573,9.643945e-01,-1.799898e+02,7.421304e-03,-9.581091e+00,7.420717e-03,-1.013379e+01,9.148956e-01,-1.792546e+02
69.18310,9.643999e-01,-1.799889e+02,7.395265e-03,-1.058213e+01,7.394630e-03,-1.108619e+01,9.153427e-01,-1.791907e+02
75.85776,9.644063e-01,-1.799880e+02,7.364301e-03,-1.166200e+01,7.363628e-03,-1.212169e+01,9.158715e-01,-1.791224e+02
83.17638,9.644138e-01,-1.799870e+02,7.327571e-03,-1.282658e+01,7.326867e-03,-1.324581e+01,9.164953e-01,-1.790495e+02
91.20108,9.644227e-01,-1.799859e+02,7.284120e-03,-1.408154e+01,7.283392e-03,-1.446387e+01,9.172283e-01,-1.789724e+02
100.00000,9.644331e-01,-1.799848e+02,7.232882e-03,-1.543218e+01,7.232136e-03,-1.578086e+01,9.180861e-01,-1.788914e+02
109.64782,9.644453e-01,-1.799836e+02,7.172685e-03,-1.688316e+01,7.171926e-03,-1.720114e+01,9.190850e-01,-1.788071e+02
120.22644,9.644593e-01,-1.799824e+02,7.102263e-03,-1.843825e+01,7.101496e-03,-1.872823e+01,9.202414e-01,-1.787203e+02
131.82567,9.644755e-01,-1.799811e+02,7.020284e-03,-2.009997e+01,7.019512e-03,-2.036441e+01,9.215714e-01,-1.786320e+02
144.54398,9.644940e-01,-1.799798e+02,6.925388e-03,-2.186925e+01,6.924617e-03,-2.211040e+01,9.230891e-01,-1.785436e+02
158.48932,9.645150e-01,-1.799784e+02,6.816249e-03,-2.374502e+01,6.815481e-03,-2.396492e+01,9.248060e-01,-1.784567e+02
173.78008,9.645386e-01,-1.799771e+02,6.691640e-03,-2.572380e+01,6.690879e-03,-2.592433e+01,9.267290e-01,-1.783732e+02
190.54607,9.645647e-01,-1.799758e+02,6.550529e-03,-2.779933e+01,6.549778e-03,-2.798218e+01,9.288592e-01,-1.782953e+02
208.92961,9.645934e-01,-1.799746e+02,6.392175e-03,-2.996229e+01,6.391438e-03,-3.012902e+01,9.311900e-01,-1.782253e+02
229.08677,9.646244e-01,-1.799734e+02,6.216231e-03,-3.220011e+01,6.215510e-03,-3.235214e+01,9.337062e-01,-1.781654e+02
251.18864,9.646575e-01,-1.799723e+02,6.022835e-03,-3.449698e+01,6.022133e-03,-3.463559e+01,9.363835e-01,-1.781177e+02
275.42287,9.646923e-01,-1.799714e+02,5.812684e-03,-3.683406e+01,5.812004e-03,-3.696042e+01,9.391886e-01,-1.780840e+02
301.99517,9.647283e-01,-1.799706e+02,5.587064e-03,-3.918990e+01,5.586409e-03,-3.930509e+01,9.420804e-01,-1.780658e+02
331.13112,9.647650e-01,-1.799699e+02,5.347840e-03,-4.154111e+01,5.347212e-03,-4.164612e+01,9.450125e-01,-1.780638e+02
363.07805,9.648016e-01,-1.799694e+02,5.097389e-03,-4.386316e+01,5.096789e-03,-4.395887e+01,9.479357e-01,-1.780780e+02
398.10717,9.648376e-01,-1.799691e+02,4.838492e-03,-4.613127e+01,4.837922e-03,-4.621850e+01,9.508014e-01,-1.781080e+02
436.51583,9.648725e-01,-1.799688e+02,4.574185e-03,-4.832132e+01,4.573646e-03,-4.840079e+01,9.535646e-01,-1.781525e+02
478.63009,9.649057e-01,-1.799687e+02,4.307599e-03,-5.041062e+01,4.307091e-03,-5.048303e+01,9.561871e-01,-1.782097e+02
524.80746,9.649369e-01,-1.799686e+02,4.041796e-03,-5.237861e+01,4.041319e-03,-5.244456e+01,9.586387e-01,-1.782777e+02
575.43994,9.649657e-01,-1.799685e+02,3.779626e-03,-5.420724e+01,3.779180e-03,-5.426730e+01,9.608982e-01,-1.783541e+02
630.95734,9.649920e-01,-1.799684e+02,3.523618e-03,-5.588118e+01,3.523203e-03,-5.593584e+01,9.629539e-01,-1.784367e+02
691.83097,9.650158e-01,-1.799683e+02,3.275910e-03,-5.738778e+01,3.275524e-03,-5.743752e+01,9.648020e-01,-1.785234e+02
758.57758,9.650371e-01,-1.799681e+02,3.038214e-03,-5.871694e+01,3.037856e-03,-5.876219e+01,9.664459e-01,-1.786121e+02
831.76377,9.650560e-01,-1.799678e+02,2.811814e-03,-5.986075e+01,2.811484e-03,-5.990188e+01,9.678942e-01,-1.787012e+02
912.01084,9.650726e-01,-1.799673e+02,2.597598e-03,-6.081310e+01,2.597294e-03,-6.085047e+01,9.691596e-01,-1.787891e+02
1000.00000,9.650872e-01,-1.799667e+02,2.396093e-03,-6.156928e+01,2.395813e-03,-6.160320e+01,9.702571e-01,-1.788749e+02
1096.47820,9.651000e-01,-1.799659e+02,2.207520e-03,-6.212553e+01,2.207263e-03,-6.215629e+01,9.712030e-01,-1.789576e+02
1202.26443,9.651112e-01,-1.799648e+02,2.031851e-03,-6.247868e+01,2.031615e-03,-6.250654e+01,9.720138e-01,-1.790365e+02
1318.25674,9.651211e-01,-1.799635e+02,1.868859e-03,-6.262581e+01,1.868644e-03,-6.265101e+01,9.727054e-01,-1.791114e+02
1445.43977,9.651298e-01,-1.799620e+02,1.718170e-03,-6.256394e+01,1.717973e-03,-6.258671e+01,9.732931e-01,-1.791819e+02
1584.89319,9.651375e-01,-1.799601e+02,1.579302e-03,-6.228986e+01,1.579122e-03,-6.231038e+01,9.737908e-01,-1.792479e+02
1737.80083,9.651446e-01,-1.799579e+02,1.451702e-03,-6.179991e+01,1.451539e-03,-6.181836e+01,9.742110e-01,-1.793095e+02
1905.46072,9.651511e-01,-1.799554e+02,1.334777e-03,-6.108994e+01,1.334628e-03,-6.110649e+01,9.745649e-01,-1.793668e+02
2089.29613,9.651574e-01,-1.799526e+02,1.227913e-03,-6.015529e+01,1.227778e-03,-6.017007e+01,9.748624e-01,-1.794198e+02
2290.86765,9.651635e-01,-1.799493e+02,1.130499e-03,-5.899078e+01,1.130376e-03,-5.900394e+01,9.751121e-01,-1.794688e+02
2511.88643,9.651696e-01,-1.799457e+02,1.041933e-03,-5.759092e+01,1.041822e-03,-5.760258e+01,9.753212e-01,-1.795139e+02
2754.22870,9.651760e-01,-1.799416e+02,9.616381e-04,-5.595005e+01,9.615378e-04,-5.596031e+01,9.754963e-01,-1.795555e+02
3019.95172,9.651829e-01,-1.799369e+02,8.890650e-04,-5.406266e+01,8.889745e-04,-5.407163e+01,9.756427e-01,-1.795936e+02
3311.31121,9.651905e-01,-1.799318e+02,8.236987e-04,-5.192377e+01,8.236174e-04,-5.193155e+01,9.757649e-01,-1.796287e+02
3630.78055,9.651990e-01,-1.799261e+02,7.650607e-04,-4.952941e+01,7.649879e-04,-4.953608e+01,9.758670e-01,-1.796608e+02
3981.07171,9.652087e-01,-1.799198e+02,7.127103e-04,-4.687722e+01,7.126453e-04,-4.688287e+01,9.759521e-01,-1.796902e+02
4365.15832,9.652201e-01,-1.799128e+02,6.662453e-04,-4.396710e+01,6.661875e-04,-4.397182e+01,9.760231e-01,-1.797171e+02
4786.30092,9.652333e-01,-1.799051e+02,6.253017e-04,-4.080199e+01,6.252505e-04,-4.080586e+01,9.760823e-01,-1.797417e+02
5248.07460,9.652490e-01,-1.798966e+02,5.895529e-04,-3.738862e+01,5.895078e-04,-3.739171e+01,9.761317e-01,-1.797642e+02
5754.39937,9.652675e-01,-1.798872e+02,5.587094e-04,-3.373827e+01,5.586699e-04,-3.374067e+01,9.761728e-01,-1.797848e+02
6309.57344,9.652896e-01,-1.798769e+02,5.325171e-04,-2.986746e+01,5.324828e-04,-2.986925e+01,9.762070e-01,-1.798036e+02
6918.30971,9.653160e-01,-1.798656e+02,5.107567e-04,-2.579843e+01,5.107270e-04,-2.579970e+01,9.762356e-01,-1.798207e+02
7585.77575,9.653475e-01,-1.798531e+02,4.932423e-04,-2.155939e+01,4.932169e-04,-2.156022e+01,9.762594e-01,-1.798364e+02
8317.63771,9.653852e-01,-1.798395e+02,4.798205e-04,-1.718439e+01,4.797988e-04,-1.718485e+01,9.762792e-01,-1.798506e+02
9120.10839,9.654303e-01,-1.798247e+02,4.703691e-04,-1.271283e+01,4.703509e-04,-1.271301e+01,9.762957e-01,-1.798637e+02
10000.00000,9.654843e-01,-1.798084e+02,4.647966e-04,-8.188573e+00,4.647814e-04,-8.188541e+00,9.763095e-01,-1.798756e+02
