! ! 
! S ! 
! ! 
! # MHz  S  MA  R  50.00000
! ! ===================================================================
1.00000,9.643439e-01,-1.799809e+02,6.528404e-03,3.247729e+01,7.496608e-03,5.174802e-01,9.079856e-01,-1.794594e+02
1.09648,9.643470e-01,-1.799824e+02,6.671408e-03,3.000641e+01,7.503507e-03,4.695303e-01,9.085985e-01,-1.794844e+02
1.20226,9.643497e-01,-1.799838e+02,6.797830e-03,2.766544e+01,7.509723e-03,4.179672e-01,9.091512e-01,-1.795106e+02
1.31826,9.643522e-01,-1.799852e+02,6.908669e-03,2.545803e+01,7.515262e-03,3.635100e-01,9.096440e-01,-1.795375e+02
1.44544,9.643544e-01,-1.799864e+02,7.005127e-03,2.338532e+01,7.520149e-03,3.067609e-01,9.100792e-01,-1.795643e+02
1.58489,9.643563e-01,-1.799875e+02,7.088521e-03,2.144618e+01,7.524422e-03,2.481873e-01,9.104603e-01,-1.795907e+02
1.73780,9.643579e-01,-1.799885e+02,7.160207e-03,1.963770e+01,7.528129e-03,1.881175e-01,9.107914e-01,-1.796163e+02
1.90546,9.643593e-01,-1.799894e+02,7.221521e-03,1.795547e+01,7.531322e-03,1.267437e-01,9.110773e-01,-1.796408e+02
2.08930,9.643606e-01,-1.799903e+02,7.273736e-03,1.639403e+01,7.534055e-03,6.413145e-02,9.113228e-01,-1.796639e+02
2.29087,9.643616e-01,-1.799911e+02,7.318035e-03,1.494712e+01,7.536380e-03,2.315531e-04,9.115326e-01,-1.796855e+02
2.51189,9.643625e-01,-1.799918e+02,7.355497e-03,1.360798e+01,7.538347e-03,-6.510683e-02,9.117112e-01,-1.797055e+02
2.75423,9.643633e-01,-1.799924e+02,7.387087e-03,1.236961e+01,7.540000e-03,-1.321239e-01,9.118628e-01,-1.797238e+02
3.01995,9.643639e-01,-1.799930e+02,7.413661e-03,1.122485e+01,7.541382e-03,-2.011385e-01,9.119912e-01,-1.797405e+02
3.31131,9.643645e-01,-1.799935e+02,7.435967e-03,1.016665e+01,7.542527e-03,-2.725388e-01,9.120997e-01,-1.797554e+02
3.63078,9.643650e-01,-1.799940e+02,7.454652e-03,9.188044e+00,7.543467e-03,-3.467760e-01,9.121913e-01,-1.797686e+02
3.98107,9.643653e-01,-1.799944e+02,7.470274e-03,8.282304e+00,7.544228e-03,-4.243591e-01,9.122688e-01,-1.797802e+02
4.36516,9.643657e-01,-1.799948e+02,7.483311e-03,7.442949e+00,7.544833e-03,-5.058526e-01,9.123342e-01,-1.797902e+02
4.78630,9.643660e-01,-1.799951e+02,7.494167e-03,6.663785e+00,7.545300e-03,-5.918751e-01,9.123897e-01,-1.797985e+02
5.24807,9.643662e-01,-1.799954e+02,7.503185e-03,5.938909e+00,7.545641e-03,-6.831001e-01,9.124370e-01,-1.798053e+02
5.75440,9.643665e-01,-1.799956e+02,7.510652e-03,5.262712e+00,7.545868e-03,-7.802577e-01,9.124775e-01,-1.798105e+02
6.30957,9.643667e-01,-1.799958e+02,7.516810e-03,4.629872e+00,7.545988e-03,-8.841383e-01,9.125126e-01,-1.798142e+02
6.91831,9.643669e-01,-1.799960e+02,7.521860e-03,4.035335e+00,7.546003e-03,-9.955963e-01,9.125433e-01,-1.798164e+02
7.58578,9.643670e-01,-1.799962e+02,7.525967e-03,3.474299e+00,7.545914e-03,-1.115556e+00,9.125707e-01,-1.798170e+02
8.31764,9.643672e-01,-1.799963e+02,7.529266e-03,2.942188e+00,7.545717e-03,-1.245016e+00,9.125957e-01,-1.798162e+02
9.12011,9.643674e-01,-1.799964e+02,7.531866e-03,2.434631e+00,7.545406e-03,-1.385061e+00,9.126190e-01,-1.798138e+02
10.00000,9.643676e-01,-1.799964e+02,7.533854e-03,1.947433e+00,7.544970e-03,-1.536864e+00,9.126416e-01,-1.798098e+02
10.96478,9.643678e-01,-1.799964e+02,7.535296e-03,1.476546e+00,7.544394e-03,-1.701697e+00,9.126642e-01,-1.798043e+02
12.02264,9.643680e-01,-1.799964e+02,7.536240e-03,1.018047e+00,7.543659e-03,-1.880945e+00,9.126874e-01,-1.797971e+02
13.18257,9.643682e-01,-1.799964e+02,7.536719e-03,5.681042e-01,7.542739e-03,-2.076111e+00,9.127121e-01,-1.797883e+02
14.45440,9.643685e-01,-1.799963e+02,7.536747e-03,1.229545e-01,7.541604e-03,-2.288827e+00,9.127391e-01,-1.797776e+02
15.84893,9.643688e-01,-1.799962e+02,7.536326e-03,-3.211285e-01,7.540215e-03,-2.520872e+00,9.127694e-01,-1.797651e+02
17.37801,9.643692e-01,-1.799961e+02,7.535441e-03,-7.678598e-01,7.538525e-03,-2.774180e+00,9.128039e-01,-1.797507e+02
19.05461,9.643697e-01,-1.799959e+02,7.534064e-03,-1.220971e+00,7.536478e-03,-3.050855e+00,9.128439e-01,-1.797341e+02
20.89296,9.643702e-01,-1.799957e+02,7.532148e-03,-1.684238e+00,7.534004e-03,-3.353185e+00,9.128905e-01,-1.797154e+02
22.90868,9.643709e-01,-1.799954e+02,7.529629e-03,-2.161505e+00,7.531022e-03,-3.683658e+00,9.129455e-01,-1.796944e+02
25.11886,9.643717e-01,-1.799952e+02,7.526424e-03,-2.656716e+00,7.527431e-03,-4.044975e+00,9.130105e-01,-1.796708e+02
27.54229,9.643726e-01,-1.799949e+02,7.522426e-03,-3.173933e+00,7.523112e-03,-4.440070e+00,9.130879e-01,-1.796445e+02
30.19952,9.643737e-01,-1.799945e+02,7.517503e-03,-3.717366e+00,7.517923e-03,-4.872117e+00,9.131800e-01,-1.796155e+02
33.11311,9.643750e-01,-1.799941e+02,7.511495e-03,-4.291392e+00,7.511693e-03,-5.344551e+00,9.132899e-01,-1.795833e+02
36.30781,9.643766e-01,-1.799936e+02,7.504204e-03,-4.900575e+00,7.504219e-03,-5.861077e+00,9.134211e-01,-1.795479e+02
39.81072,9.643785e-01,-1.799931e+02,7.495396e-03,-5.549686e+00,7.495258e-03,-6.425678e+00,9.135777e-01,-1.795091e+02
43.65158,9.643807e-01,-1.799926e+02,7.484789e-03,-6.243706e+00,7.484524e-03,-7.042622e+00,9.137648e-01,-1.794665e+02
47.86301,9.643834e-01,-1.799920e+02,7.472048e-03,-6.987841e+00,7.471678e-03,-7.716459e+00,9.139879e-01,-1.794201e+02
52.48075,9.643866e-01,-1.799913e+02,7.456775e-03,-7.787510e+00,7.456318e-03,-8.452014e+00,9.142540e-01,-1.793696e+02
57.54399,9.643905e-01,-1.799906e+02,7.438503e-03,-8.648333e+00,7.437976e-03,-9.254362e+00,9.145706e-01,-1.793148e+02
63.09573,9.643950e-01,-1.799898e+02,7.416686e-03,-9.576098e+00,7.416100e-03,-1.012880e+01,9.149470e-01,-1.792555e+02
69.18310,9.644004e-01,-1.799889e+02,7.390686e-03,-1.057671e+01,7.390052e-03,-1.108077e+01,9.153933e-01,-1.791918e+02
75.85776,9.644068e-01,-1.799880e+02,7.359769e-03,-1.165612e+01,7.359097e-03,-1.211581e+01,9.159213e-01,-1.791235e+02
83.17638,9.644144e-01,-1.799870e+02,7.323094e-03,-1.282020e+01,7.322391e-03,-1.323944e+01,9.165440e-01,-1.790507e+02
91.20108,9.644232e-01,-1.799859e+02,7.279708e-03,-1.407464e+01,7.278980e-03,-1.445698e+01,9.172758e-01,-1.789737e+02
100.00000,9.644336e-01,-1.799848e+02,7.228545e-03,-1.542473e+01,7.227800e-03,-1.577341e+01,9.181323e-01,-1.788928e+02
109.64782,9.644457e-01,-1.799836e+02,7.168435e-03,-1.687514e+01,7.167677e-03,-1.719312e+01,9.191296e-01,-1.788086e+02
120.22644,9.644598e-01,-1.799824e+02,7.098113e-03,-1.842963e+01,7.097346e-03,-1.871961e+01,9.202842e-01,-1.787218e+02
131.82567,9.644760e-01,-1.799811e+02,7.016248e-03,-2.009074e+01,7.015477e-03,-2.035518e+01,9.216121e-01,-1.786336e+02
144.54398,9.644945e-01,-1.799798e+02,6.921483e-03,-2.185941e+01,6.920711e-03,-2.210056e+01,9.231276e-01,-1.785453e+02
158.48932,9.645154e-01,-1.799784e+02,6.812489e-03,-2.373457e+01,6.811721e-03,-2.395448e+01,9.248421e-01,-1.784584e+02
173.78008,9.645389e-01,-1.799771e+02,6.688041e-03,-2.571276e+01,6.687280e-03,-2.591329e+01,9.267625e-01,-1.783750e+02
190.54607,9.645650e-01,-1.799758e+02,6.547106e-03,-2.778774e+01,6.546356e-03,-2.797060e+01,9.288899e-01,-1.782972e+02
208.92961,9.645937e-01,-1.799746e+02,6.388942e-03,-2.995020e+01,6.388205e-03,-3.011693e+01,9.312178e-01,-1.782271e+02
229.08677,9.646247e-01,-1.799734e+02,6.213200e-03,-3.218758e+01,6.212479e-03,-3.233960e+01,9.337310e-01,-1.781672e+02
251.18864,9.646578e-01,-1.799723e+02,6.020015e-03,-3.448408e+01,6.019314e-03,-3.462269e+01,9.364054e-01,-1.781194e+02
275.42287,9.646926e-01,-1.799714e+02,5.810081e-03,-3.682089e+01,5.809402e-03,-3.694725e+01,9.392076e-01,-1.780858e+02
301.99517,9.647285e-01,-1.799706e+02,5.584680e-03,-3.917656e+01,5.584026e-03,-3.929176e+01,9.420968e-01,-1.780675e+02
331.13112,9.647651e-01,-1.799700e+02,5.345673e-03,-4.152772e+01,5.345045e-03,-4.163273e+01,9.450265e-01,-1.780654e+02
363.07805,9.648018e-01,-1.799694e+02,5.095432e-03,-4.384983e+01,5.094833e-03,-4.394554e+01,9.479475e-01,-1.780795e+02
398.10717,9.648378e-01,-1.799691e+02,4.836736e-03,-4.611811e+01,4.836167e-03,-4.620534e+01,9.508113e-01,-1.781094e+02
436.51583,9.648726e-01,-1.799688e+02,4.572619e-03,-4.830843e+01,4.572080e-03,-4.838791e+01,9.535730e-01,-1.781537e+02
478.63009,9.649058e-01,-1.799687e+02,4.306208e-03,-5.039810e+01,4.305701e-03,-5.047051e+01,9.561942e-01,-1.782108e+02
524.80746,9.649370e-01,-1.799686e+02,4.040565e-03,-5.236654e+01,4.040088e-03,-5.243249e+01,9.586447e-01,-1.782787e+02
575.43994,9.649658e-01,-1.799685e+02,3.778538e-03,-5.419568e+01,3.778092e-03,-5.425573e+01,9.609035e-01,-1.783550e+02
630.95734,9.649922e-01,-1.799684e+02,3.522658e-03,-5.587017e+01,3.522242e-03,-5.592484e+01,9.629586e-01,-1.784376e+02
691.83097,9.650159e-01,-1.799683e+02,3.275062e-03,-5.737737e+01,3.274677e-03,-5.742711e+01,9.648063e-01,-1.785242e+02
758.57758,9.650372e-01,-1.799681e+02,3.037465e-03,-5.870714e+01,3.037107e-03,-5.875239e+01,9.664499e-01,-1.786128e+02
831.76377,9.650561e-01,-1.799678e+02,2.811152e-03,-5.985157e+01,2.810822e-03,-5.989270e+01,9.678980e-01,-1.787018e+02
912.01084,9.650728e-01,-1.799673e+02,2.597011e-03,-6.080454e+01,2.596706e-03,-6.084190e+01,9.691633e-01,-1.787897e+02
1000.00000,9.650874e-01,-1.799667e+02,2.395570e-03,-6.156131e+01,2.395291e-03,-6.159523e+01,9.702608e-01,-1.788754e+02
1096.47820,9.651002e-01,-1.799659e+02,2.207054e-03,-6.211814e+01,2.206797e-03,-6.214890e+01,9.712067e-01,-1.789580e+02
1202.26443,9.651114e-01,-1.799648e+02,2.031435e-03,-6.247185e+01,2.031199e-03,-6.249972e+01,9.720174e-01,-1.790369e+02
1318.25674,9.651212e-01,-1.799635e+02,1.868487e-03,-6.261952e+01,1.868271e-03,-6.264472e+01,9.727091e-01,-1.791117e+02
1445.43977,9.651299e-01,-1.799620e+02,1.717835e-03,-6.255816e+01,1.717638e-03,-6.258092e+01,9.732969e-01,-1.791822e+02
1584.89319,9.651377e-01,-1.799601e+02,1.579000e-03,-6.228454e+01,1.578820e-03,-6.230507e+01,9.737945e-01,-1.792482e+02
1737.80083,9.651447e-01,-1.799579e+02,1.451429e-03,-6.179504e+01,1.451265e-03,-6.181349e+01,9.742148e-01,-1.793098e+02
1905.46072,9.651513e-01,-1.799554e+02,1.334529e-03,-6.108548e+01,1.334380e-03,-6.110203e+01,9.745687e-01,-1.793670e+02
2089.29613,9.651575e-01,-1.799526e+02,1.227688e-03,-6.015120e+01,1.227553e-03,-6.016599e+01,9.748663e-01,-1.794200e+02
2290.86765,9.651636e-01,-1.799493e+02,1.130294e-03,-5.898705e+01,1.130171e-03,-5.900021e+01,9.751160e-01,-1.794690e+02
2511.88643,9.651698e-01,-1.799457e+02,1.041746e-03,-5.758752e+01,1.041635e-03,-5.759917e+01,9.753252e-01,-1.795141e+02
2754.22870,9.651762e-01,-1.799416e+02,9.614663e-04,-5.594695e+01,9.613659e-04,-5.595722e+01,9.755002e-01,-1.795556e+02
3019.95172,9.651830e-01,-1.799369e+02,8.889070e-04,-5.405984e+01,8.888166e-04,-5.406881e+01,9.756466e-01,-1.795938e+02
3311.31121,9.651906e-01,-1.799318e+02,8.235530e-04,-5.192121e+01,8.234717e-04,-5.192898e+01,9.757689e-01,-1.796288e+02
3630.78055,9.651991e-01,-1.799261e+02,7.649259e-04,-4.952708e+01,7.648531e-04,-4.953375e+01,9.758710e-01,-1.796609e+02
3981.07171,9.652089e-01,-1.799198e+02,7.125851e-04,-4.687511e+01,7.125201e-04,-4.688076e+01,9.759561e-01,-1.796903e+02
4365.15832,9.652202e-01,-1.799128e+02,6.661286e-04,-4.396519e+01,6.660707e-04,-4.396990e+01,9.760272e-01,-1.797172e+02
4786.30092,9.652335e-01,-1.799051e+02,6.251923e-04,-4.080026e+01,6.251411e-04,-4.080412e+01,9.760864e-01,-1.797418e+02
5248.07460,9.652491e-01,-1.798966e+02,5.894499e-04,-3.738706e+01,5.894048e-04,-3.739015e+01,9.761357e-01,-1.797643e+02
5754.39937,9.652677e-01,-1.798872e+02,5.586118e-04,-3.373686e+01,5.585723e-04,-3.373926e+01,9.761768e-01,-1.797849e+02
6309.57344,9.652898e-01,-1.798769e+02,5.324242e-04,-2.986619e+01,5.323898e-04,-2.986798e+01,9.762111e-01,-1.798036e+02
6918.30971,9.653162e-01,-1.798656e+02,5.106676e-04,-2.579728e+01,5.106379e-04,-2.579855e+01,9.762396e-01,-1.798208e+02
7585.77575,9.653477e-01,-1.798531e+02,4.931562e-04,-2.155835e+01,4.931307e-04,-2.155918e+01,9.762634e-01,-1.798364e+02
8317.63771,9.653854e-01,-1.798395e+02,4.797366e-04,-1.718345e+01,4.797150e-04,-1.718392e+01,9.762832e-01,-1.798507e+02
9120.10839,9.654305e-01,-1.798247e+02,4.702869e-04,-1.271199e+01,4.702687e-04,-1.271217e+01,9.762998e-01,-1.798637e+02
10000.00000,9.654845e-01,-1.798084e+02,4.647152e-04,-8.187818e+00,4.647000e-04,-8.187785e+00,9.763136e-01,-1.798756e+02
