! ! 
! S ! 
! ! 
! # MHz  S  MA  R  50.00000
! ! ===================================================================
1.00000,9.643431e-01,-1.799809e+02,6.527625e-03,3.255965e+01,7.495254e-03,5.184613e-01,9.079700e-01,-1.794583e+02
1.09648,9.643461e-01,-1.799824e+02,6.670553e-03,3.008158e+01,7.502161e-03,4.704657e-01,9.085843e-01,-1.794833e+02
1.20226,9.643489e-01,-1.799838e+02,6.796908e-03,2.773404e+01,7.508385e-03,4.188543e-01,9.091382e-01,-1.795096e+02
1.31826,9.643513e-01,-1.799852e+02,6.907690e-03,2.552064e+01,7.513931e-03,3.643473e-01,9.096321e-01,-1.795365e+02
1.44544,9.643535e-01,-1.799864e+02,7.004099e-03,2.344244e+01,7.518823e-03,3.075477e-01,9.100683e-01,-1.795634e+02
1.58489,9.643554e-01,-1.799875e+02,7.087452e-03,2.149831e+01,7.523102e-03,2.489241e-01,9.104502e-01,-1.795899e+02
1.73780,9.643570e-01,-1.799885e+02,7.159103e-03,1.968525e+01,7.526814e-03,1.888054e-01,9.107820e-01,-1.796155e+02
1.90546,9.643585e-01,-1.799894e+02,7.220387e-03,1.799886e+01,7.530011e-03,1.273844e-01,9.110686e-01,-1.796400e+02
2.08930,9.643597e-01,-1.799903e+02,7.272577e-03,1.643361e+01,7.532747e-03,6.472710e-02,9.113146e-01,-1.796632e+02
2.29087,9.643608e-01,-1.799911e+02,7.316855e-03,1.498323e+01,7.535075e-03,7.845976e-04,9.115249e-01,-1.796849e+02
2.51189,9.643617e-01,-1.799918e+02,7.354299e-03,1.364093e+01,7.537044e-03,-6.459376e-02,9.117039e-01,-1.797049e+02
2.75423,9.643624e-01,-1.799924e+02,7.385875e-03,1.239966e+01,7.538700e-03,-1.316481e-01,9.118558e-01,-1.797233e+02
3.01995,9.643631e-01,-1.799930e+02,7.412437e-03,1.125228e+01,7.540083e-03,-2.006971e-01,9.119845e-01,-1.797400e+02
3.31131,9.643636e-01,-1.799935e+02,7.434732e-03,1.019167e+01,7.541230e-03,-2.721291e-01,9.120932e-01,-1.797550e+02
3.63078,9.643641e-01,-1.799940e+02,7.453408e-03,9.210866e+00,7.542171e-03,-3.463952e-01,9.121850e-01,-1.797682e+02
3.98107,9.643645e-01,-1.799944e+02,7.469023e-03,8.303125e+00,7.542934e-03,-4.240046e-01,9.122626e-01,-1.797799e+02
4.36516,9.643648e-01,-1.799948e+02,7.482054e-03,7.461947e+00,7.543540e-03,-5.055218e-01,9.123282e-01,-1.797898e+02
4.78630,9.643651e-01,-1.799951e+02,7.492905e-03,6.681119e+00,7.544007e-03,-5.915655e-01,9.123839e-01,-1.797982e+02
5.24807,9.643654e-01,-1.799954e+02,7.501918e-03,5.954726e+00,7.544349e-03,-6.828094e-01,9.124312e-01,-1.798050e+02
5.75440,9.643656e-01,-1.799956e+02,7.509382e-03,5.277147e+00,7.544577e-03,-7.799837e-01,9.124718e-01,-1.798102e+02
6.30957,9.643658e-01,-1.799958e+02,7.515538e-03,4.643046e+00,7.544696e-03,-8.838787e-01,9.125069e-01,-1.798139e+02
6.91831,9.643660e-01,-1.799960e+02,7.520585e-03,4.047360e+00,7.544712e-03,-9.953491e-01,9.125377e-01,-1.798161e+02
7.58578,9.643662e-01,-1.799962e+02,7.524690e-03,3.485277e+00,7.544623e-03,-1.115319e+00,9.125652e-01,-1.798168e+02
8.31764,9.643663e-01,-1.799963e+02,7.527987e-03,2.952213e+00,7.544427e-03,-1.244788e+00,9.125902e-01,-1.798160e+02
9.12011,9.643665e-01,-1.799964e+02,7.530586e-03,2.443788e+00,7.544117e-03,-1.384839e+00,9.126136e-01,-1.798136e+02
10.00000,9.643667e-01,-1.799964e+02,7.532573e-03,1.955799e+00,7.543681e-03,-1.536646e+00,9.126362e-01,-1.798097e+02
10.96478,9.643669e-01,-1.799964e+02,7.534014e-03,1.484192e+00,7.543105e-03,-1.701483e+00,9.126588e-01,-1.798042e+02
12.02264,9.643671e-01,-1.799964e+02,7.534958e-03,1.025038e+00,7.542370e-03,-1.880732e+00,9.126820e-01,-1.797970e+02
13.18257,9.643674e-01,-1.799964e+02,7.535436e-03,5.744996e-01,7.541451e-03,-2.075896e+00,9.127067e-01,-1.797882e+02
14.45440,9.643677e-01,-1.799963e+02,7.535464e-03,1.288085e-01,7.540316e-03,-2.288610e+00,9.127338e-01,-1.797775e+02
15.84893,9.643680e-01,-1.799962e+02,7.535043e-03,-3.157662e-01,7.538927e-03,-2.520651e+00,9.127641e-01,-1.797650e+02
17.37801,9.643684e-01,-1.799961e+02,7.534159e-03,-7.629438e-01,7.537238e-03,-2.773953e+00,9.127986e-01,-1.797506e+02
19.05461,9.643688e-01,-1.799959e+02,7.532782e-03,-1.216460e+00,7.535191e-03,-3.050620e+00,9.128385e-01,-1.797341e+02
20.89296,9.643694e-01,-1.799957e+02,7.530866e-03,-1.680093e+00,7.532719e-03,-3.352940e+00,9.128852e-01,-1.797153e+02
22.90868,9.643700e-01,-1.799954e+02,7.528348e-03,-2.157691e+00,7.529737e-03,-3.683401e+00,9.129402e-01,-1.796943e+02
25.11886,9.643708e-01,-1.799952e+02,7.525143e-03,-2.653201e+00,7.526147e-03,-4.044704e+00,9.130052e-01,-1.796707e+02
27.54229,9.643717e-01,-1.799949e+02,7.521146e-03,-3.170687e+00,7.521830e-03,-4.439782e+00,9.130826e-01,-1.796445e+02
30.19952,9.643728e-01,-1.799945e+02,7.516225e-03,-3.714362e+00,7.516642e-03,-4.871811e+00,9.131747e-01,-1.796154e+02
33.11311,9.643741e-01,-1.799941e+02,7.510218e-03,-4.288604e+00,7.510414e-03,-5.344224e+00,9.132846e-01,-1.795833e+02
36.30781,9.643757e-01,-1.799936e+02,7.502929e-03,-4.897980e+00,7.502941e-03,-5.860726e+00,9.134158e-01,-1.795479e+02
39.81072,9.643776e-01,-1.799931e+02,7.494124e-03,-5.547261e+00,7.493983e-03,-6.425300e+00,9.135724e-01,-1.795090e+02
43.65158,9.643799e-01,-1.799926e+02,7.483520e-03,-6.241433e+00,7.483253e-03,-7.042215e+00,9.137595e-01,-1.794665e+02
47.86301,9.643825e-01,-1.799920e+02,7.470781e-03,-6.985700e+00,7.470410e-03,-7.716020e+00,9.139827e-01,-1.794200e+02
52.48075,9.643858e-01,-1.799913e+02,7.455513e-03,-7.785483e+00,7.455054e-03,-8.451540e+00,9.142487e-01,-1.793695e+02
57.54399,9.643896e-01,-1.799906e+02,7.437246e-03,-8.646404e+00,7.436716e-03,-9.253849e+00,9.145653e-01,-1.793147e+02
63.09573,9.643941e-01,-1.799898e+02,7.415435e-03,-9.574251e+00,7.414846e-03,-1.012824e+01,9.149417e-01,-1.792555e+02
69.18310,9.643995e-01,-1.799889e+02,7.389442e-03,-1.057493e+01,7.388806e-03,-1.108017e+01,9.153880e-01,-1.791917e+02
75.85776,9.644059e-01,-1.799880e+02,7.358533e-03,-1.165439e+01,7.357859e-03,-1.211516e+01,9.159160e-01,-1.791234e+02
83.17638,9.644135e-01,-1.799870e+02,7.321868e-03,-1.281852e+01,7.321162e-03,-1.323873e+01,9.165387e-01,-1.790507e+02
91.20108,9.644223e-01,-1.799859e+02,7.278493e-03,-1.407299e+01,7.277763e-03,-1.445622e+01,9.172705e-01,-1.789737e+02
100.00000,9.644327e-01,-1.799848e+02,7.227344e-03,-1.542310e+01,7.226596e-03,-1.577259e+01,9.181270e-01,-1.788928e+02
109.64782,9.644448e-01,-1.799836e+02,7.167249e-03,-1.687352e+01,7.166489e-03,-1.719224e+01,9.191243e-01,-1.788085e+02
120.22644,9.644589e-01,-1.799824e+02,7.096945e-03,-1.842801e+01,7.096177e-03,-1.871867e+01,9.202789e-01,-1.787218e+02
131.82567,9.644750e-01,-1.799811e+02,7.015101e-03,-2.008911e+01,7.014328e-03,-2.035418e+01,9.216069e-01,-1.786335e+02
144.54398,9.644935e-01,-1.799798e+02,6.920360e-03,-2.185777e+01,6.919586e-03,-2.209949e+01,9.231224e-01,-1.785452e+02
158.48932,9.645145e-01,-1.799784e+02,6.811392e-03,-2.373292e+01,6.810623e-03,-2.395334e+01,9.248369e-01,-1.784583e+02
173.78008,9.645380e-01,-1.799771e+02,6.686975e-03,-2.571110e+01,6.686212e-03,-2.591209e+01,9.267574e-01,-1.783749e+02
190.54607,9.645641e-01,-1.799758e+02,6.546074e-03,-2.778606e+01,6.545321e-03,-2.796934e+01,9.288848e-01,-1.782970e+02
208.92961,9.645927e-01,-1.799746e+02,6.387947e-03,-2.994850e+01,6.387208e-03,-3.011562e+01,9.312128e-01,-1.782270e+02
229.08677,9.646237e-01,-1.799734e+02,6.212244e-03,-3.218586e+01,6.211522e-03,-3.233824e+01,9.337262e-01,-1.781670e+02
251.18864,9.646568e-01,-1.799724e+02,6.019102e-03,-3.448237e+01,6.018399e-03,-3.462130e+01,9.364008e-01,-1.781193e+02
275.42287,9.646915e-01,-1.799714e+02,5.809212e-03,-3.681917e+01,5.808532e-03,-3.694583e+01,9.392032e-01,-1.780856e+02
301.99517,9.647275e-01,-1.799706e+02,5.583858e-03,-3.917486e+01,5.583202e-03,-3.929033e+01,9.420926e-01,-1.780673e+02
331.13112,9.647641e-01,-1.799700e+02,5.344899e-03,-4.152604e+01,5.344269e-03,-4.163129e+01,9.450226e-01,-1.780652e+02
363.07805,9.648007e-01,-1.799695e+02,5.094707e-03,-4.384818e+01,5.094106e-03,-4.394412e+01,9.479438e-01,-1.780793e+02
398.10717,9.648367e-01,-1.799691e+02,4.836059e-03,-4.611651e+01,4.835488e-03,-4.620393e+01,9.508079e-01,-1.781092e+02
436.51583,9.648715e-01,-1.799688e+02,4.571989e-03,-4.830688e+01,4.571448e-03,-4.838654e+01,9.535699e-01,-1.781535e+02
478.63009,9.649047e-01,-1.799687e+02,4.305624e-03,-5.039661e+01,4.305115e-03,-5.046918e+01,9.561914e-01,-1.782106e+02
524.80746,9.649359e-01,-1.799686e+02,4.040024e-03,-5.236512e+01,4.039546e-03,-5.243122e+01,9.586423e-01,-1.782785e+02
575.43994,9.649647e-01,-1.799685e+02,3.778039e-03,-5.419434e+01,3.777593e-03,-5.425453e+01,9.609014e-01,-1.783548e+02
630.95734,9.649910e-01,-1.799684e+02,3.522199e-03,-5.586891e+01,3.521782e-03,-5.592370e+01,9.629568e-01,-1.784374e+02
691.83097,9.650148e-01,-1.799683e+02,3.274641e-03,-5.737619e+01,3.274254e-03,-5.742605e+01,9.648047e-01,-1.785240e+02
758.57758,9.650361e-01,-1.799681e+02,3.037077e-03,-5.870605e+01,3.036719e-03,-5.875141e+01,9.664486e-01,-1.786126e+02
831.76377,9.650550e-01,-1.799678e+02,2.810797e-03,-5.985057e+01,2.810466e-03,-5.989180e+01,9.678969e-01,-1.787016e+02
912.01084,9.650716e-01,-1.799673e+02,2.596685e-03,-6.080362e+01,2.596380e-03,-6.084108e+01,9.691625e-01,-1.787895e+02
1000.00000,9.650862e-01,-1.799667e+02,2.395272e-03,-6.156048e+01,2.394992e-03,-6.159448e+01,9.702601e-01,-1.788752e+02
1096.47820,9.650990e-01,-1.799659e+02,2.206781e-03,-6.211740e+01,2.206523e-03,-6.214823e+01,9.712062e-01,-1.789579e+02
1202.26443,9.651102e-01,-1.799648e+02,2.031184e-03,-6.247119e+01,2.030948e-03,-6.249912e+01,9.720171e-01,-1.790368e+02
1318.25674,9.651200e-01,-1.799635e+02,1.868257e-03,-6.261893e+01,1.868041e-03,-6.264420e+01,9.727089e-01,-1.791116e+02
1445.43977,9.651287e-01,-1.799620e+02,1.717625e-03,-6.255765e+01,1.717427e-03,-6.258047e+01,9.732967e-01,-1.791821e+02
1584.89319,9.651365e-01,-1.799601e+02,1.578807e-03,-6.228411e+01,1.578627e-03,-6.230468e+01,9.737945e-01,-1.792481e+02
1737.80083,9.651435e-01,-1.799580e+02,1.451252e-03,-6.179467e+01,1.451087e-03,-6.181316e+01,9.742148e-01,-1.793097e+02
1905.46072,9.651501e-01,-1.799555e+02,1.334366e-03,-6.108518e+01,1.334217e-03,-6.110176e+01,9.745688e-01,-1.793669e+02
2089.29613,9.651563e-01,-1.799526e+02,1.227538e-03,-6.015096e+01,1.227402e-03,-6.016579e+01,9.748664e-01,-1.794199e+02
2290.86765,9.651624e-01,-1.799493e+02,1.130155e-03,-5.898687e+01,1.130032e-03,-5.900006e+01,9.751162e-01,-1.794689e+02
2511.88643,9.651685e-01,-1.799457e+02,1.041618e-03,-5.758740e+01,1.041506e-03,-5.759908e+01,9.753254e-01,-1.795140e+02
2754.22870,9.651750e-01,-1.799416e+02,9.613476e-04,-5.594688e+01,9.612470e-04,-5.595717e+01,9.755005e-01,-1.795556e+02
3019.95172,9.651818e-01,-1.799370e+02,8.887968e-04,-5.405982e+01,8.887062e-04,-5.406881e+01,9.756469e-01,-1.795937e+02
3311.31121,9.651894e-01,-1.799318e+02,8.234504e-04,-5.192122e+01,8.233689e-04,-5.192901e+01,9.757692e-01,-1.796288e+02
3630.78055,9.651979e-01,-1.799261e+02,7.648300e-04,-4.952713e+01,7.647570e-04,-4.953382e+01,9.758713e-01,-1.796609e+02
3981.07171,9.652077e-01,-1.799198e+02,7.124952e-04,-4.687518e+01,7.124300e-04,-4.688085e+01,9.759565e-01,-1.796903e+02
4365.15832,9.652190e-01,-1.799128e+02,6.660438e-04,-4.396528e+01,6.659858e-04,-4.397001e+01,9.760275e-01,-1.797172e+02
4786.30092,9.652323e-01,-1.799051e+02,6.251120e-04,-4.080036e+01,6.250607e-04,-4.080423e+01,9.760867e-01,-1.797418e+02
5248.07460,9.652479e-01,-1.798966e+02,5.893735e-04,-3.738715e+01,5.893284e-04,-3.739025e+01,9.761361e-01,-1.797643e+02
5754.39937,9.652665e-01,-1.798872e+02,5.585388e-04,-3.373693e+01,5.584992e-04,-3.373934e+01,9.761772e-01,-1.797848e+02
6309.57344,9.652886e-01,-1.798769e+02,5.323539e-04,-2.986623e+01,5.323195e-04,-2.986802e+01,9.762115e-01,-1.798036e+02
6918.30971,9.653149e-01,-1.798656e+02,5.105996e-04,-2.579727e+01,5.105698e-04,-2.579854e+01,9.762400e-01,-1.798207e+02
7585.77575,9.653464e-01,-1.798532e+02,4.930900e-04,-2.155828e+01,4.930645e-04,-2.155911e+01,9.762638e-01,-1.798364e+02
8317.63771,9.653841e-01,-1.798396e+02,4.796718e-04,-1.718329e+01,4.796501e-04,-1.718376e+01,9.762836e-01,-1.798507e+02
9120.10839,9.654292e-01,-1.798247e+02,4.702229e-04,-1.271173e+01,4.702047e-04,-1.271192e+01,9.763002e-01,-1.798637e+02
10000.00000,9.654832e-01,-1.798084e+02,4.646518e-04,-8.187447e+00,4.646365e-04,-8.187415e+00,9.763140e-01,-1.798756e+02
