! ! 
! S ! 
! ! 
! # MHz  S  MA  R  50.00000
! ! ===================================================================
1.00000,9.643429e-01,-1.799809e+02,6.527469e-03,3.257633e+01,7.494980e-03,5.186602e-01,9.079668e-01,-1.794580e+02
1.09648,9.643459e-01,-1.799824e+02,6.670381e-03,3.009681e+01,7.501889e-03,4.706555e-01,9.085814e-01,-1.794831e+02
1.20226,9.643487e-01,-1.799838e+02,6.796723e-03,2.774793e+01,7.508114e-03,4.190342e-01,9.091355e-01,-1.795094e+02
1.31826,9.643511e-01,-1.799852e+02,6.907493e-03,2.553332e+01,7.513661e-03,3.645171e-01,9.096296e-01,-1.795363e+02
1.44544,9.643533e-01,-1.799864e+02,7.003892e-03,2.345402e+01,7.518555e-03,3.077072e-01,9.100660e-01,-1.795632e+02
1.58489,9.643552e-01,-1.799875e+02,7.087236e-03,2.150887e+01,7.522835e-03,2.490735e-01,9.104481e-01,-1.795897e+02
1.73780,9.643569e-01,-1.799885e+02,7.158880e-03,1.969489e+01,7.526547e-03,1.889449e-01,9.107801e-01,-1.796154e+02
1.90546,9.643583e-01,-1.799894e+02,7.220158e-03,1.800765e+01,7.529746e-03,1.275143e-01,9.110668e-01,-1.796399e+02
2.08930,9.643595e-01,-1.799903e+02,7.272343e-03,1.644164e+01,7.532483e-03,6.484790e-02,9.113129e-01,-1.796631e+02
2.29087,9.643606e-01,-1.799911e+02,7.316617e-03,1.499055e+01,7.534811e-03,8.967659e-04,9.115233e-01,-1.796847e+02
2.51189,9.643615e-01,-1.799918e+02,7.354057e-03,1.364761e+01,7.536781e-03,-6.448969e-02,9.117024e-01,-1.797048e+02
2.75423,9.643623e-01,-1.799924e+02,7.385630e-03,1.240575e+01,7.538437e-03,-1.315516e-01,9.118544e-01,-1.797232e+02
3.01995,9.643629e-01,-1.799930e+02,7.412189e-03,1.125783e+01,7.539820e-03,-2.006075e-01,9.119831e-01,-1.797399e+02
3.31131,9.643635e-01,-1.799935e+02,7.434482e-03,1.019673e+01,7.540967e-03,-2.720459e-01,9.120919e-01,-1.797549e+02
3.63078,9.643639e-01,-1.799940e+02,7.453156e-03,9.215490e+00,7.541909e-03,-3.463179e-01,9.121838e-01,-1.797682e+02
3.98107,9.643643e-01,-1.799944e+02,7.468770e-03,8.307344e+00,7.542672e-03,-4.239326e-01,9.122614e-01,-1.797798e+02
4.36516,9.643647e-01,-1.799948e+02,7.481800e-03,7.465796e+00,7.543278e-03,-5.054547e-01,9.123270e-01,-1.797898e+02
4.78630,9.643650e-01,-1.799951e+02,7.492649e-03,6.684631e+00,7.543745e-03,-5.915027e-01,9.123827e-01,-1.797981e+02
5.24807,9.643652e-01,-1.799954e+02,7.501662e-03,5.957931e+00,7.544087e-03,-6.827504e-01,9.124301e-01,-1.798049e+02
5.75440,9.643654e-01,-1.799956e+02,7.509125e-03,5.280071e+00,7.544315e-03,-7.799281e-01,9.124707e-01,-1.798102e+02
6.30957,9.643656e-01,-1.799958e+02,7.515280e-03,4.645715e+00,7.544435e-03,-8.838261e-01,9.125058e-01,-1.798139e+02
6.91831,9.643658e-01,-1.799960e+02,7.520327e-03,4.049797e+00,7.544451e-03,-9.952989e-01,9.125366e-01,-1.798161e+02
7.58578,9.643660e-01,-1.799962e+02,7.524431e-03,3.487502e+00,7.544362e-03,-1.115271e+00,9.125640e-01,-1.798168e+02
8.31764,9.643662e-01,-1.799963e+02,7.527728e-03,2.954245e+00,7.544166e-03,-1.244741e+00,9.125891e-01,-1.798159e+02
9.12011,9.643664e-01,-1.799964e+02,7.530327e-03,2.445644e+00,7.543855e-03,-1.384794e+00,9.126125e-01,-1.798136e+02
10.00000,9.643665e-01,-1.799964e+02,7.532314e-03,1.957494e+00,7.543420e-03,-1.536602e+00,9.126351e-01,-1.798097e+02
10.96478,9.643667e-01,-1.799964e+02,7.533755e-03,1.485741e+00,7.542844e-03,-1.701439e+00,9.126577e-01,-1.798041e+02
12.02264,9.643670e-01,-1.799964e+02,7.534699e-03,1.026454e+00,7.542109e-03,-1.880689e+00,9.126809e-01,-1.797970e+02
13.18257,9.643672e-01,-1.799964e+02,7.535177e-03,5.757956e-01,7.541190e-03,-2.075853e+00,9.127057e-01,-1.797881e+02
14.45440,9.643675e-01,-1.799963e+02,7.535204e-03,1.299948e-01,7.540055e-03,-2.288566e+00,9.127327e-01,-1.797775e+02
15.84893,9.643678e-01,-1.799962e+02,7.534783e-03,-3.146796e-01,7.538667e-03,-2.520607e+00,9.127630e-01,-1.797650e+02
17.37801,9.643682e-01,-1.799961e+02,7.533899e-03,-7.619476e-01,7.536978e-03,-2.773907e+00,9.127975e-01,-1.797506e+02
19.05461,9.643687e-01,-1.799959e+02,7.532522e-03,-1.215545e+00,7.534931e-03,-3.050572e+00,9.128375e-01,-1.797340e+02
20.89296,9.643692e-01,-1.799957e+02,7.530606e-03,-1.679253e+00,7.532458e-03,-3.352890e+00,9.128841e-01,-1.797153e+02
22.90868,9.643699e-01,-1.799954e+02,7.528088e-03,-2.156918e+00,7.529477e-03,-3.683349e+00,9.129391e-01,-1.796943e+02
25.11886,9.643706e-01,-1.799952e+02,7.524884e-03,-2.652488e+00,7.525887e-03,-4.044649e+00,9.130042e-01,-1.796707e+02
27.54229,9.643715e-01,-1.799949e+02,7.520887e-03,-3.170029e+00,7.521570e-03,-4.439724e+00,9.130815e-01,-1.796445e+02
30.19952,9.643726e-01,-1.799945e+02,7.515966e-03,-3.713753e+00,7.516383e-03,-4.871748e+00,9.131736e-01,-1.796154e+02
33.11311,9.643740e-01,-1.799941e+02,7.509959e-03,-4.288039e+00,7.510155e-03,-5.344157e+00,9.132835e-01,-1.795832e+02
36.30781,9.643755e-01,-1.799936e+02,7.502671e-03,-4.897454e+00,7.502683e-03,-5.860654e+00,9.134147e-01,-1.795479e+02
39.81072,9.643774e-01,-1.799931e+02,7.493866e-03,-5.546770e+00,7.493725e-03,-6.425224e+00,9.135714e-01,-1.795090e+02
43.65158,9.643797e-01,-1.799926e+02,7.483262e-03,-6.240972e+00,7.482995e-03,-7.042132e+00,9.137584e-01,-1.794665e+02
47.86301,9.643824e-01,-1.799920e+02,7.470525e-03,-6.985266e+00,7.470153e-03,-7.715931e+00,9.139816e-01,-1.794200e+02
52.48075,9.643856e-01,-1.799913e+02,7.455257e-03,-7.785072e+00,7.454798e-03,-8.451443e+00,9.142476e-01,-1.793695e+02
57.54399,9.643894e-01,-1.799906e+02,7.436991e-03,-8.646013e+00,7.436461e-03,-9.253745e+00,9.145643e-01,-1.793147e+02
63.09573,9.643940e-01,-1.799898e+02,7.415181e-03,-9.573876e+00,7.414593e-03,-1.012813e+01,9.149406e-01,-1.792555e+02
69.18310,9.643994e-01,-1.799889e+02,7.389190e-03,-1.057457e+01,7.388554e-03,-1.108004e+01,9.153869e-01,-1.791917e+02
75.85776,9.644057e-01,-1.799880e+02,7.358283e-03,-1.165404e+01,7.357608e-03,-1.211503e+01,9.159149e-01,-1.791234e+02
83.17638,9.644133e-01,-1.799870e+02,7.321619e-03,-1.281818e+01,7.320914e-03,-1.323859e+01,9.165376e-01,-1.790507e+02
91.20108,9.644222e-01,-1.799859e+02,7.278247e-03,-1.407266e+01,7.277517e-03,-1.445606e+01,9.172695e-01,-1.789736e+02
100.00000,9.644326e-01,-1.799848e+02,7.227101e-03,-1.542277e+01,7.226353e-03,-1.577243e+01,9.181259e-01,-1.788927e+02
109.64782,9.644447e-01,-1.799836e+02,7.167009e-03,-1.687319e+01,7.166248e-03,-1.719206e+01,9.191232e-01,-1.788085e+02
120.22644,9.644587e-01,-1.799824e+02,7.096709e-03,-1.842768e+01,7.095940e-03,-1.871847e+01,9.202779e-01,-1.787217e+02
131.82567,9.644749e-01,-1.799811e+02,7.014869e-03,-2.008878e+01,7.014096e-03,-2.035397e+01,9.216058e-01,-1.786335e+02
144.54398,9.644933e-01,-1.799798e+02,6.920132e-03,-2.185744e+01,6.919359e-03,-2.209927e+01,9.231213e-01,-1.785451e+02
158.48932,9.645143e-01,-1.799784e+02,6.811170e-03,-2.373259e+01,6.810400e-03,-2.395311e+01,9.248358e-01,-1.784583e+02
173.78008,9.645378e-01,-1.799771e+02,6.686759e-03,-2.571076e+01,6.685996e-03,-2.591185e+01,9.267563e-01,-1.783749e+02
190.54607,9.645639e-01,-1.799758e+02,6.545865e-03,-2.778571e+01,6.545112e-03,-2.796908e+01,9.288838e-01,-1.782970e+02
208.92961,9.645925e-01,-1.799746e+02,6.387745e-03,-2.994815e+01,6.387006e-03,-3.011535e+01,9.312118e-01,-1.782270e+02
229.08677,9.646235e-01,-1.799734e+02,6.212050e-03,-3.218552e+01,6.211328e-03,-3.233797e+01,9.337253e-01,-1.781670e+02
251.18864,9.646566e-01,-1.799724e+02,6.018917e-03,-3.448202e+01,6.018214e-03,-3.462101e+01,9.363998e-01,-1.781193e+02
275.42287,9.646913e-01,-1.799714e+02,5.809037e-03,-3.681882e+01,5.808356e-03,-3.694554e+01,9.392023e-01,-1.780856e+02
301.99517,9.647273e-01,-1.799706e+02,5.583692e-03,-3.917451e+01,5.583036e-03,-3.929003e+01,9.420918e-01,-1.780673e+02
331.13112,9.647639e-01,-1.799700e+02,5.344742e-03,-4.152570e+01,5.344113e-03,-4.163100e+01,9.450217e-01,-1.780651e+02
363.07805,9.648005e-01,-1.799695e+02,5.094560e-03,-4.384785e+01,5.093959e-03,-4.394383e+01,9.479431e-01,-1.780793e+02
398.10717,9.648365e-01,-1.799691e+02,4.835922e-03,-4.611618e+01,4.835351e-03,-4.620365e+01,9.508072e-01,-1.781091e+02
436.51583,9.648713e-01,-1.799688e+02,4.571861e-03,-4.830656e+01,4.571321e-03,-4.838626e+01,9.535693e-01,-1.781535e+02
478.63009,9.649045e-01,-1.799687e+02,4.305506e-03,-5.039631e+01,4.304996e-03,-5.046892e+01,9.561909e-01,-1.782106e+02
524.80746,9.649356e-01,-1.799686e+02,4.039915e-03,-5.236483e+01,4.039437e-03,-5.243097e+01,9.586418e-01,-1.782785e+02
575.43994,9.649645e-01,-1.799685e+02,3.777938e-03,-5.419406e+01,3.777492e-03,-5.425429e+01,9.609009e-01,-1.783548e+02
630.95734,9.649908e-01,-1.799684e+02,3.522106e-03,-5.586865e+01,3.521690e-03,-5.592347e+01,9.629564e-01,-1.784373e+02
691.83097,9.650146e-01,-1.799683e+02,3.274555e-03,-5.737595e+01,3.274169e-03,-5.742584e+01,9.648044e-01,-1.785239e+02
758.57758,9.650358e-01,-1.799681e+02,3.036999e-03,-5.870583e+01,3.036641e-03,-5.875121e+01,9.664483e-01,-1.786126e+02
831.76377,9.650547e-01,-1.799678e+02,2.810725e-03,-5.985037e+01,2.810394e-03,-5.989161e+01,9.678967e-01,-1.787016e+02
912.01084,9.650714e-01,-1.799673e+02,2.596619e-03,-6.080344e+01,2.596314e-03,-6.084091e+01,9.691623e-01,-1.787895e+02
1000.00000,9.650860e-01,-1.799667e+02,2.395212e-03,-6.156032e+01,2.394931e-03,-6.159433e+01,9.702600e-01,-1.788752e+02
1096.47820,9.650988e-01,-1.799659e+02,2.206726e-03,-6.211725e+01,2.206468e-03,-6.214810e+01,9.712061e-01,-1.789578e+02
1202.26443,9.651099e-01,-1.799648e+02,2.031134e-03,-6.247106e+01,2.030897e-03,-6.249900e+01,9.720170e-01,-1.790368e+02
1318.25674,9.651198e-01,-1.799635e+02,1.868211e-03,-6.261881e+01,1.867994e-03,-6.264409e+01,9.727088e-01,-1.791116e+02
1445.43977,9.651285e-01,-1.799620e+02,1.717582e-03,-6.255754e+01,1.717385e-03,-6.258037e+01,9.732967e-01,-1.791821e+02
1584.89319,9.651363e-01,-1.799601e+02,1.578768e-03,-6.228402e+01,1.578587e-03,-6.230460e+01,9.737945e-01,-1.792481e+02
1737.80083,9.651433e-01,-1.799580e+02,1.451216e-03,-6.179460e+01,1.451051e-03,-6.181310e+01,9.742148e-01,-1.793097e+02
1905.46072,9.651499e-01,-1.799555e+02,1.334333e-03,-6.108512e+01,1.334184e-03,-6.110171e+01,9.745689e-01,-1.793669e+02
2089.29613,9.651561e-01,-1.799526e+02,1.227508e-03,-6.015092e+01,1.227372e-03,-6.016575e+01,9.748665e-01,-1.794199e+02
2290.86765,9.651622e-01,-1.799493e+02,1.130127e-03,-5.898684e+01,1.130004e-03,-5.900004e+01,9.751162e-01,-1.794689e+02
2511.88643,9.651683e-01,-1.799457e+02,1.041592e-03,-5.758737e+01,1.041480e-03,-5.759906e+01,9.753254e-01,-1.795140e+02
2754.22870,9.651747e-01,-1.799416e+02,9.613236e-04,-5.594687e+01,9.612230e-04,-5.595716e+01,9.755006e-01,-1.795555e+02
3019.95172,9.651816e-01,-1.799370e+02,8.887745e-04,-5.405981e+01,8.886838e-04,-5.406881e+01,9.756470e-01,-1.795937e+02
3311.31121,9.651892e-01,-1.799318e+02,8.234296e-04,-5.192123e+01,8.233481e-04,-5.192902e+01,9.757693e-01,-1.796287e+02
3630.78055,9.651977e-01,-1.799261e+02,7.648106e-04,-4.952714e+01,7.647376e-04,-4.953383e+01,9.758714e-01,-1.796608e+02
3981.07171,9.652074e-01,-1.799198e+02,7.124770e-04,-4.687520e+01,7.124118e-04,-4.688087e+01,9.759566e-01,-1.796902e+02
4365.15832,9.652188e-01,-1.799128e+02,6.660267e-04,-4.396530e+01,6.659687e-04,-4.397003e+01,9.760276e-01,-1.797172e+02
4786.30092,9.652320e-01,-1.799051e+02,6.250958e-04,-4.080038e+01,6.250445e-04,-4.080426e+01,9.760868e-01,-1.797418e+02
5248.07460,9.652477e-01,-1.798966e+02,5.893581e-04,-3.738717e+01,5.893129e-04,-3.739027e+01,9.761362e-01,-1.797643e+02
5754.39937,9.652662e-01,-1.798872e+02,5.585240e-04,-3.373695e+01,5.584844e-04,-3.373936e+01,9.761773e-01,-1.797848e+02
6309.57344,9.652883e-01,-1.798769e+02,5.323397e-04,-2.986624e+01,5.323053e-04,-2.986804e+01,9.762116e-01,-1.798036e+02
6918.30971,9.653147e-01,-1.798656e+02,5.105858e-04,-2.579727e+01,5.105561e-04,-2.579855e+01,9.762401e-01,-1.798207e+02
7585.77575,9.653462e-01,-1.798532e+02,4.930766e-04,-2.155826e+01,4.930511e-04,-2.155909e+01,9.762639e-01,-1.798364e+02
8317.63771,9.653839e-01,-1.798396e+02,4.796586e-04,-1.718326e+01,4.796369e-04,-1.718373e+01,9.762837e-01,-1.798507e+02
9120.10839,9.654290e-01,-1.798247e+02,4.702100e-04,-1.271169e+01,4.701917e-04,-1.271187e+01,9.763003e-01,-1.798637e+02
10000.00000,9.654829e-01,-1.798084e+02,4.646389e-04,-8.187377e+00,4.646236e-04,-8.187345e+00,9.763141e-01,-1.798756e+02
