! ! 
! S ! 
! ! 
! # MHz  S  MA  R  50.00000
! ! ===================================================================
1.00000,9.643459e-01,-1.799809e+02,6.519784e-03,3.246908e+01,7.486756e-03,5.164506e-01,9.081063e-01,-1.794611e+02
1.09648,9.643490e-01,-1.799824e+02,6.662599e-03,2.999887e+01,7.493637e-03,4.685378e-01,9.087173e-01,-1.794861e+02
1.20226,9.643517e-01,-1.799838e+02,6.788853e-03,2.765851e+01,7.499837e-03,4.170133e-01,9.092681e-01,-1.795122e+02
1.31826,9.643542e-01,-1.799852e+02,6.899543e-03,2.545167e+01,7.505361e-03,3.625950e-01,9.097593e-01,-1.795390e+02
1.44544,9.643563e-01,-1.799864e+02,6.995872e-03,2.337947e+01,7.510235e-03,3.058838e-01,9.101930e-01,-1.795657e+02
1.58489,9.643582e-01,-1.799875e+02,7.079155e-03,2.144081e+01,7.514497e-03,2.473465e-01,9.105728e-01,-1.795920e+02
1.73780,9.643599e-01,-1.799885e+02,7.150745e-03,1.963276e+01,7.518195e-03,1.873106e-01,9.109029e-01,-1.796175e+02
1.90546,9.643613e-01,-1.799895e+02,7.211976e-03,1.795092e+01,7.521380e-03,1.259676e-01,9.111878e-01,-1.796419e+02
2.08930,9.643625e-01,-1.799903e+02,7.264120e-03,1.638984e+01,7.524106e-03,6.338248e-02,9.114325e-01,-1.796649e+02
2.29087,9.643636e-01,-1.799911e+02,7.308360e-03,1.494325e+01,7.526424e-03,-4.941932e-04,9.116416e-01,-1.796865e+02
2.51189,9.643645e-01,-1.799918e+02,7.345771e-03,1.360442e+01,7.528386e-03,-6.581364e-02,9.118196e-01,-1.797064e+02
2.75423,9.643653e-01,-1.799924e+02,7.377319e-03,1.236630e+01,7.530035e-03,-1.328163e-01,9.119707e-01,-1.797247e+02
3.01995,9.643659e-01,-1.799930e+02,7.403857e-03,1.122179e+01,7.531412e-03,-2.018212e-01,9.120987e-01,-1.797413e+02
3.31131,9.643664e-01,-1.799935e+02,7.426132e-03,1.016380e+01,7.532554e-03,-2.732167e-01,9.122068e-01,-1.797561e+02
3.63078,9.643669e-01,-1.799940e+02,7.444792e-03,9.185387e+00,7.533492e-03,-3.474542e-01,9.122982e-01,-1.797693e+02
3.98107,9.643673e-01,-1.799944e+02,7.460393e-03,8.279815e+00,7.534251e-03,-4.250428e-01,9.123753e-01,-1.797809e+02
4.36516,9.643677e-01,-1.799948e+02,7.473412e-03,7.440609e+00,7.534854e-03,-5.065472e-01,9.124406e-01,-1.797908e+02
4.78630,9.643679e-01,-1.799951e+02,7.484253e-03,6.661573e+00,7.535319e-03,-5.925862e-01,9.124959e-01,-1.797991e+02
5.24807,9.643682e-01,-1.799954e+02,7.493258e-03,5.936806e+00,7.535659e-03,-6.838335e-01,9.125430e-01,-1.798058e+02
5.75440,9.643684e-01,-1.799956e+02,7.500715e-03,5.260702e+00,7.535885e-03,-7.810195e-01,9.125834e-01,-1.798110e+02
6.30957,9.643686e-01,-1.799958e+02,7.506865e-03,4.627937e+00,7.536004e-03,-8.849347e-01,9.126184e-01,-1.798146e+02
6.91831,9.643688e-01,-1.799960e+02,7.511907e-03,4.033459e+00,7.536018e-03,-9.964340e-01,9.126490e-01,-1.798168e+02
7.58578,9.643690e-01,-1.799962e+02,7.516008e-03,3.472465e+00,7.535928e-03,-1.116442e+00,9.126763e-01,-1.798174e+02
8.31764,9.643692e-01,-1.799963e+02,7.519302e-03,2.940383e+00,7.535731e-03,-1.245958e+00,9.127012e-01,-1.798166e+02
9.12011,9.643693e-01,-1.799964e+02,7.521898e-03,2.432838e+00,7.535420e-03,-1.386066e+00,9.127246e-01,-1.798142e+02
10.00000,9.643695e-01,-1.799964e+02,7.523882e-03,1.945637e+00,7.534984e-03,-1.537941e+00,9.127471e-01,-1.798102e+02
10.96478,9.643697e-01,-1.799964e+02,7.525322e-03,1.474732e+00,7.534408e-03,-1.702856e+00,9.127696e-01,-1.798047e+02
12.02264,9.643699e-01,-1.799964e+02,7.526264e-03,1.016200e+00,7.533672e-03,-1.882195e+00,9.127928e-01,-1.797975e+02
13.18257,9.643702e-01,-1.799964e+02,7.526740e-03,5.662085e-01,7.532752e-03,-2.077461e+00,9.128175e-01,-1.797886e+02
14.45440,9.643705e-01,-1.799963e+02,7.526767e-03,1.209941e-01,7.531617e-03,-2.290290e+00,9.128445e-01,-1.797780e+02
15.84893,9.643708e-01,-1.799962e+02,7.526345e-03,-3.231700e-01,7.530228e-03,-2.522460e+00,9.128747e-01,-1.797655e+02
17.37801,9.643712e-01,-1.799961e+02,7.525459e-03,-7.699995e-01,7.528538e-03,-2.775906e+00,9.129092e-01,-1.797511e+02
19.05461,9.643717e-01,-1.799959e+02,7.524081e-03,-1.223227e+00,7.526491e-03,-3.052734e+00,9.129491e-01,-1.797345e+02
20.89296,9.643722e-01,-1.799957e+02,7.522164e-03,-1.686628e+00,7.524017e-03,-3.355231e+00,9.129957e-01,-1.797158e+02
22.90868,9.643728e-01,-1.799954e+02,7.519645e-03,-2.164050e+00,7.521035e-03,-3.685889e+00,9.130507e-01,-1.796948e+02
25.11886,9.643736e-01,-1.799952e+02,7.516440e-03,-2.659436e+00,7.517444e-03,-4.047409e+00,9.131157e-01,-1.796712e+02
27.54229,9.643745e-01,-1.799949e+02,7.512441e-03,-3.176850e+00,7.513126e-03,-4.442726e+00,9.131930e-01,-1.796450e+02
30.19952,9.643756e-01,-1.799945e+02,7.507519e-03,-3.720503e+00,7.507938e-03,-4.875016e+00,9.132850e-01,-1.796160e+02
33.11311,9.643770e-01,-1.799941e+02,7.501511e-03,-4.294775e+00,7.501708e-03,-5.347717e+00,9.133949e-01,-1.795838e+02
36.30781,9.643785e-01,-1.799936e+02,7.494221e-03,-4.904230e+00,7.494234e-03,-5.864533e+00,9.135260e-01,-1.795485e+02
39.81072,9.643804e-01,-1.799931e+02,7.485414e-03,-5.553640e+00,7.485275e-03,-6.429451e+00,9.136826e-01,-1.795097e+02
43.65158,9.643827e-01,-1.799926e+02,7.474807e-03,-6.247990e+00,7.474542e-03,-7.046740e+00,9.138695e-01,-1.794672e+02
47.86301,9.643854e-01,-1.799920e+02,7.462067e-03,-6.992485e+00,7.461697e-03,-7.720953e+00,9.140926e-01,-1.794208e+02
52.48075,9.643886e-01,-1.799913e+02,7.446796e-03,-7.792547e+00,7.446340e-03,-8.456914e+00,9.143585e-01,-1.793703e+02
57.54399,9.643924e-01,-1.799906e+02,7.428527e-03,-8.653796e+00,7.427999e-03,-9.259700e+00,9.146750e-01,-1.793156e+02
63.09573,9.643970e-01,-1.799898e+02,7.406713e-03,-9.582022e+00,7.406127e-03,-1.013461e+01,9.150511e-01,-1.792564e+02
69.18310,9.644024e-01,-1.799889e+02,7.380717e-03,-1.058313e+01,7.380083e-03,-1.108708e+01,9.154972e-01,-1.791928e+02
75.85776,9.644088e-01,-1.799880e+02,7.349805e-03,-1.166307e+01,7.349133e-03,-1.212267e+01,9.160249e-01,-1.791246e+02
83.17638,9.644163e-01,-1.799870e+02,7.313137e-03,-1.282772e+01,7.312434e-03,-1.324687e+01,9.166472e-01,-1.790519e+02
91.20108,9.644252e-01,-1.799859e+02,7.269759e-03,-1.408276e+01,7.269032e-03,-1.446501e+01,9.173786e-01,-1.789750e+02
100.00000,9.644356e-01,-1.799848e+02,7.218608e-03,-1.543347e+01,7.217863e-03,-1.578208e+01,9.182345e-01,-1.788942e+02
109.64782,9.644477e-01,-1.799836e+02,7.158513e-03,-1.688453e+01,7.157755e-03,-1.720244e+01,9.192311e-01,-1.788101e+02
120.22644,9.644618e-01,-1.799824e+02,7.088211e-03,-1.843968e+01,7.087445e-03,-1.872960e+01,9.203849e-01,-1.787235e+02
131.82567,9.644779e-01,-1.799811e+02,7.006372e-03,-2.010146e+01,7.005602e-03,-2.036585e+01,9.217118e-01,-1.786354e+02
144.54398,9.644964e-01,-1.799798e+02,6.911641e-03,-2.187079e+01,6.910870e-03,-2.211189e+01,9.232260e-01,-1.785472e+02
158.48932,9.645174e-01,-1.799784e+02,6.802691e-03,-2.374659e+01,6.801924e-03,-2.396645e+01,9.249390e-01,-1.784605e+02
173.78008,9.645409e-01,-1.799771e+02,6.678300e-03,-2.572538e+01,6.677540e-03,-2.592587e+01,9.268576e-01,-1.783773e+02
190.54607,9.645670e-01,-1.799758e+02,6.537438e-03,-2.780090e+01,6.536688e-03,-2.798371e+01,9.289828e-01,-1.782996e+02
208.92961,9.645956e-01,-1.799746e+02,6.379366e-03,-2.996381e+01,6.378630e-03,-3.013050e+01,9.313081e-01,-1.782297e+02
229.08677,9.646266e-01,-1.799734e+02,6.203738e-03,-3.220153e+01,6.203018e-03,-3.235352e+01,9.338184e-01,-1.781700e+02
251.18864,9.646597e-01,-1.799724e+02,6.010694e-03,-3.449825e+01,6.009993e-03,-3.463683e+01,9.364893e-01,-1.781224e+02
275.42287,9.646944e-01,-1.799714e+02,5.800929e-03,-3.683513e+01,5.800250e-03,-3.696147e+01,9.392876e-01,-1.780889e+02
301.99517,9.647304e-01,-1.799706e+02,5.575728e-03,-3.919070e+01,5.575074e-03,-3.930588e+01,9.421725e-01,-1.780707e+02
331.13112,9.647669e-01,-1.799700e+02,5.336954e-03,-4.154159e+01,5.336326e-03,-4.164657e+01,9.450975e-01,-1.780687e+02
363.07805,9.648035e-01,-1.799695e+02,5.086979e-03,-4.386324e+01,5.086380e-03,-4.395892e+01,9.480135e-01,-1.780829e+02
398.10717,9.648395e-01,-1.799691e+02,4.828579e-03,-4.613087e+01,4.828010e-03,-4.621808e+01,9.508720e-01,-1.781128e+02
436.51583,9.648743e-01,-1.799688e+02,4.564786e-03,-4.832037e+01,4.564248e-03,-4.839983e+01,9.536284e-01,-1.781572e+02
478.63009,9.649074e-01,-1.799687e+02,4.298724e-03,-5.040905e+01,4.298217e-03,-5.048144e+01,9.562443e-01,-1.782143e+02
524.80746,9.649385e-01,-1.799686e+02,4.033449e-03,-5.237634e+01,4.032972e-03,-5.244228e+01,9.586896e-01,-1.782821e+02
575.43994,9.649673e-01,-1.799685e+02,3.771803e-03,-5.420420e+01,3.771358e-03,-5.426424e+01,9.609434e-01,-1.783583e+02
630.95734,9.649936e-01,-1.799684e+02,3.516313e-03,-5.587729e+01,3.515898e-03,-5.593194e+01,9.629938e-01,-1.784408e+02
691.83097,9.650174e-01,-1.799683e+02,3.269109e-03,-5.738298e+01,3.268724e-03,-5.743271e+01,9.648371e-01,-1.785272e+02
758.57758,9.650386e-01,-1.799681e+02,3.031900e-03,-5.871115e+01,3.031543e-03,-5.875638e+01,9.664767e-01,-1.786157e+02
831.76377,9.650575e-01,-1.799678e+02,2.805968e-03,-5.985389e+01,2.805638e-03,-5.989501e+01,9.679212e-01,-1.787045e+02
912.01084,9.650741e-01,-1.799673e+02,2.592197e-03,-6.080510e+01,2.591893e-03,-6.084246e+01,9.691833e-01,-1.787923e+02
1000.00000,9.650887e-01,-1.799667e+02,2.391112e-03,-6.156005e+01,2.390833e-03,-6.159396e+01,9.702780e-01,-1.788778e+02
1096.47820,9.651014e-01,-1.799659e+02,2.202936e-03,-6.211499e+01,2.202679e-03,-6.214574e+01,9.712214e-01,-1.789603e+02
1202.26443,9.651126e-01,-1.799648e+02,2.027638e-03,-6.246674e+01,2.027403e-03,-6.249460e+01,9.720300e-01,-1.790390e+02
1318.25674,9.651224e-01,-1.799635e+02,1.864993e-03,-6.261237e+01,1.864778e-03,-6.263757e+01,9.727198e-01,-1.791137e+02
1445.43977,9.651311e-01,-1.799620e+02,1.714626e-03,-6.254891e+01,1.714429e-03,-6.257166e+01,9.733060e-01,-1.791840e+02
1584.89319,9.651389e-01,-1.799601e+02,1.576056e-03,-6.227311e+01,1.575876e-03,-6.229363e+01,9.738023e-01,-1.792499e+02
1737.80083,9.651459e-01,-1.799580e+02,1.448732e-03,-6.178134e+01,1.448568e-03,-6.179979e+01,9.742214e-01,-1.793113e+02
1905.46072,9.651525e-01,-1.799555e+02,1.332061e-03,-6.106943e+01,1.331912e-03,-6.108597e+01,9.745744e-01,-1.793684e+02
2089.29613,9.651587e-01,-1.799526e+02,1.225432e-03,-6.013271e+01,1.225297e-03,-6.014748e+01,9.748711e-01,-1.794213e+02
2290.86765,9.651648e-01,-1.799493e+02,1.128234e-03,-5.896601e+01,1.128111e-03,-5.897916e+01,9.751201e-01,-1.794701e+02
2511.88643,9.651709e-01,-1.799457e+02,1.039866e-03,-5.756384e+01,1.039755e-03,-5.757549e+01,9.753287e-01,-1.795152e+02
2754.22870,9.651773e-01,-1.799416e+02,9.597534e-04,-5.592055e+01,9.596531e-04,-5.593080e+01,9.755033e-01,-1.795566e+02
3019.95172,9.651842e-01,-1.799370e+02,8.873472e-04,-5.403063e+01,8.872568e-04,-5.403959e+01,9.756493e-01,-1.795947e+02
3311.31121,9.651917e-01,-1.799318e+02,8.221339e-04,-5.188912e+01,8.220528e-04,-5.189689e+01,9.757712e-01,-1.796296e+02
3630.78055,9.652003e-01,-1.799261e+02,7.636362e-04,-4.949208e+01,7.635634e-04,-4.949874e+01,9.758730e-01,-1.796617e+02
3981.07171,9.652100e-01,-1.799198e+02,7.114142e-04,-4.683717e+01,7.113492e-04,-4.684281e+01,9.759579e-01,-1.796910e+02
4365.15832,9.652213e-01,-1.799128e+02,6.650666e-04,-4.392435e+01,6.650088e-04,-4.392906e+01,9.760287e-01,-1.797178e+02
4786.30092,9.652346e-01,-1.799051e+02,6.242303e-04,-4.075659e+01,6.241791e-04,-4.076045e+01,9.760878e-01,-1.797424e+02
5248.07460,9.652503e-01,-1.798965e+02,5.885795e-04,-3.734069e+01,5.885345e-04,-3.734377e+01,9.761370e-01,-1.797648e+02
5754.39937,9.652688e-01,-1.798872e+02,5.578255e-04,-3.368798e+01,5.577861e-04,-3.369038e+01,9.761780e-01,-1.797853e+02
6309.57344,9.652909e-01,-1.798769e+02,5.317148e-04,-2.981506e+01,5.316805e-04,-2.981685e+01,9.762121e-01,-1.798041e+02
6918.30971,9.653173e-01,-1.798656e+02,5.100285e-04,-2.574424e+01,5.099989e-04,-2.574551e+01,9.762406e-01,-1.798212e+02
7585.77575,9.653488e-01,-1.798531e+02,4.925814e-04,-2.150379e+01,4.925560e-04,-2.150461e+01,9.762643e-01,-1.798368e+02
8317.63771,9.653865e-01,-1.798395e+02,4.792206e-04,-1.712781e+01,4.791990e-04,-1.712827e+01,9.762841e-01,-1.798510e+02
9120.10839,9.654316e-01,-1.798246e+02,4.698244e-04,-1.265575e+01,4.698062e-04,-1.265592e+01,9.763006e-01,-1.798640e+02
10000.00000,9.654856e-01,-1.798084e+02,4.643015e-04,-8.131476e+00,4.642863e-04,-8.131441e+00,9.763144e-01,-1.798759e+02
