! ! 
! S ! 
! ! 
! # MHz  S  MA  R  50.00000
! ! ===================================================================
1.00000,9.643439e-01,-1.799809e+02,6.528897e-03,3.247687e+01,7.497174e-03,5.170777e-01,9.079788e-01,-1.794593e+02
1.09648,9.643469e-01,-1.799824e+02,6.671909e-03,3.000600e+01,7.504070e-03,4.691461e-01,9.085918e-01,-1.794843e+02
1.20226,9.643497e-01,-1.799838e+02,6.798337e-03,2.766505e+01,7.510283e-03,4.176023e-01,9.091445e-01,-1.795106e+02
1.31826,9.643521e-01,-1.799852e+02,6.909181e-03,2.545767e+01,7.515819e-03,3.631650e-01,9.096374e-01,-1.795374e+02
1.44544,9.643543e-01,-1.799864e+02,7.005644e-03,2.338497e+01,7.520704e-03,3.064357e-01,9.100727e-01,-1.795642e+02
1.58489,9.643562e-01,-1.799875e+02,7.089042e-03,2.144586e+01,7.524975e-03,2.478817e-01,9.104538e-01,-1.795906e+02
1.73780,9.643578e-01,-1.799885e+02,7.160732e-03,1.963740e+01,7.528680e-03,1.878309e-01,9.107850e-01,-1.796162e+02
1.90546,9.643593e-01,-1.799894e+02,7.222048e-03,1.795519e+01,7.531872e-03,1.264753e-01,9.110709e-01,-1.796407e+02
2.08930,9.643605e-01,-1.799903e+02,7.274265e-03,1.639377e+01,7.534604e-03,6.388021e-02,9.113165e-01,-1.796638e+02
2.29087,9.643616e-01,-1.799911e+02,7.318566e-03,1.494687e+01,7.536928e-03,-3.597799e-06,9.115263e-01,-1.796854e+02
2.51189,9.643624e-01,-1.799918e+02,7.356030e-03,1.360775e+01,7.538893e-03,-6.532708e-02,9.117049e-01,-1.797054e+02
2.75423,9.643632e-01,-1.799924e+02,7.387622e-03,1.236939e+01,7.540546e-03,-1.323305e-01,9.118566e-01,-1.797238e+02
3.01995,9.643639e-01,-1.799930e+02,7.414197e-03,1.122465e+01,7.541926e-03,-2.013327e-01,9.119849e-01,-1.797404e+02
3.31131,9.643644e-01,-1.799935e+02,7.436503e-03,1.016646e+01,7.543071e-03,-2.727219e-01,9.120934e-01,-1.797554e+02
3.63078,9.643649e-01,-1.799940e+02,7.455189e-03,9.187864e+00,7.544011e-03,-3.469491e-01,9.121851e-01,-1.797686e+02
3.98107,9.643653e-01,-1.799944e+02,7.470812e-03,8.282133e+00,7.544772e-03,-4.245236e-01,9.122625e-01,-1.797802e+02
4.36516,9.643656e-01,-1.799948e+02,7.483850e-03,7.442787e+00,7.545376e-03,-5.060097e-01,9.123280e-01,-1.797901e+02
4.78630,9.643659e-01,-1.799951e+02,7.494706e-03,6.663629e+00,7.545842e-03,-5.920260e-01,9.123835e-01,-1.797985e+02
5.24807,9.643662e-01,-1.799954e+02,7.503724e-03,5.938759e+00,7.546184e-03,-6.832459e-01,9.124308e-01,-1.798053e+02
5.75440,9.643664e-01,-1.799956e+02,7.511192e-03,5.262566e+00,7.546410e-03,-7.803997e-01,9.124713e-01,-1.798105e+02
6.30957,9.643666e-01,-1.799958e+02,7.517350e-03,4.629729e+00,7.546530e-03,-8.842776e-01,9.125064e-01,-1.798142e+02
6.91831,9.643668e-01,-1.799960e+02,7.522400e-03,4.035194e+00,7.546544e-03,-9.957340e-01,9.125371e-01,-1.798163e+02
7.58578,9.643670e-01,-1.799962e+02,7.526507e-03,3.474158e+00,7.546455e-03,-1.115693e+00,9.125645e-01,-1.798170e+02
8.31764,9.643671e-01,-1.799963e+02,7.529806e-03,2.942048e+00,7.546259e-03,-1.245154e+00,9.125895e-01,-1.798161e+02
9.12011,9.643673e-01,-1.799964e+02,7.532406e-03,2.434489e+00,7.545947e-03,-1.385201e+00,9.126129e-01,-1.798138e+02
10.00000,9.643675e-01,-1.799964e+02,7.534394e-03,1.947288e+00,7.545511e-03,-1.537006e+00,9.126354e-01,-1.798098e+02
10.96478,9.643677e-01,-1.799964e+02,7.535836e-03,1.476397e+00,7.544935e-03,-1.701844e+00,9.126580e-01,-1.798043e+02
12.02264,9.643679e-01,-1.799964e+02,7.536781e-03,1.017892e+00,7.544200e-03,-1.881098e+00,9.126812e-01,-1.797971e+02
13.18257,9.643682e-01,-1.799964e+02,7.537259e-03,5.679435e-01,7.543280e-03,-2.076269e+00,9.127059e-01,-1.797882e+02
14.45440,9.643684e-01,-1.799963e+02,7.537287e-03,1.227859e-01,7.542144e-03,-2.288994e+00,9.127330e-01,-1.797776e+02
15.84893,9.643688e-01,-1.799962e+02,7.536865e-03,-3.213064e-01,7.540755e-03,-2.521049e+00,9.127633e-01,-1.797651e+02
17.37801,9.643692e-01,-1.799961e+02,7.535981e-03,-7.680485e-01,7.539065e-03,-2.774368e+00,9.127978e-01,-1.797506e+02
19.05461,9.643696e-01,-1.799959e+02,7.534603e-03,-1.221172e+00,7.537017e-03,-3.051055e+00,9.128377e-01,-1.797341e+02
20.89296,9.643702e-01,-1.799957e+02,7.532687e-03,-1.684453e+00,7.534543e-03,-3.353399e+00,9.128844e-01,-1.797154e+02
22.90868,9.643708e-01,-1.799954e+02,7.530167e-03,-2.161736e+00,7.531560e-03,-3.683888e+00,9.129393e-01,-1.796943e+02
25.11886,9.643716e-01,-1.799952e+02,7.526961e-03,-2.656964e+00,7.527968e-03,-4.045223e+00,9.130044e-01,-1.796707e+02
27.54229,9.643725e-01,-1.799949e+02,7.522963e-03,-3.174201e+00,7.523649e-03,-4.440337e+00,9.130818e-01,-1.796445e+02
30.19952,9.643736e-01,-1.799945e+02,7.518039e-03,-3.717656e+00,7.518459e-03,-4.872406e+00,9.131739e-01,-1.796154e+02
33.11311,9.643749e-01,-1.799941e+02,7.512029e-03,-4.291706e+00,7.512228e-03,-5.344864e+00,9.132838e-01,-1.795833e+02
36.30781,9.643765e-01,-1.799936e+02,7.504738e-03,-4.900916e+00,7.504752e-03,-5.861417e+00,9.134150e-01,-1.795479e+02
39.81072,9.643784e-01,-1.799931e+02,7.495928e-03,-5.550055e+00,7.495790e-03,-6.426047e+00,9.135717e-01,-1.795090e+02
43.65158,9.643806e-01,-1.799926e+02,7.485319e-03,-6.244108e+00,7.485054e-03,-7.043023e+00,9.137588e-01,-1.794665e+02
47.86301,9.643833e-01,-1.799920e+02,7.472575e-03,-6.988278e+00,7.472206e-03,-7.716896e+00,9.139820e-01,-1.794200e+02
52.48075,9.643866e-01,-1.799913e+02,7.457300e-03,-7.787985e+00,7.456844e-03,-8.452489e+00,9.142481e-01,-1.793695e+02
57.54399,9.643904e-01,-1.799906e+02,7.439025e-03,-8.648850e+00,7.438497e-03,-9.254878e+00,9.145648e-01,-1.793147e+02
63.09573,9.643949e-01,-1.799898e+02,7.417204e-03,-9.576659e+00,7.416618e-03,-1.012936e+01,9.149412e-01,-1.792554e+02
69.18310,9.644003e-01,-1.799889e+02,7.391200e-03,-1.057732e+01,7.390566e-03,-1.108138e+01,9.153876e-01,-1.791917e+02
75.85776,9.644067e-01,-1.799880e+02,7.360278e-03,-1.165678e+01,7.359605e-03,-1.211647e+01,9.159157e-01,-1.791234e+02
83.17638,9.644143e-01,-1.799870e+02,7.323596e-03,-1.282092e+01,7.322893e-03,-1.324015e+01,9.165386e-01,-1.790506e+02
91.20108,9.644232e-01,-1.799859e+02,7.280203e-03,-1.407542e+01,7.279475e-03,-1.445775e+01,9.172705e-01,-1.789736e+02
100.00000,9.644336e-01,-1.799848e+02,7.229032e-03,-1.542557e+01,7.228286e-03,-1.577425e+01,9.181271e-01,-1.788927e+02
109.64782,9.644457e-01,-1.799836e+02,7.168912e-03,-1.687604e+01,7.168153e-03,-1.719402e+01,9.191246e-01,-1.788084e+02
120.22644,9.644597e-01,-1.799824e+02,7.098579e-03,-1.843060e+01,7.097812e-03,-1.872058e+01,9.202794e-01,-1.787217e+02
131.82567,9.644759e-01,-1.799811e+02,7.016701e-03,-2.009178e+01,7.015930e-03,-2.035622e+01,9.216076e-01,-1.786334e+02
144.54398,9.644944e-01,-1.799798e+02,6.921921e-03,-2.186051e+01,6.921150e-03,-2.210167e+01,9.231233e-01,-1.785451e+02
158.48932,9.645154e-01,-1.799784e+02,6.812911e-03,-2.373575e+01,6.812143e-03,-2.395565e+01,9.248380e-01,-1.784582e+02
173.78008,9.645389e-01,-1.799771e+02,6.688445e-03,-2.571400e+01,6.687684e-03,-2.591453e+01,9.267588e-01,-1.783748e+02
190.54607,9.645650e-01,-1.799758e+02,6.547490e-03,-2.778904e+01,6.546740e-03,-2.797190e+01,9.288865e-01,-1.782970e+02
208.92961,9.645936e-01,-1.799746e+02,6.389305e-03,-2.995156e+01,6.388568e-03,-3.011829e+01,9.312147e-01,-1.782269e+02
229.08677,9.646247e-01,-1.799734e+02,6.213540e-03,-3.218899e+01,6.212819e-03,-3.234101e+01,9.337283e-01,-1.781670e+02
251.18864,9.646577e-01,-1.799723e+02,6.020331e-03,-3.448553e+01,6.019630e-03,-3.462414e+01,9.364030e-01,-1.781192e+02
275.42287,9.646925e-01,-1.799714e+02,5.810373e-03,-3.682237e+01,5.809694e-03,-3.694873e+01,9.392055e-01,-1.780856e+02
301.99517,9.647285e-01,-1.799706e+02,5.584947e-03,-3.917806e+01,5.584293e-03,-3.929326e+01,9.420950e-01,-1.780673e+02
331.13112,9.647651e-01,-1.799700e+02,5.345916e-03,-4.152923e+01,5.345288e-03,-4.163423e+01,9.450250e-01,-1.780652e+02
363.07805,9.648017e-01,-1.799694e+02,5.095652e-03,-4.385133e+01,5.095052e-03,-4.394704e+01,9.479462e-01,-1.780794e+02
398.10717,9.648377e-01,-1.799691e+02,4.836933e-03,-4.611959e+01,4.836364e-03,-4.620681e+01,9.508102e-01,-1.781092e+02
436.51583,9.648726e-01,-1.799688e+02,4.572795e-03,-4.830988e+01,4.572256e-03,-4.838935e+01,9.535721e-01,-1.781536e+02
478.63009,9.649058e-01,-1.799687e+02,4.306364e-03,-5.039951e+01,4.305856e-03,-5.047191e+01,9.561934e-01,-1.782107e+02
524.80746,9.649370e-01,-1.799686e+02,4.040703e-03,-5.236790e+01,4.040226e-03,-5.243384e+01,9.586440e-01,-1.782786e+02
575.43994,9.649658e-01,-1.799685e+02,3.778660e-03,-5.419698e+01,3.778214e-03,-5.425703e+01,9.609029e-01,-1.783549e+02
630.95734,9.649921e-01,-1.799684e+02,3.522765e-03,-5.587141e+01,3.522350e-03,-5.592607e+01,9.629581e-01,-1.784375e+02
691.83097,9.650159e-01,-1.799683e+02,3.275157e-03,-5.737854e+01,3.274772e-03,-5.742828e+01,9.648058e-01,-1.785241e+02
758.57758,9.650372e-01,-1.799681e+02,3.037549e-03,-5.870824e+01,3.037191e-03,-5.875349e+01,9.664494e-01,-1.786127e+02
831.76377,9.650561e-01,-1.799678e+02,2.811226e-03,-5.985260e+01,2.810896e-03,-5.989373e+01,9.678976e-01,-1.787017e+02
912.01084,9.650727e-01,-1.799673e+02,2.597077e-03,-6.080550e+01,2.596772e-03,-6.084286e+01,9.691629e-01,-1.787896e+02
1000.00000,9.650874e-01,-1.799667e+02,2.395629e-03,-6.156221e+01,2.395349e-03,-6.159612e+01,9.702604e-01,-1.788753e+02
1096.47820,9.651001e-01,-1.799659e+02,2.207106e-03,-6.211897e+01,2.206849e-03,-6.214973e+01,9.712063e-01,-1.789579e+02
1202.26443,9.651113e-01,-1.799648e+02,2.031481e-03,-6.247262e+01,2.031246e-03,-6.250048e+01,9.720170e-01,-1.790369e+02
1318.25674,9.651212e-01,-1.799635e+02,1.868528e-03,-6.262022e+01,1.868313e-03,-6.264543e+01,9.727087e-01,-1.791117e+02
1445.43977,9.651299e-01,-1.799620e+02,1.717873e-03,-6.255880e+01,1.717676e-03,-6.258157e+01,9.732964e-01,-1.791822e+02
1584.89319,9.651377e-01,-1.799601e+02,1.579034e-03,-6.228514e+01,1.578854e-03,-6.230566e+01,9.737941e-01,-1.792482e+02
1737.80083,9.651447e-01,-1.799579e+02,1.451460e-03,-6.179558e+01,1.451296e-03,-6.181403e+01,9.742144e-01,-1.793098e+02
1905.46072,9.651513e-01,-1.799554e+02,1.334557e-03,-6.108598e+01,1.334408e-03,-6.110252e+01,9.745683e-01,-1.793670e+02
2089.29613,9.651575e-01,-1.799526e+02,1.227714e-03,-6.015166e+01,1.227578e-03,-6.016644e+01,9.748659e-01,-1.794200e+02
2290.86765,9.651636e-01,-1.799493e+02,1.130317e-03,-5.898747e+01,1.130194e-03,-5.900063e+01,9.751155e-01,-1.794689e+02
2511.88643,9.651697e-01,-1.799457e+02,1.041767e-03,-5.758790e+01,1.041656e-03,-5.759955e+01,9.753247e-01,-1.795141e+02
2754.22870,9.651761e-01,-1.799416e+02,9.614855e-04,-5.594730e+01,9.613852e-04,-5.595756e+01,9.754998e-01,-1.795556e+02
3019.95172,9.651830e-01,-1.799369e+02,8.889247e-04,-5.406015e+01,8.888342e-04,-5.406912e+01,9.756462e-01,-1.795938e+02
3311.31121,9.651906e-01,-1.799318e+02,8.235693e-04,-5.192149e+01,8.234881e-04,-5.192926e+01,9.757685e-01,-1.796288e+02
3630.78055,9.651991e-01,-1.799261e+02,7.649410e-04,-4.952734e+01,7.648682e-04,-4.953401e+01,9.758705e-01,-1.796609e+02
3981.07171,9.652089e-01,-1.799198e+02,7.125992e-04,-4.687534e+01,7.125342e-04,-4.688099e+01,9.759557e-01,-1.796903e+02
4365.15832,9.652202e-01,-1.799128e+02,6.661417e-04,-4.396540e+01,6.660838e-04,-4.397011e+01,9.760267e-01,-1.797172e+02
4786.30092,9.652334e-01,-1.799051e+02,6.252045e-04,-4.080045e+01,6.251533e-04,-4.080431e+01,9.760859e-01,-1.797418e+02
5248.07460,9.652491e-01,-1.798966e+02,5.894615e-04,-3.738722e+01,5.894164e-04,-3.739031e+01,9.761353e-01,-1.797643e+02
5754.39937,9.652677e-01,-1.798872e+02,5.586228e-04,-3.373701e+01,5.585833e-04,-3.373941e+01,9.761764e-01,-1.797849e+02
6309.57344,9.652898e-01,-1.798769e+02,5.324346e-04,-2.986632e+01,5.324003e-04,-2.986811e+01,9.762106e-01,-1.798036e+02
6918.30971,9.653161e-01,-1.798656e+02,5.106776e-04,-2.579740e+01,5.106479e-04,-2.579867e+01,9.762392e-01,-1.798208e+02
7585.77575,9.653476e-01,-1.798531e+02,4.931659e-04,-2.155846e+01,4.931405e-04,-2.155929e+01,9.762630e-01,-1.798364e+02
8317.63771,9.653853e-01,-1.798395e+02,4.797461e-04,-1.718355e+01,4.797245e-04,-1.718401e+01,9.762828e-01,-1.798507e+02
9120.10839,9.654304e-01,-1.798247e+02,4.702962e-04,-1.271208e+01,4.702780e-04,-1.271226e+01,9.762993e-01,-1.798637e+02
10000.00000,9.654844e-01,-1.798084e+02,4.647244e-04,-8.187891e+00,4.647092e-04,-8.187859e+00,9.763131e-01,-1.798756e+02
