! ! 
! S ! 
! ! 
! # MHz  S  MA  R  50.00000
! ! ===================================================================
1.00000,9.643439e-01,-1.799809e+02,6.528181e-03,3.247745e+01,7.496352e-03,5.176624e-01,9.079888e-01,-1.794594e+02
1.09648,9.643470e-01,-1.799824e+02,6.671182e-03,3.000656e+01,7.503253e-03,4.697041e-01,9.086017e-01,-1.794844e+02
1.20226,9.643497e-01,-1.799838e+02,6.797602e-03,2.766558e+01,7.509470e-03,4.181323e-01,9.091543e-01,-1.795107e+02
1.31826,9.643522e-01,-1.799852e+02,6.908437e-03,2.545817e+01,7.515010e-03,3.636662e-01,9.096471e-01,-1.795375e+02
1.44544,9.643544e-01,-1.799864e+02,7.004893e-03,2.338545e+01,7.519898e-03,3.069080e-01,9.100823e-01,-1.795643e+02
1.58489,9.643563e-01,-1.799875e+02,7.088286e-03,2.144631e+01,7.524172e-03,2.483256e-01,9.104633e-01,-1.795907e+02
1.73780,9.643579e-01,-1.799885e+02,7.159971e-03,1.963781e+01,7.527880e-03,1.882472e-01,9.107944e-01,-1.796163e+02
1.90546,9.643593e-01,-1.799894e+02,7.221283e-03,1.795558e+01,7.531074e-03,1.268651e-01,9.110803e-01,-1.796408e+02
2.08930,9.643606e-01,-1.799903e+02,7.273497e-03,1.639413e+01,7.533808e-03,6.424507e-02,9.113258e-01,-1.796639e+02
2.29087,9.643616e-01,-1.799911e+02,7.317795e-03,1.494721e+01,7.536133e-03,3.378871e-04,9.115356e-01,-1.796855e+02
2.51189,9.643625e-01,-1.799918e+02,7.355256e-03,1.360807e+01,7.538100e-03,-6.500726e-02,9.117142e-01,-1.797055e+02
2.75423,9.643633e-01,-1.799924e+02,7.386846e-03,1.236969e+01,7.539754e-03,-1.320306e-01,9.118658e-01,-1.797238e+02
3.01995,9.643639e-01,-1.799930e+02,7.413420e-03,1.122493e+01,7.541136e-03,-2.010507e-01,9.119941e-01,-1.797405e+02
3.31131,9.643645e-01,-1.799935e+02,7.435725e-03,1.016673e+01,7.542281e-03,-2.724561e-01,9.121026e-01,-1.797554e+02
3.63078,9.643649e-01,-1.799940e+02,7.454410e-03,9.188116e+00,7.543222e-03,-3.466978e-01,9.121943e-01,-1.797687e+02
3.98107,9.643653e-01,-1.799944e+02,7.470032e-03,8.282372e+00,7.543983e-03,-4.242848e-01,9.122717e-01,-1.797802e+02
4.36516,9.643657e-01,-1.799948e+02,7.483068e-03,7.443015e+00,7.544588e-03,-5.057817e-01,9.123372e-01,-1.797902e+02
4.78630,9.643660e-01,-1.799951e+02,7.493924e-03,6.663848e+00,7.545055e-03,-5.918070e-01,9.123927e-01,-1.797985e+02
5.24807,9.643662e-01,-1.799954e+02,7.502941e-03,5.938970e+00,7.545396e-03,-6.830343e-01,9.124399e-01,-1.798053e+02
5.75440,9.643665e-01,-1.799956e+02,7.510409e-03,5.262772e+00,7.545624e-03,-7.801938e-01,9.124804e-01,-1.798105e+02
6.30957,9.643667e-01,-1.799958e+02,7.516567e-03,4.629931e+00,7.545743e-03,-8.840756e-01,9.125155e-01,-1.798142e+02
6.91831,9.643668e-01,-1.799960e+02,7.521617e-03,4.035394e+00,7.545758e-03,-9.955344e-01,9.125462e-01,-1.798164e+02
7.58578,9.643670e-01,-1.799962e+02,7.525723e-03,3.474357e+00,7.545669e-03,-1.115494e+00,9.125736e-01,-1.798170e+02
8.31764,9.643672e-01,-1.799963e+02,7.529022e-03,2.942247e+00,7.545473e-03,-1.244954e+00,9.125986e-01,-1.798162e+02
9.12011,9.643674e-01,-1.799964e+02,7.531622e-03,2.434692e+00,7.545162e-03,-1.384998e+00,9.126219e-01,-1.798138e+02
10.00000,9.643676e-01,-1.799964e+02,7.533610e-03,1.947494e+00,7.544726e-03,-1.536799e+00,9.126445e-01,-1.798099e+02
10.96478,9.643678e-01,-1.799964e+02,7.535052e-03,1.476610e+00,7.544150e-03,-1.701631e+00,9.126670e-01,-1.798043e+02
12.02264,9.643680e-01,-1.799964e+02,7.535997e-03,1.018113e+00,7.543415e-03,-1.880877e+00,9.126903e-01,-1.797972e+02
13.18257,9.643682e-01,-1.799964e+02,7.536475e-03,5.681736e-01,7.542495e-03,-2.076039e+00,9.127150e-01,-1.797883e+02
14.45440,9.643685e-01,-1.799963e+02,7.536503e-03,1.230276e-01,7.541360e-03,-2.288752e+00,9.127420e-01,-1.797776e+02
15.84893,9.643688e-01,-1.799962e+02,7.536082e-03,-3.210511e-01,7.539971e-03,-2.520793e+00,9.127723e-01,-1.797652e+02
17.37801,9.643692e-01,-1.799961e+02,7.535198e-03,-7.677774e-01,7.538282e-03,-2.774097e+00,9.128068e-01,-1.797507e+02
19.05461,9.643697e-01,-1.799959e+02,7.533821e-03,-1.220883e+00,7.536234e-03,-3.050766e+00,9.128467e-01,-1.797342e+02
20.89296,9.643702e-01,-1.799957e+02,7.531905e-03,-1.684143e+00,7.533761e-03,-3.353089e+00,9.128934e-01,-1.797154e+02
22.90868,9.643709e-01,-1.799954e+02,7.529386e-03,-2.161404e+00,7.530779e-03,-3.683555e+00,9.129483e-01,-1.796944e+02
25.11886,9.643716e-01,-1.799952e+02,7.526181e-03,-2.656606e+00,7.527188e-03,-4.044865e+00,9.130134e-01,-1.796708e+02
27.54229,9.643726e-01,-1.799949e+02,7.522184e-03,-3.173815e+00,7.522870e-03,-4.439950e+00,9.130907e-01,-1.796446e+02
30.19952,9.643737e-01,-1.799945e+02,7.517261e-03,-3.717238e+00,7.517681e-03,-4.871988e+00,9.131828e-01,-1.796155e+02
33.11311,9.643750e-01,-1.799941e+02,7.511253e-03,-4.291253e+00,7.511452e-03,-5.344411e+00,9.132927e-01,-1.795834e+02
36.30781,9.643766e-01,-1.799936e+02,7.503963e-03,-4.900424e+00,7.503978e-03,-5.860925e+00,9.134239e-01,-1.795480e+02
39.81072,9.643785e-01,-1.799931e+02,7.495156e-03,-5.549521e+00,7.495018e-03,-6.425513e+00,9.135806e-01,-1.795091e+02
43.65158,9.643807e-01,-1.799926e+02,7.484550e-03,-6.243528e+00,7.484285e-03,-7.042443e+00,9.137676e-01,-1.794666e+02
47.86301,9.643834e-01,-1.799920e+02,7.471809e-03,-6.987647e+00,7.471440e-03,-7.716265e+00,9.139907e-01,-1.794201e+02
52.48075,9.643866e-01,-1.799913e+02,7.456538e-03,-7.787299e+00,7.456081e-03,-8.451802e+00,9.142567e-01,-1.793696e+02
57.54399,9.643904e-01,-1.799906e+02,7.438268e-03,-8.648103e+00,7.437740e-03,-9.254132e+00,9.145734e-01,-1.793148e+02
63.09573,9.643950e-01,-1.799898e+02,7.416452e-03,-9.575848e+00,7.415866e-03,-1.012854e+01,9.149497e-01,-1.792556e+02
69.18310,9.644004e-01,-1.799889e+02,7.390454e-03,-1.057644e+01,7.389821e-03,-1.108049e+01,9.153960e-01,-1.791918e+02
75.85776,9.644068e-01,-1.799880e+02,7.359540e-03,-1.165582e+01,7.358867e-03,-1.211552e+01,9.159239e-01,-1.791235e+02
83.17638,9.644143e-01,-1.799870e+02,7.322867e-03,-1.281988e+01,7.322164e-03,-1.323912e+01,9.165466e-01,-1.790508e+02
91.20108,9.644232e-01,-1.799859e+02,7.279484e-03,-1.407430e+01,7.278757e-03,-1.445663e+01,9.172783e-01,-1.789738e+02
100.00000,9.644336e-01,-1.799848e+02,7.228326e-03,-1.542436e+01,7.227580e-03,-1.577304e+01,9.181347e-01,-1.788929e+02
109.64782,9.644457e-01,-1.799836e+02,7.168220e-03,-1.687474e+01,7.167461e-03,-1.719272e+01,9.191319e-01,-1.788087e+02
120.22644,9.644598e-01,-1.799824e+02,7.097903e-03,-1.842920e+01,7.097136e-03,-1.871918e+01,9.202864e-01,-1.787219e+02
131.82567,9.644759e-01,-1.799811e+02,7.016044e-03,-2.009028e+01,7.015273e-03,-2.035472e+01,9.216143e-01,-1.786337e+02
144.54398,9.644944e-01,-1.799798e+02,6.921285e-03,-2.185891e+01,6.920513e-03,-2.210007e+01,9.231296e-01,-1.785454e+02
158.48932,9.645154e-01,-1.799784e+02,6.812298e-03,-2.373405e+01,6.811530e-03,-2.395396e+01,9.248440e-01,-1.784585e+02
173.78008,9.645389e-01,-1.799771e+02,6.687858e-03,-2.571221e+01,6.687097e-03,-2.591274e+01,9.267643e-01,-1.783751e+02
190.54607,9.645650e-01,-1.799758e+02,6.546933e-03,-2.778716e+01,6.546182e-03,-2.797002e+01,9.288915e-01,-1.782973e+02
208.92961,9.645937e-01,-1.799746e+02,6.388778e-03,-2.994959e+01,6.388041e-03,-3.011632e+01,9.312192e-01,-1.782272e+02
229.08677,9.646247e-01,-1.799734e+02,6.213046e-03,-3.218695e+01,6.212325e-03,-3.233897e+01,9.337324e-01,-1.781673e+02
251.18864,9.646578e-01,-1.799723e+02,6.019872e-03,-3.448344e+01,6.019171e-03,-3.462204e+01,9.364066e-01,-1.781195e+02
275.42287,9.646925e-01,-1.799714e+02,5.809948e-03,-3.682023e+01,5.809270e-03,-3.694659e+01,9.392087e-01,-1.780859e+02
301.99517,9.647285e-01,-1.799706e+02,5.584559e-03,-3.917589e+01,5.583904e-03,-3.929109e+01,9.420977e-01,-1.780676e+02
331.13112,9.647651e-01,-1.799700e+02,5.345562e-03,-4.152705e+01,5.344934e-03,-4.163206e+01,9.450273e-01,-1.780655e+02
363.07805,9.648017e-01,-1.799694e+02,5.095333e-03,-4.384916e+01,5.094733e-03,-4.394487e+01,9.479482e-01,-1.780796e+02
398.10717,9.648377e-01,-1.799691e+02,4.836647e-03,-4.611745e+01,4.836077e-03,-4.620467e+01,9.508118e-01,-1.781095e+02
436.51583,9.648726e-01,-1.799688e+02,4.572539e-03,-4.830778e+01,4.572000e-03,-4.838726e+01,9.535734e-01,-1.781538e+02
478.63009,9.649058e-01,-1.799687e+02,4.306137e-03,-5.039747e+01,4.305629e-03,-5.046987e+01,9.561946e-01,-1.782109e+02
524.80746,9.649370e-01,-1.799686e+02,4.040502e-03,-5.236593e+01,4.040025e-03,-5.243188e+01,9.586450e-01,-1.782788e+02
575.43994,9.649658e-01,-1.799685e+02,3.778482e-03,-5.419510e+01,3.778036e-03,-5.425515e+01,9.609038e-01,-1.783551e+02
630.95734,9.649921e-01,-1.799684e+02,3.522608e-03,-5.586961e+01,3.522193e-03,-5.592428e+01,9.629589e-01,-1.784376e+02
691.83097,9.650159e-01,-1.799683e+02,3.275019e-03,-5.737684e+01,3.274633e-03,-5.742659e+01,9.648065e-01,-1.785242e+02
758.57758,9.650372e-01,-1.799681e+02,3.037426e-03,-5.870665e+01,3.037069e-03,-5.875189e+01,9.664501e-01,-1.786128e+02
831.76377,9.650561e-01,-1.799678e+02,2.811118e-03,-5.985110e+01,2.810788e-03,-5.989224e+01,9.678982e-01,-1.787018e+02
912.01084,9.650727e-01,-1.799673e+02,2.596980e-03,-6.080410e+01,2.596676e-03,-6.084147e+01,9.691635e-01,-1.787897e+02
1000.00000,9.650873e-01,-1.799667e+02,2.395544e-03,-6.156091e+01,2.395264e-03,-6.159483e+01,9.702610e-01,-1.788754e+02
1096.47820,9.651001e-01,-1.799659e+02,2.207030e-03,-6.211776e+01,2.206773e-03,-6.214853e+01,9.712069e-01,-1.789580e+02
1202.26443,9.651113e-01,-1.799648e+02,2.031413e-03,-6.247150e+01,2.031178e-03,-6.249937e+01,9.720176e-01,-1.790369e+02
1318.25674,9.651212e-01,-1.799635e+02,1.868467e-03,-6.261919e+01,1.868252e-03,-6.264440e+01,9.727093e-01,-1.791118e+02
1445.43977,9.651299e-01,-1.799620e+02,1.717818e-03,-6.255786e+01,1.717621e-03,-6.258062e+01,9.732971e-01,-1.791822e+02
1584.89319,9.651377e-01,-1.799601e+02,1.578984e-03,-6.228427e+01,1.578805e-03,-6.230479e+01,9.737947e-01,-1.792482e+02
1737.80083,9.651447e-01,-1.799579e+02,1.451415e-03,-6.179478e+01,1.451251e-03,-6.181323e+01,9.742150e-01,-1.793098e+02
1905.46072,9.651513e-01,-1.799554e+02,1.334516e-03,-6.108524e+01,1.334367e-03,-6.110179e+01,9.745689e-01,-1.793670e+02
2089.29613,9.651575e-01,-1.799526e+02,1.227677e-03,-6.015098e+01,1.227541e-03,-6.016577e+01,9.748665e-01,-1.794200e+02
2290.86765,9.651636e-01,-1.799493e+02,1.130283e-03,-5.898685e+01,1.130161e-03,-5.900001e+01,9.751162e-01,-1.794690e+02
2511.88643,9.651697e-01,-1.799457e+02,1.041736e-03,-5.758733e+01,1.041625e-03,-5.759899e+01,9.753254e-01,-1.795141e+02
2754.22870,9.651761e-01,-1.799416e+02,9.614574e-04,-5.594678e+01,9.613571e-04,-5.595704e+01,9.755005e-01,-1.795556e+02
3019.95172,9.651830e-01,-1.799369e+02,8.888989e-04,-5.405968e+01,8.888084e-04,-5.406865e+01,9.756468e-01,-1.795938e+02
3311.31121,9.651906e-01,-1.799318e+02,8.235455e-04,-5.192106e+01,8.234643e-04,-5.192883e+01,9.757691e-01,-1.796288e+02
3630.78055,9.651991e-01,-1.799261e+02,7.649190e-04,-4.952694e+01,7.648462e-04,-4.953361e+01,9.758712e-01,-1.796609e+02
3981.07171,9.652089e-01,-1.799198e+02,7.125788e-04,-4.687498e+01,7.125137e-04,-4.688063e+01,9.759564e-01,-1.796903e+02
4365.15832,9.652202e-01,-1.799128e+02,6.661226e-04,-4.396507e+01,6.660648e-04,-4.396978e+01,9.760274e-01,-1.797172e+02
4786.30092,9.652334e-01,-1.799051e+02,6.251867e-04,-4.080015e+01,6.251355e-04,-4.080401e+01,9.760866e-01,-1.797418e+02
5248.07460,9.652491e-01,-1.798966e+02,5.894447e-04,-3.738695e+01,5.893996e-04,-3.739004e+01,9.761359e-01,-1.797643e+02
5754.39937,9.652677e-01,-1.798872e+02,5.586069e-04,-3.373676e+01,5.585674e-04,-3.373916e+01,9.761770e-01,-1.797849e+02
6309.57344,9.652898e-01,-1.798769e+02,5.324195e-04,-2.986609e+01,5.323852e-04,-2.986788e+01,9.762113e-01,-1.798036e+02
6918.30971,9.653161e-01,-1.798656e+02,5.106632e-04,-2.579719e+01,5.106335e-04,-2.579846e+01,9.762398e-01,-1.798208e+02
7585.77575,9.653476e-01,-1.798531e+02,4.931520e-04,-2.155827e+01,4.931265e-04,-2.155910e+01,9.762636e-01,-1.798364e+02
8317.63771,9.653853e-01,-1.798395e+02,4.797325e-04,-1.718337e+01,4.797109e-04,-1.718384e+01,9.762834e-01,-1.798507e+02
9120.10839,9.654304e-01,-1.798247e+02,4.702829e-04,-1.271192e+01,4.702647e-04,-1.271210e+01,9.763000e-01,-1.798637e+02
10000.00000,9.654844e-01,-1.798084e+02,4.647113e-04,-8.187747e+00,4.646961e-04,-8.187714e+00,9.763138e-01,-1.798756e+02
