! ! 
! S ! 
! ! 
! # MHz  S  MA  R  50.00000
! ! ===================================================================
1.00000,9.643426e-01,-1.799808e+02,6.527192e-03,3.260613e+01,7.494491e-03,5.190156e-01,9.079612e-01,-1.794576e+02
1.09648,9.643456e-01,-1.799824e+02,6.670075e-03,3.012401e+01,7.501403e-03,4.709943e-01,9.085763e-01,-1.794827e+02
1.20226,9.643484e-01,-1.799838e+02,6.796393e-03,2.777276e+01,7.507631e-03,4.193556e-01,9.091308e-01,-1.795091e+02
1.31826,9.643508e-01,-1.799852e+02,6.907142e-03,2.555597e+01,7.513180e-03,3.648203e-01,9.096253e-01,-1.795360e+02
1.44544,9.643530e-01,-1.799864e+02,7.003523e-03,2.347469e+01,7.518076e-03,3.079923e-01,9.100620e-01,-1.795629e+02
1.58489,9.643549e-01,-1.799875e+02,7.086852e-03,2.152773e+01,7.522358e-03,2.493404e-01,9.104444e-01,-1.795894e+02
1.73780,9.643566e-01,-1.799885e+02,7.158483e-03,1.971210e+01,7.526072e-03,1.891941e-01,9.107767e-01,-1.796151e+02
1.90546,9.643580e-01,-1.799894e+02,7.219750e-03,1.802336e+01,7.529272e-03,1.277464e-01,9.110636e-01,-1.796396e+02
2.08930,9.643592e-01,-1.799903e+02,7.271925e-03,1.645596e+01,7.532010e-03,6.506368e-02,9.113099e-01,-1.796628e+02
2.29087,9.643603e-01,-1.799911e+02,7.316191e-03,1.500362e+01,7.534340e-03,1.097114e-03,9.115205e-01,-1.796845e+02
2.51189,9.643612e-01,-1.799918e+02,7.353625e-03,1.365953e+01,7.536310e-03,-6.430382e-02,9.116997e-01,-1.797046e+02
2.75423,9.643620e-01,-1.799924e+02,7.385192e-03,1.241663e+01,7.537967e-03,-1.313792e-01,9.118518e-01,-1.797230e+02
3.01995,9.643626e-01,-1.799930e+02,7.411747e-03,1.126775e+01,7.539351e-03,-2.004476e-01,9.119806e-01,-1.797397e+02
3.31131,9.643631e-01,-1.799935e+02,7.434036e-03,1.020579e+01,7.540499e-03,-2.718975e-01,9.120895e-01,-1.797547e+02
3.63078,9.643636e-01,-1.799940e+02,7.452707e-03,9.223750e+00,7.541441e-03,-3.461799e-01,9.121815e-01,-1.797680e+02
3.98107,9.643640e-01,-1.799944e+02,7.468318e-03,8.314880e+00,7.542204e-03,-4.238042e-01,9.122592e-01,-1.797797e+02
4.36516,9.643644e-01,-1.799948e+02,7.481346e-03,7.472671e+00,7.542810e-03,-5.053348e-01,9.123248e-01,-1.797896e+02
4.78630,9.643647e-01,-1.799951e+02,7.492194e-03,6.690904e+00,7.543278e-03,-5.913906e-01,9.123805e-01,-1.797980e+02
5.24807,9.643649e-01,-1.799954e+02,7.501205e-03,5.963655e+00,7.543620e-03,-6.826451e-01,9.124280e-01,-1.798048e+02
5.75440,9.643651e-01,-1.799956e+02,7.508667e-03,5.285295e+00,7.543848e-03,-7.798288e-01,9.124686e-01,-1.798101e+02
6.30957,9.643653e-01,-1.799958e+02,7.514821e-03,4.650483e+00,7.543968e-03,-8.837320e-01,9.125037e-01,-1.798138e+02
6.91831,9.643655e-01,-1.799960e+02,7.519867e-03,4.054149e+00,7.543984e-03,-9.952093e-01,9.125346e-01,-1.798160e+02
7.58578,9.643657e-01,-1.799962e+02,7.523970e-03,3.491476e+00,7.543896e-03,-1.115185e+00,9.125620e-01,-1.798167e+02
8.31764,9.643659e-01,-1.799963e+02,7.527266e-03,2.957873e+00,7.543700e-03,-1.244659e+00,9.125871e-01,-1.798159e+02
9.12011,9.643661e-01,-1.799964e+02,7.529865e-03,2.448958e+00,7.543389e-03,-1.384714e+00,9.126105e-01,-1.798135e+02
10.00000,9.643662e-01,-1.799964e+02,7.531851e-03,1.960522e+00,7.542954e-03,-1.536523e+00,9.126331e-01,-1.798096e+02
10.96478,9.643664e-01,-1.799964e+02,7.533292e-03,1.488509e+00,7.542379e-03,-1.701362e+00,9.126557e-01,-1.798041e+02
12.02264,9.643667e-01,-1.799964e+02,7.534236e-03,1.028985e+00,7.541644e-03,-1.880611e+00,9.126790e-01,-1.797969e+02
13.18257,9.643669e-01,-1.799964e+02,7.534713e-03,5.781103e-01,7.540725e-03,-2.075775e+00,9.127037e-01,-1.797881e+02
14.45440,9.643672e-01,-1.799963e+02,7.534741e-03,1.321135e-01,7.539590e-03,-2.288488e+00,9.127308e-01,-1.797775e+02
15.84893,9.643675e-01,-1.799962e+02,7.534320e-03,-3.127388e-01,7.538202e-03,-2.520526e+00,9.127611e-01,-1.797650e+02
17.37801,9.643679e-01,-1.799961e+02,7.533436e-03,-7.601683e-01,7.536513e-03,-2.773825e+00,9.127956e-01,-1.797505e+02
19.05461,9.643684e-01,-1.799959e+02,7.532059e-03,-1.213912e+00,7.534466e-03,-3.050487e+00,9.128355e-01,-1.797340e+02
20.89296,9.643689e-01,-1.799957e+02,7.530143e-03,-1.677752e+00,7.531994e-03,-3.352801e+00,9.128822e-01,-1.797153e+02
22.90868,9.643696e-01,-1.799954e+02,7.527625e-03,-2.155538e+00,7.529013e-03,-3.683255e+00,9.129372e-01,-1.796942e+02
25.11886,9.643703e-01,-1.799952e+02,7.524421e-03,-2.651216e+00,7.525423e-03,-4.044551e+00,9.130022e-01,-1.796707e+02
27.54229,9.643712e-01,-1.799949e+02,7.520425e-03,-3.168854e+00,7.521107e-03,-4.439619e+00,9.130796e-01,-1.796444e+02
30.19952,9.643723e-01,-1.799945e+02,7.515504e-03,-3.712665e+00,7.515920e-03,-4.871637e+00,9.131717e-01,-1.796154e+02
33.11311,9.643737e-01,-1.799941e+02,7.509498e-03,-4.287029e+00,7.509692e-03,-5.344038e+00,9.132816e-01,-1.795832e+02
36.30781,9.643752e-01,-1.799936e+02,7.502211e-03,-4.896514e+00,7.502221e-03,-5.860527e+00,9.134128e-01,-1.795478e+02
39.81072,9.643771e-01,-1.799931e+02,7.493406e-03,-5.545892e+00,7.493265e-03,-6.425087e+00,9.135694e-01,-1.795090e+02
43.65158,9.643794e-01,-1.799926e+02,7.482804e-03,-6.240149e+00,7.482535e-03,-7.041985e+00,9.137565e-01,-1.794664e+02
47.86301,9.643821e-01,-1.799920e+02,7.470068e-03,-6.984490e+00,7.469695e-03,-7.715772e+00,9.139796e-01,-1.794200e+02
52.48075,9.643853e-01,-1.799913e+02,7.454801e-03,-7.784338e+00,7.454342e-03,-8.451271e+00,9.142457e-01,-1.793695e+02
57.54399,9.643891e-01,-1.799906e+02,7.436537e-03,-8.645314e+00,7.436006e-03,-9.253559e+00,9.145623e-01,-1.793147e+02
63.09573,9.643937e-01,-1.799898e+02,7.414729e-03,-9.573208e+00,7.414140e-03,-1.012793e+01,9.149387e-01,-1.792554e+02
69.18310,9.643991e-01,-1.799889e+02,7.388740e-03,-1.057393e+01,7.388103e-03,-1.107983e+01,9.153850e-01,-1.791917e+02
75.85776,9.644054e-01,-1.799880e+02,7.357837e-03,-1.165342e+01,7.357161e-03,-1.211479e+01,9.159130e-01,-1.791234e+02
83.17638,9.644130e-01,-1.799870e+02,7.321176e-03,-1.281757e+01,7.320470e-03,-1.323834e+01,9.165357e-01,-1.790506e+02
91.20108,9.644219e-01,-1.799859e+02,7.277808e-03,-1.407206e+01,7.277077e-03,-1.445579e+01,9.172675e-01,-1.789736e+02
100.00000,9.644322e-01,-1.799848e+02,7.226666e-03,-1.542218e+01,7.225918e-03,-1.577213e+01,9.181240e-01,-1.788927e+02
109.64782,9.644443e-01,-1.799836e+02,7.166581e-03,-1.687260e+01,7.165819e-03,-1.719174e+01,9.191213e-01,-1.788085e+02
120.22644,9.644584e-01,-1.799824e+02,7.096287e-03,-1.842709e+01,7.095517e-03,-1.871813e+01,9.202759e-01,-1.787217e+02
131.82567,9.644745e-01,-1.799811e+02,7.014455e-03,-2.008819e+01,7.013681e-03,-2.035360e+01,9.216039e-01,-1.786335e+02
144.54398,9.644930e-01,-1.799798e+02,6.919726e-03,-2.185685e+01,6.918952e-03,-2.209888e+01,9.231194e-01,-1.785451e+02
158.48932,9.645140e-01,-1.799784e+02,6.810774e-03,-2.373199e+01,6.810004e-03,-2.395270e+01,9.248339e-01,-1.784583e+02
173.78008,9.645375e-01,-1.799771e+02,6.686374e-03,-2.571015e+01,6.685610e-03,-2.591141e+01,9.267545e-01,-1.783748e+02
190.54607,9.645636e-01,-1.799758e+02,6.545492e-03,-2.778510e+01,6.544739e-03,-2.796863e+01,9.288820e-01,-1.782970e+02
208.92961,9.645922e-01,-1.799746e+02,6.387385e-03,-2.994753e+01,6.386646e-03,-3.011487e+01,9.312100e-01,-1.782269e+02
229.08677,9.646232e-01,-1.799734e+02,6.211705e-03,-3.218489e+01,6.210982e-03,-3.233747e+01,9.337235e-01,-1.781670e+02
251.18864,9.646562e-01,-1.799724e+02,6.018587e-03,-3.448139e+01,6.017883e-03,-3.462051e+01,9.363981e-01,-1.781192e+02
275.42287,9.646910e-01,-1.799714e+02,5.808723e-03,-3.681820e+01,5.808042e-03,-3.694503e+01,9.392007e-01,-1.780855e+02
301.99517,9.647269e-01,-1.799706e+02,5.583395e-03,-3.917390e+01,5.582739e-03,-3.928951e+01,9.420902e-01,-1.780672e+02
331.13112,9.647635e-01,-1.799700e+02,5.344463e-03,-4.152509e+01,5.343833e-03,-4.163048e+01,9.450203e-01,-1.780651e+02
363.07805,9.648001e-01,-1.799695e+02,5.094298e-03,-4.384725e+01,5.093696e-03,-4.394331e+01,9.479417e-01,-1.780792e+02
398.10717,9.648361e-01,-1.799691e+02,4.835677e-03,-4.611560e+01,4.835105e-03,-4.620314e+01,9.508060e-01,-1.781091e+02
436.51583,9.648709e-01,-1.799688e+02,4.571634e-03,-4.830600e+01,4.571093e-03,-4.838576e+01,9.535682e-01,-1.781534e+02
478.63009,9.649041e-01,-1.799687e+02,4.305295e-03,-5.039577e+01,4.304785e-03,-5.046844e+01,9.561899e-01,-1.782105e+02
524.80746,9.649352e-01,-1.799686e+02,4.039720e-03,-5.236432e+01,4.039242e-03,-5.243051e+01,9.586409e-01,-1.782784e+02
575.43994,9.649641e-01,-1.799685e+02,3.777758e-03,-5.419358e+01,3.777311e-03,-5.425385e+01,9.609002e-01,-1.783547e+02
630.95734,9.649904e-01,-1.799684e+02,3.521940e-03,-5.586820e+01,3.521524e-03,-5.592306e+01,9.629557e-01,-1.784373e+02
691.83097,9.650142e-01,-1.799683e+02,3.274403e-03,-5.737553e+01,3.274016e-03,-5.742545e+01,9.648039e-01,-1.785239e+02
758.57758,9.650354e-01,-1.799681e+02,3.036859e-03,-5.870544e+01,3.036501e-03,-5.875085e+01,9.664478e-01,-1.786125e+02
831.76377,9.650543e-01,-1.799678e+02,2.810597e-03,-5.985000e+01,2.810266e-03,-5.989129e+01,9.678963e-01,-1.787015e+02
912.01084,9.650710e-01,-1.799673e+02,2.596502e-03,-6.080311e+01,2.596197e-03,-6.084061e+01,9.691620e-01,-1.787894e+02
1000.00000,9.650856e-01,-1.799667e+02,2.395104e-03,-6.156002e+01,2.394823e-03,-6.159406e+01,9.702597e-01,-1.788751e+02
1096.47820,9.650983e-01,-1.799659e+02,2.206627e-03,-6.211698e+01,2.206369e-03,-6.214785e+01,9.712059e-01,-1.789578e+02
1202.26443,9.651095e-01,-1.799648e+02,2.031043e-03,-6.247082e+01,2.030807e-03,-6.249879e+01,9.720169e-01,-1.790367e+02
1318.25674,9.651194e-01,-1.799635e+02,1.868128e-03,-6.261860e+01,1.867911e-03,-6.264390e+01,9.727087e-01,-1.791115e+02
1445.43977,9.651281e-01,-1.799620e+02,1.717506e-03,-6.255736e+01,1.717308e-03,-6.258021e+01,9.732966e-01,-1.791820e+02
1584.89319,9.651358e-01,-1.799601e+02,1.578698e-03,-6.228386e+01,1.578518e-03,-6.230446e+01,9.737945e-01,-1.792481e+02
1737.80083,9.651429e-01,-1.799580e+02,1.451152e-03,-6.179446e+01,1.450987e-03,-6.181299e+01,9.742148e-01,-1.793096e+02
1905.46072,9.651494e-01,-1.799555e+02,1.334274e-03,-6.108501e+01,1.334125e-03,-6.110162e+01,9.745689e-01,-1.793669e+02
2089.29613,9.651557e-01,-1.799526e+02,1.227453e-03,-6.015083e+01,1.227318e-03,-6.016568e+01,9.748665e-01,-1.794199e+02
2290.86765,9.651617e-01,-1.799494e+02,1.130077e-03,-5.898678e+01,1.129954e-03,-5.899998e+01,9.751163e-01,-1.794688e+02
2511.88643,9.651679e-01,-1.799457e+02,1.041545e-03,-5.758733e+01,1.041434e-03,-5.759903e+01,9.753255e-01,-1.795140e+02
2754.22870,9.651743e-01,-1.799416e+02,9.612808e-04,-5.594685e+01,9.611801e-04,-5.595715e+01,9.755007e-01,-1.795555e+02
3019.95172,9.651812e-01,-1.799370e+02,8.887348e-04,-5.405981e+01,8.886440e-04,-5.406881e+01,9.756471e-01,-1.795937e+02
3311.31121,9.651887e-01,-1.799318e+02,8.233926e-04,-5.192124e+01,8.233110e-04,-5.192904e+01,9.757694e-01,-1.796287e+02
3630.78055,9.651973e-01,-1.799261e+02,7.647760e-04,-4.952717e+01,7.647029e-04,-4.953386e+01,9.758715e-01,-1.796608e+02
3981.07171,9.652070e-01,-1.799198e+02,7.124445e-04,-4.687523e+01,7.123792e-04,-4.688090e+01,9.759567e-01,-1.796902e+02
4365.15832,9.652183e-01,-1.799128e+02,6.659961e-04,-4.396534e+01,6.659380e-04,-4.397008e+01,9.760277e-01,-1.797171e+02
4786.30092,9.652316e-01,-1.799051e+02,6.250668e-04,-4.080043e+01,6.250154e-04,-4.080430e+01,9.760870e-01,-1.797418e+02
5248.07460,9.652472e-01,-1.798966e+02,5.893305e-04,-3.738721e+01,5.892853e-04,-3.739031e+01,9.761363e-01,-1.797643e+02
5754.39937,9.652658e-01,-1.798872e+02,5.584977e-04,-3.373698e+01,5.584580e-04,-3.373939e+01,9.761774e-01,-1.797848e+02
6309.57344,9.652879e-01,-1.798769e+02,5.323143e-04,-2.986626e+01,5.322799e-04,-2.986806e+01,9.762117e-01,-1.798036e+02
6918.30971,9.653143e-01,-1.798656e+02,5.105613e-04,-2.579728e+01,5.105315e-04,-2.579855e+01,9.762403e-01,-1.798207e+02
7585.77575,9.653458e-01,-1.798532e+02,4.930527e-04,-2.155824e+01,4.930271e-04,-2.155908e+01,9.762640e-01,-1.798364e+02
8317.63771,9.653834e-01,-1.798396e+02,4.796352e-04,-1.718321e+01,4.796135e-04,-1.718368e+01,9.762839e-01,-1.798507e+02
9120.10839,9.654285e-01,-1.798247e+02,4.701868e-04,-1.271160e+01,4.701685e-04,-1.271178e+01,9.763004e-01,-1.798637e+02
10000.00000,9.654825e-01,-1.798084e+02,4.646159e-04,-8.187252e+00,4.646007e-04,-8.187219e+00,9.763142e-01,-1.798756e+02
