! ! 
! S ! 
! ! 
! # MHz  S  MA  R  50.00000
! ! ===================================================================
1.00000,9.643439e-01,-1.799809e+02,6.528185e-03,3.247745e+01,7.496357e-03,5.176592e-01,9.079887e-01,-1.794594e+02
1.09648,9.643470e-01,-1.799824e+02,6.671186e-03,3.000656e+01,7.503257e-03,4.697010e-01,9.086016e-01,-1.794844e+02
1.20226,9.643497e-01,-1.799838e+02,6.797606e-03,2.766558e+01,7.509475e-03,4.181293e-01,9.091542e-01,-1.795107e+02
1.31826,9.643522e-01,-1.799852e+02,6.908442e-03,2.545817e+01,7.515015e-03,3.636634e-01,9.096470e-01,-1.795375e+02
1.44544,9.643544e-01,-1.799864e+02,7.004897e-03,2.338544e+01,7.519903e-03,3.069054e-01,9.100822e-01,-1.795643e+02
1.58489,9.643563e-01,-1.799875e+02,7.088290e-03,2.144630e+01,7.524177e-03,2.483231e-01,9.104632e-01,-1.795907e+02
1.73780,9.643579e-01,-1.799885e+02,7.159975e-03,1.963781e+01,7.527885e-03,1.882448e-01,9.107944e-01,-1.796163e+02
1.90546,9.643593e-01,-1.799894e+02,7.221287e-03,1.795558e+01,7.531079e-03,1.268630e-01,9.110803e-01,-1.796408e+02
2.08930,9.643606e-01,-1.799903e+02,7.273501e-03,1.639413e+01,7.533812e-03,6.424305e-02,9.113257e-01,-1.796639e+02
2.29087,9.643616e-01,-1.799911e+02,7.317799e-03,1.494721e+01,7.536138e-03,3.359878e-04,9.115355e-01,-1.796855e+02
2.51189,9.643625e-01,-1.799918e+02,7.355260e-03,1.360807e+01,7.538105e-03,-6.500903e-02,9.117141e-01,-1.797055e+02
2.75423,9.643633e-01,-1.799924e+02,7.386850e-03,1.236969e+01,7.539759e-03,-1.320322e-01,9.118657e-01,-1.797238e+02
3.01995,9.643639e-01,-1.799930e+02,7.413424e-03,1.122493e+01,7.541140e-03,-2.010523e-01,9.119941e-01,-1.797405e+02
3.31131,9.643645e-01,-1.799935e+02,7.435729e-03,1.016672e+01,7.542286e-03,-2.724576e-01,9.121026e-01,-1.797554e+02
3.63078,9.643649e-01,-1.799940e+02,7.454414e-03,9.188114e+00,7.543226e-03,-3.466992e-01,9.121942e-01,-1.797687e+02
3.98107,9.643653e-01,-1.799944e+02,7.470036e-03,8.282371e+00,7.543988e-03,-4.242861e-01,9.122716e-01,-1.797802e+02
4.36516,9.643657e-01,-1.799948e+02,7.483072e-03,7.443014e+00,7.544593e-03,-5.057830e-01,9.123371e-01,-1.797902e+02
4.78630,9.643660e-01,-1.799951e+02,7.493928e-03,6.663847e+00,7.545059e-03,-5.918082e-01,9.123926e-01,-1.797985e+02
5.24807,9.643662e-01,-1.799954e+02,7.502946e-03,5.938969e+00,7.545401e-03,-6.830355e-01,9.124399e-01,-1.798053e+02
5.75440,9.643665e-01,-1.799956e+02,7.510413e-03,5.262771e+00,7.545628e-03,-7.801949e-01,9.124804e-01,-1.798105e+02
6.30957,9.643667e-01,-1.799958e+02,7.516571e-03,4.629930e+00,7.545747e-03,-8.840768e-01,9.125154e-01,-1.798142e+02
6.91831,9.643668e-01,-1.799960e+02,7.521621e-03,4.035392e+00,7.545763e-03,-9.955355e-01,9.125461e-01,-1.798164e+02
7.58578,9.643670e-01,-1.799962e+02,7.525727e-03,3.474356e+00,7.545674e-03,-1.115495e+00,9.125735e-01,-1.798170e+02
8.31764,9.643672e-01,-1.799963e+02,7.529026e-03,2.942246e+00,7.545477e-03,-1.244955e+00,9.125985e-01,-1.798162e+02
9.12011,9.643674e-01,-1.799964e+02,7.531626e-03,2.434690e+00,7.545166e-03,-1.384999e+00,9.126219e-01,-1.798138e+02
10.00000,9.643676e-01,-1.799964e+02,7.533614e-03,1.947493e+00,7.544730e-03,-1.536801e+00,9.126445e-01,-1.798099e+02
10.96478,9.643678e-01,-1.799964e+02,7.535057e-03,1.476609e+00,7.544155e-03,-1.701633e+00,9.126670e-01,-1.798043e+02
12.02264,9.643680e-01,-1.799964e+02,7.536001e-03,1.018112e+00,7.543419e-03,-1.880878e+00,9.126902e-01,-1.797972e+02
13.18257,9.643682e-01,-1.799964e+02,7.536479e-03,5.681724e-01,7.542500e-03,-2.076041e+00,9.127149e-01,-1.797883e+02
14.45440,9.643685e-01,-1.799963e+02,7.536508e-03,1.230263e-01,7.541365e-03,-2.288754e+00,9.127420e-01,-1.797776e+02
15.84893,9.643688e-01,-1.799962e+02,7.536087e-03,-3.210525e-01,7.539976e-03,-2.520795e+00,9.127723e-01,-1.797652e+02
17.37801,9.643692e-01,-1.799961e+02,7.535202e-03,-7.677789e-01,7.538286e-03,-2.774098e+00,9.128068e-01,-1.797507e+02
19.05461,9.643697e-01,-1.799959e+02,7.533825e-03,-1.220885e+00,7.536239e-03,-3.050767e+00,9.128467e-01,-1.797342e+02
20.89296,9.643702e-01,-1.799957e+02,7.531909e-03,-1.684145e+00,7.533765e-03,-3.353091e+00,9.128933e-01,-1.797154e+02
22.90868,9.643709e-01,-1.799954e+02,7.529391e-03,-2.161406e+00,7.530783e-03,-3.683557e+00,9.129483e-01,-1.796944e+02
25.11886,9.643716e-01,-1.799952e+02,7.526186e-03,-2.656608e+00,7.527193e-03,-4.044867e+00,9.130134e-01,-1.796708e+02
27.54229,9.643726e-01,-1.799949e+02,7.522188e-03,-3.173817e+00,7.522874e-03,-4.439953e+00,9.130907e-01,-1.796446e+02
30.19952,9.643737e-01,-1.799945e+02,7.517266e-03,-3.717240e+00,7.517686e-03,-4.871990e+00,9.131828e-01,-1.796155e+02
33.11311,9.643750e-01,-1.799941e+02,7.511258e-03,-4.291255e+00,7.511456e-03,-5.344414e+00,9.132927e-01,-1.795834e+02
36.30781,9.643766e-01,-1.799936e+02,7.503968e-03,-4.900427e+00,7.503982e-03,-5.860928e+00,9.134238e-01,-1.795480e+02
39.81072,9.643785e-01,-1.799931e+02,7.495160e-03,-5.549524e+00,7.495022e-03,-6.425516e+00,9.135805e-01,-1.795091e+02
43.65158,9.643807e-01,-1.799926e+02,7.484554e-03,-6.243531e+00,7.484289e-03,-7.042446e+00,9.137675e-01,-1.794666e+02
47.86301,9.643834e-01,-1.799920e+02,7.471814e-03,-6.987650e+00,7.471444e-03,-7.716268e+00,9.139907e-01,-1.794201e+02
52.48075,9.643866e-01,-1.799913e+02,7.456542e-03,-7.787303e+00,7.456086e-03,-8.451806e+00,9.142567e-01,-1.793696e+02
57.54399,9.643904e-01,-1.799906e+02,7.438272e-03,-8.648107e+00,7.437744e-03,-9.254136e+00,9.145733e-01,-1.793148e+02
63.09573,9.643950e-01,-1.799898e+02,7.416456e-03,-9.575852e+00,7.415870e-03,-1.012855e+01,9.149496e-01,-1.792556e+02
69.18310,9.644004e-01,-1.799889e+02,7.390459e-03,-1.057644e+01,7.389825e-03,-1.108050e+01,9.153959e-01,-1.791918e+02
75.85776,9.644068e-01,-1.799880e+02,7.359544e-03,-1.165583e+01,7.358872e-03,-1.211552e+01,9.159239e-01,-1.791235e+02
83.17638,9.644143e-01,-1.799870e+02,7.322871e-03,-1.281989e+01,7.322168e-03,-1.323912e+01,9.165465e-01,-1.790508e+02
91.20108,9.644232e-01,-1.799859e+02,7.279488e-03,-1.407430e+01,7.278761e-03,-1.445664e+01,9.172783e-01,-1.789738e+02
100.00000,9.644336e-01,-1.799848e+02,7.228329e-03,-1.542437e+01,7.227584e-03,-1.577304e+01,9.181347e-01,-1.788929e+02
109.64782,9.644457e-01,-1.799836e+02,7.168224e-03,-1.687474e+01,7.167465e-03,-1.719272e+01,9.191319e-01,-1.788087e+02
120.22644,9.644598e-01,-1.799824e+02,7.097907e-03,-1.842920e+01,7.097140e-03,-1.871918e+01,9.202864e-01,-1.787219e+02
131.82567,9.644759e-01,-1.799811e+02,7.016047e-03,-2.009028e+01,7.015276e-03,-2.035473e+01,9.216142e-01,-1.786337e+02
144.54398,9.644944e-01,-1.799798e+02,6.921288e-03,-2.185892e+01,6.920517e-03,-2.210008e+01,9.231296e-01,-1.785454e+02
158.48932,9.645154e-01,-1.799784e+02,6.812301e-03,-2.373406e+01,6.811534e-03,-2.395396e+01,9.248439e-01,-1.784585e+02
173.78008,9.645389e-01,-1.799771e+02,6.687862e-03,-2.571222e+01,6.687101e-03,-2.591275e+01,9.267642e-01,-1.783751e+02
190.54607,9.645650e-01,-1.799758e+02,6.546936e-03,-2.778717e+01,6.546185e-03,-2.797003e+01,9.288915e-01,-1.782973e+02
208.92961,9.645937e-01,-1.799746e+02,6.388781e-03,-2.994960e+01,6.388044e-03,-3.011633e+01,9.312192e-01,-1.782272e+02
229.08677,9.646247e-01,-1.799734e+02,6.213049e-03,-3.218696e+01,6.212328e-03,-3.233898e+01,9.337323e-01,-1.781673e+02
251.18864,9.646578e-01,-1.799723e+02,6.019874e-03,-3.448345e+01,6.019173e-03,-3.462205e+01,9.364066e-01,-1.781195e+02
275.42287,9.646925e-01,-1.799714e+02,5.809951e-03,-3.682024e+01,5.809272e-03,-3.694660e+01,9.392087e-01,-1.780859e+02
301.99517,9.647285e-01,-1.799706e+02,5.584561e-03,-3.917591e+01,5.583906e-03,-3.929110e+01,9.420977e-01,-1.780676e+02
331.13112,9.647651e-01,-1.799700e+02,5.345564e-03,-4.152706e+01,5.344936e-03,-4.163207e+01,9.450273e-01,-1.780655e+02
363.07805,9.648017e-01,-1.799694e+02,5.095334e-03,-4.384918e+01,5.094735e-03,-4.394488e+01,9.479482e-01,-1.780796e+02
398.10717,9.648377e-01,-1.799691e+02,4.836648e-03,-4.611746e+01,4.836079e-03,-4.620469e+01,9.508118e-01,-1.781095e+02
436.51583,9.648726e-01,-1.799688e+02,4.572540e-03,-4.830779e+01,4.572001e-03,-4.838727e+01,9.535734e-01,-1.781538e+02
478.63009,9.649058e-01,-1.799687e+02,4.306138e-03,-5.039748e+01,4.305631e-03,-5.046989e+01,9.561946e-01,-1.782109e+02
524.80746,9.649370e-01,-1.799686e+02,4.040503e-03,-5.236594e+01,4.040026e-03,-5.243189e+01,9.586450e-01,-1.782788e+02
575.43994,9.649658e-01,-1.799685e+02,3.778483e-03,-5.419511e+01,3.778037e-03,-5.425516e+01,9.609038e-01,-1.783551e+02
630.95734,9.649921e-01,-1.799684e+02,3.522609e-03,-5.586962e+01,3.522194e-03,-5.592429e+01,9.629589e-01,-1.784376e+02
691.83097,9.650159e-01,-1.799683e+02,3.275020e-03,-5.737685e+01,3.274634e-03,-5.742660e+01,9.648065e-01,-1.785242e+02
758.57758,9.650372e-01,-1.799681e+02,3.037427e-03,-5.870666e+01,3.037070e-03,-5.875190e+01,9.664501e-01,-1.786128e+02
831.76377,9.650561e-01,-1.799678e+02,2.811118e-03,-5.985111e+01,2.810788e-03,-5.989224e+01,9.678982e-01,-1.787018e+02
912.01084,9.650727e-01,-1.799673e+02,2.596981e-03,-6.080411e+01,2.596677e-03,-6.084147e+01,9.691635e-01,-1.787897e+02
1000.00000,9.650873e-01,-1.799667e+02,2.395544e-03,-6.156091e+01,2.395264e-03,-6.159483e+01,9.702610e-01,-1.788754e+02
1096.47820,9.651001e-01,-1.799659e+02,2.207031e-03,-6.211777e+01,2.206774e-03,-6.214853e+01,9.712069e-01,-1.789580e+02
1202.26443,9.651113e-01,-1.799648e+02,2.031414e-03,-6.247151e+01,2.031178e-03,-6.249938e+01,9.720176e-01,-1.790369e+02
1318.25674,9.651212e-01,-1.799635e+02,1.868468e-03,-6.261920e+01,1.868252e-03,-6.264440e+01,9.727093e-01,-1.791118e+02
1445.43977,9.651299e-01,-1.799620e+02,1.717818e-03,-6.255786e+01,1.717621e-03,-6.258063e+01,9.732970e-01,-1.791822e+02
1584.89319,9.651377e-01,-1.799601e+02,1.578985e-03,-6.228427e+01,1.578805e-03,-6.230479e+01,9.737947e-01,-1.792482e+02
1737.80083,9.651447e-01,-1.799579e+02,1.451415e-03,-6.179478e+01,1.451251e-03,-6.181324e+01,9.742150e-01,-1.793098e+02
1905.46072,9.651513e-01,-1.799554e+02,1.334517e-03,-6.108525e+01,1.334368e-03,-6.110179e+01,9.745689e-01,-1.793670e+02
2089.29613,9.651575e-01,-1.799526e+02,1.227677e-03,-6.015099e+01,1.227542e-03,-6.016577e+01,9.748665e-01,-1.794200e+02
2290.86765,9.651636e-01,-1.799493e+02,1.130283e-03,-5.898685e+01,1.130161e-03,-5.900001e+01,9.751162e-01,-1.794690e+02
2511.88643,9.651697e-01,-1.799457e+02,1.041736e-03,-5.758733e+01,1.041625e-03,-5.759899e+01,9.753254e-01,-1.795141e+02
2754.22870,9.651761e-01,-1.799416e+02,9.614576e-04,-5.594678e+01,9.613572e-04,-5.595704e+01,9.755004e-01,-1.795556e+02
3019.95172,9.651830e-01,-1.799369e+02,8.888990e-04,-5.405968e+01,8.888086e-04,-5.406865e+01,9.756468e-01,-1.795938e+02
3311.31121,9.651906e-01,-1.799318e+02,8.235457e-04,-5.192106e+01,8.234644e-04,-5.192883e+01,9.757691e-01,-1.796288e+02
3630.78055,9.651991e-01,-1.799261e+02,7.649191e-04,-4.952694e+01,7.648463e-04,-4.953361e+01,9.758712e-01,-1.796609e+02
3981.07171,9.652089e-01,-1.799198e+02,7.125789e-04,-4.687498e+01,7.125139e-04,-4.688063e+01,9.759563e-01,-1.796903e+02
4365.15832,9.652202e-01,-1.799128e+02,6.661228e-04,-4.396507e+01,6.660649e-04,-4.396978e+01,9.760274e-01,-1.797172e+02
4786.30092,9.652334e-01,-1.799051e+02,6.251868e-04,-4.080015e+01,6.251356e-04,-4.080401e+01,9.760866e-01,-1.797418e+02
5248.07460,9.652491e-01,-1.798966e+02,5.894448e-04,-3.738695e+01,5.893997e-04,-3.739004e+01,9.761359e-01,-1.797643e+02
5754.39937,9.652677e-01,-1.798872e+02,5.586070e-04,-3.373676e+01,5.585675e-04,-3.373916e+01,9.761770e-01,-1.797849e+02
6309.57344,9.652898e-01,-1.798769e+02,5.324196e-04,-2.986609e+01,5.323853e-04,-2.986789e+01,9.762113e-01,-1.798036e+02
6918.30971,9.653161e-01,-1.798656e+02,5.106632e-04,-2.579719e+01,5.106335e-04,-2.579846e+01,9.762398e-01,-1.798208e+02
7585.77575,9.653476e-01,-1.798531e+02,4.931520e-04,-2.155827e+01,4.931266e-04,-2.155910e+01,9.762636e-01,-1.798364e+02
8317.63771,9.653853e-01,-1.798395e+02,4.797326e-04,-1.718337e+01,4.797110e-04,-1.718384e+01,9.762834e-01,-1.798507e+02
9120.10839,9.654304e-01,-1.798247e+02,4.702830e-04,-1.271192e+01,4.702648e-04,-1.271210e+01,9.763000e-01,-1.798637e+02
10000.00000,9.654844e-01,-1.798084e+02,4.647114e-04,-8.187747e+00,4.646962e-04,-8.187715e+00,9.763138e-01,-1.798756e+02
