! ! 
! S ! 
! ! 
! # MHz  S  MA  R  50.00000
! ! ===================================================================
1.00000,9.643446e-01,-1.799809e+02,6.529018e-03,3.241375e+01,7.497658e-03,5.167221e-01,9.079977e-01,-1.794602e+02
1.09648,9.643476e-01,-1.799824e+02,6.672081e-03,2.994841e+01,7.504551e-03,4.688073e-01,9.086096e-01,-1.794852e+02
1.20226,9.643504e-01,-1.799838e+02,6.798553e-03,2.761251e+01,7.510761e-03,4.172816e-01,9.091613e-01,-1.795114e+02
1.31826,9.643528e-01,-1.799852e+02,6.909435e-03,2.540973e+01,7.516294e-03,3.628630e-01,9.096533e-01,-1.795382e+02
1.44544,9.643550e-01,-1.799864e+02,7.005929e-03,2.334124e+01,7.521177e-03,3.061528e-01,9.100878e-01,-1.795650e+02
1.58489,9.643569e-01,-1.799875e+02,7.089355e-03,2.140597e+01,7.525446e-03,2.476178e-01,9.104682e-01,-1.795914e+02
1.73780,9.643585e-01,-1.799885e+02,7.161068e-03,1.960100e+01,7.529149e-03,1.875858e-01,9.107988e-01,-1.796169e+02
1.90546,9.643600e-01,-1.799895e+02,7.222404e-03,1.792200e+01,7.532340e-03,1.262484e-01,9.110842e-01,-1.796413e+02
2.08930,9.643612e-01,-1.799903e+02,7.274638e-03,1.636349e+01,7.535070e-03,6.367097e-02,9.113293e-01,-1.796644e+02
2.29087,9.643622e-01,-1.799911e+02,7.318953e-03,1.491925e+01,7.537393e-03,-1.960307e-04,9.115387e-01,-1.796860e+02
2.51189,9.643631e-01,-1.799918e+02,7.356428e-03,1.358257e+01,7.539357e-03,-6.550356e-02,9.117170e-01,-1.797059e+02
2.75423,9.643639e-01,-1.799924e+02,7.388029e-03,1.234642e+01,7.541009e-03,-1.324919e-01,9.118684e-01,-1.797242e+02
3.01995,9.643645e-01,-1.799930e+02,7.414613e-03,1.120370e+01,7.542389e-03,-2.014799e-01,9.119965e-01,-1.797408e+02
3.31131,9.643651e-01,-1.799935e+02,7.436926e-03,1.014735e+01,7.543533e-03,-2.728558e-01,9.121048e-01,-1.797557e+02
3.63078,9.643656e-01,-1.799940e+02,7.455618e-03,9.170437e+00,7.544472e-03,-3.470706e-01,9.121963e-01,-1.797690e+02
3.98107,9.643660e-01,-1.799944e+02,7.471246e-03,8.266239e+00,7.545233e-03,-4.246335e-01,9.122736e-01,-1.797805e+02
4.36516,9.643663e-01,-1.799948e+02,7.484287e-03,7.428293e+00,7.545837e-03,-5.061087e-01,9.123390e-01,-1.797904e+02
4.78630,9.643666e-01,-1.799951e+02,7.495147e-03,6.650412e+00,7.546303e-03,-5.921148e-01,9.123944e-01,-1.797988e+02
5.24807,9.643669e-01,-1.799954e+02,7.504167e-03,5.926706e+00,7.546644e-03,-6.833253e-01,9.124416e-01,-1.798055e+02
5.75440,9.643671e-01,-1.799956e+02,7.511638e-03,5.251576e+00,7.546870e-03,-7.804702e-01,9.124820e-01,-1.798107e+02
6.30957,9.643673e-01,-1.799958e+02,7.517798e-03,4.619708e+00,7.546989e-03,-8.843397e-01,9.125170e-01,-1.798144e+02
6.91831,9.643675e-01,-1.799960e+02,7.522850e-03,4.026057e+00,7.547004e-03,-9.957882e-01,9.125477e-01,-1.798165e+02
7.58578,9.643676e-01,-1.799962e+02,7.526958e-03,3.465828e+00,7.546915e-03,-1.115740e+00,9.125750e-01,-1.798172e+02
8.31764,9.643678e-01,-1.799963e+02,7.530258e-03,2.934453e+00,7.546718e-03,-1.245194e+00,9.126000e-01,-1.798163e+02
9.12011,9.643680e-01,-1.799964e+02,7.532859e-03,2.427566e+00,7.546407e-03,-1.385234e+00,9.126234e-01,-1.798139e+02
10.00000,9.643682e-01,-1.799964e+02,7.534848e-03,1.940977e+00,7.545971e-03,-1.537033e+00,9.126459e-01,-1.798100e+02
10.96478,9.643684e-01,-1.799964e+02,7.536290e-03,1.470646e+00,7.545394e-03,-1.701864e+00,9.126684e-01,-1.798044e+02
12.02264,9.643686e-01,-1.799964e+02,7.537235e-03,1.012652e+00,7.544659e-03,-1.881112e+00,9.126916e-01,-1.797972e+02
13.18257,9.643688e-01,-1.799964e+02,7.537714e-03,5.631685e-01,7.543739e-03,-2.076277e+00,9.127163e-01,-1.797884e+02
14.45440,9.643691e-01,-1.799963e+02,7.537742e-03,1.184363e-01,7.542603e-03,-2.288996e+00,9.127434e-01,-1.797777e+02
15.84893,9.643695e-01,-1.799962e+02,7.537321e-03,-3.252675e-01,7.541214e-03,-2.521045e+00,9.127736e-01,-1.797652e+02
17.37801,9.643698e-01,-1.799961e+02,7.536437e-03,-7.716548e-01,7.539523e-03,-2.774358e+00,9.128081e-01,-1.797508e+02
19.05461,9.643703e-01,-1.799959e+02,7.535059e-03,-1.224454e+00,7.537476e-03,-3.051039e+00,9.128481e-01,-1.797342e+02
20.89296,9.643708e-01,-1.799957e+02,7.533143e-03,-1.687439e+00,7.535002e-03,-3.353377e+00,9.128947e-01,-1.797155e+02
22.90868,9.643715e-01,-1.799954e+02,7.530624e-03,-2.164451e+00,7.532018e-03,-3.683859e+00,9.129497e-01,-1.796944e+02
25.11886,9.643723e-01,-1.799952e+02,7.527418e-03,-2.659431e+00,7.528427e-03,-4.045188e+00,9.130147e-01,-1.796708e+02
27.54229,9.643732e-01,-1.799948e+02,7.523419e-03,-3.176441e+00,7.524107e-03,-4.440295e+00,9.130921e-01,-1.796446e+02
30.19952,9.643743e-01,-1.799945e+02,7.518495e-03,-3.719688e+00,7.518917e-03,-4.872357e+00,9.131842e-01,-1.796155e+02
33.11311,9.643756e-01,-1.799941e+02,7.512485e-03,-4.293547e+00,7.512685e-03,-5.344808e+00,9.132941e-01,-1.795834e+02
36.30781,9.643772e-01,-1.799936e+02,7.505193e-03,-4.902582e+00,7.505209e-03,-5.861352e+00,9.134253e-01,-1.795480e+02
39.81072,9.643791e-01,-1.799931e+02,7.496383e-03,-5.551561e+00,7.496247e-03,-6.425974e+00,9.135819e-01,-1.795091e+02
43.65158,9.643813e-01,-1.799926e+02,7.485774e-03,-6.245466e+00,7.485511e-03,-7.042941e+00,9.137690e-01,-1.794666e+02
47.86301,9.643840e-01,-1.799920e+02,7.473030e-03,-6.989500e+00,7.472662e-03,-7.716804e+00,9.139921e-01,-1.794201e+02
52.48075,9.643872e-01,-1.799913e+02,7.457754e-03,-7.789081e+00,7.457299e-03,-8.452387e+00,9.142582e-01,-1.793696e+02
57.54399,9.643911e-01,-1.799906e+02,7.439478e-03,-8.649829e+00,7.438952e-03,-9.254766e+00,9.145748e-01,-1.793148e+02
63.09573,9.643956e-01,-1.799898e+02,7.417657e-03,-9.577531e+00,7.417072e-03,-1.012923e+01,9.149512e-01,-1.792556e+02
69.18310,9.644010e-01,-1.799889e+02,7.391652e-03,-1.057809e+01,7.391019e-03,-1.108124e+01,9.153975e-01,-1.791918e+02
75.85776,9.644074e-01,-1.799880e+02,7.360728e-03,-1.165746e+01,7.360057e-03,-1.211632e+01,9.159255e-01,-1.791235e+02
83.17638,9.644150e-01,-1.799870e+02,7.324045e-03,-1.282151e+01,7.323343e-03,-1.323999e+01,9.165482e-01,-1.790508e+02
91.20108,9.644239e-01,-1.799859e+02,7.280650e-03,-1.407593e+01,7.279924e-03,-1.445757e+01,9.172800e-01,-1.789738e+02
100.00000,9.644343e-01,-1.799848e+02,7.229477e-03,-1.542601e+01,7.228733e-03,-1.577405e+01,9.181365e-01,-1.788929e+02
109.64782,9.644464e-01,-1.799836e+02,7.169355e-03,-1.687640e+01,7.168598e-03,-1.719381e+01,9.191337e-01,-1.788087e+02
120.22644,9.644604e-01,-1.799824e+02,7.099019e-03,-1.843089e+01,7.098253e-03,-1.872035e+01,9.202884e-01,-1.787219e+02
131.82567,9.644766e-01,-1.799811e+02,7.017138e-03,-2.009201e+01,7.016368e-03,-2.035598e+01,9.216163e-01,-1.786337e+02
144.54398,9.644951e-01,-1.799798e+02,6.922354e-03,-2.186069e+01,6.921584e-03,-2.210140e+01,9.231317e-01,-1.785453e+02
158.48932,9.645161e-01,-1.799784e+02,6.813339e-03,-2.373586e+01,6.812572e-03,-2.395537e+01,9.248461e-01,-1.784585e+02
173.78008,9.645396e-01,-1.799771e+02,6.688867e-03,-2.571407e+01,6.688108e-03,-2.591424e+01,9.267665e-01,-1.783751e+02
190.54607,9.645657e-01,-1.799758e+02,6.547907e-03,-2.778906e+01,6.547157e-03,-2.797159e+01,9.288939e-01,-1.782973e+02
208.92961,9.645944e-01,-1.799746e+02,6.389714e-03,-2.995153e+01,6.388978e-03,-3.011796e+01,9.312217e-01,-1.782272e+02
229.08677,9.646254e-01,-1.799734e+02,6.213940e-03,-3.218892e+01,6.213221e-03,-3.234067e+01,9.337348e-01,-1.781673e+02
251.18864,9.646585e-01,-1.799723e+02,6.020722e-03,-3.448543e+01,6.020022e-03,-3.462379e+01,9.364091e-01,-1.781196e+02
275.42287,9.646933e-01,-1.799714e+02,5.810753e-03,-3.682223e+01,5.810075e-03,-3.694837e+01,9.392112e-01,-1.780859e+02
301.99517,9.647293e-01,-1.799706e+02,5.585316e-03,-3.917790e+01,5.584663e-03,-3.929289e+01,9.421002e-01,-1.780676e+02
331.13112,9.647659e-01,-1.799699e+02,5.346272e-03,-4.152904e+01,5.345645e-03,-4.163386e+01,9.450297e-01,-1.780655e+02
363.07805,9.648025e-01,-1.799694e+02,5.095994e-03,-4.385113e+01,5.095395e-03,-4.394666e+01,9.479505e-01,-1.780797e+02
398.10717,9.648386e-01,-1.799691e+02,4.837261e-03,-4.611937e+01,4.836692e-03,-4.620644e+01,9.508140e-01,-1.781095e+02
436.51583,9.648734e-01,-1.799688e+02,4.573106e-03,-4.830964e+01,4.572568e-03,-4.838898e+01,9.535754e-01,-1.781539e+02
478.63009,9.649066e-01,-1.799687e+02,4.306660e-03,-5.039927e+01,4.306153e-03,-5.047154e+01,9.561964e-01,-1.782110e+02
524.80746,9.649378e-01,-1.799686e+02,4.040982e-03,-5.236765e+01,4.040506e-03,-5.243348e+01,9.586466e-01,-1.782789e+02
575.43994,9.649666e-01,-1.799685e+02,3.778923e-03,-5.419673e+01,3.778478e-03,-5.425667e+01,9.609052e-01,-1.783552e+02
630.95734,9.649930e-01,-1.799684e+02,3.523012e-03,-5.587115e+01,3.522597e-03,-5.592572e+01,9.629601e-01,-1.784377e+02
691.83097,9.650168e-01,-1.799683e+02,3.275388e-03,-5.737828e+01,3.275003e-03,-5.742794e+01,9.648075e-01,-1.785243e+02
758.57758,9.650381e-01,-1.799681e+02,3.037764e-03,-5.870799e+01,3.037407e-03,-5.875316e+01,9.664509e-01,-1.786129e+02
831.76377,9.650570e-01,-1.799678e+02,2.811426e-03,-5.985235e+01,2.811097e-03,-5.989341e+01,9.678988e-01,-1.787019e+02
912.01084,9.650736e-01,-1.799673e+02,2.597262e-03,-6.080525e+01,2.596958e-03,-6.084254e+01,9.691640e-01,-1.787898e+02
1000.00000,9.650882e-01,-1.799667e+02,2.395801e-03,-6.156195e+01,2.395521e-03,-6.159581e+01,9.702613e-01,-1.788755e+02
1096.47820,9.651010e-01,-1.799658e+02,2.207265e-03,-6.211872e+01,2.207009e-03,-6.214942e+01,9.712071e-01,-1.789581e+02
1202.26443,9.651122e-01,-1.799648e+02,2.031628e-03,-6.247236e+01,2.031393e-03,-6.250018e+01,9.720177e-01,-1.790370e+02
1318.25674,9.651221e-01,-1.799635e+02,1.868664e-03,-6.261996e+01,1.868449e-03,-6.264513e+01,9.727093e-01,-1.791118e+02
1445.43977,9.651308e-01,-1.799619e+02,1.717998e-03,-6.255854e+01,1.717801e-03,-6.258127e+01,9.732970e-01,-1.791823e+02
1584.89319,9.651386e-01,-1.799601e+02,1.579149e-03,-6.228487e+01,1.578970e-03,-6.230536e+01,9.737946e-01,-1.792483e+02
1737.80083,9.651456e-01,-1.799579e+02,1.451566e-03,-6.179531e+01,1.451403e-03,-6.181373e+01,9.742148e-01,-1.793099e+02
1905.46072,9.651522e-01,-1.799554e+02,1.334655e-03,-6.108570e+01,1.334506e-03,-6.110222e+01,9.745687e-01,-1.793671e+02
2089.29613,9.651584e-01,-1.799526e+02,1.227804e-03,-6.015137e+01,1.227669e-03,-6.016613e+01,9.748662e-01,-1.794201e+02
2290.86765,9.651645e-01,-1.799493e+02,1.130401e-03,-5.898717e+01,1.130278e-03,-5.900031e+01,9.751158e-01,-1.794690e+02
2511.88643,9.651706e-01,-1.799457e+02,1.041845e-03,-5.758759e+01,1.041734e-03,-5.759923e+01,9.753250e-01,-1.795141e+02
2754.22870,9.651770e-01,-1.799416e+02,9.615579e-04,-5.594699e+01,9.614577e-04,-5.595723e+01,9.755000e-01,-1.795557e+02
3019.95172,9.651839e-01,-1.799369e+02,8.889921e-04,-5.405984e+01,8.889018e-04,-5.406879e+01,9.756464e-01,-1.795938e+02
3311.31121,9.651915e-01,-1.799318e+02,8.236323e-04,-5.192117e+01,8.235512e-04,-5.192893e+01,9.757687e-01,-1.796288e+02
3630.78055,9.652000e-01,-1.799261e+02,7.650001e-04,-4.952701e+01,7.649274e-04,-4.953367e+01,9.758707e-01,-1.796609e+02
3981.07171,9.652098e-01,-1.799198e+02,7.126547e-04,-4.687501e+01,7.125898e-04,-4.688065e+01,9.759559e-01,-1.796903e+02
4365.15832,9.652211e-01,-1.799128e+02,6.661942e-04,-4.396508e+01,6.661364e-04,-4.396979e+01,9.760269e-01,-1.797172e+02
4786.30092,9.652344e-01,-1.799051e+02,6.252544e-04,-4.080015e+01,6.252033e-04,-4.080400e+01,9.760861e-01,-1.797418e+02
5248.07460,9.652500e-01,-1.798965e+02,5.895090e-04,-3.738694e+01,5.894640e-04,-3.739003e+01,9.761354e-01,-1.797643e+02
5754.39937,9.652686e-01,-1.798872e+02,5.586684e-04,-3.373676e+01,5.586290e-04,-3.373915e+01,9.761765e-01,-1.797849e+02
6309.57344,9.652907e-01,-1.798769e+02,5.324787e-04,-2.986611e+01,5.324443e-04,-2.986790e+01,9.762108e-01,-1.798037e+02
6918.30971,9.653171e-01,-1.798656e+02,5.107203e-04,-2.579725e+01,5.106907e-04,-2.579851e+01,9.762393e-01,-1.798208e+02
7585.77575,9.653486e-01,-1.798531e+02,4.932076e-04,-2.155837e+01,4.931822e-04,-2.155919e+01,9.762631e-01,-1.798364e+02
8317.63771,9.653863e-01,-1.798395e+02,4.797871e-04,-1.718353e+01,4.797655e-04,-1.718400e+01,9.762829e-01,-1.798507e+02
9120.10839,9.654314e-01,-1.798246e+02,4.703367e-04,-1.271214e+01,4.703185e-04,-1.271233e+01,9.762995e-01,-1.798637e+02
10000.00000,9.654854e-01,-1.798084e+02,4.647647e-04,-8.188056e+00,4.647495e-04,-8.188024e+00,9.763133e-01,-1.798756e+02
