! ! 
! S ! 
! ! 
! # MHz  S  MA  R  50.00000
! ! ===================================================================
1.00000,9.643459e-01,-1.799809e+02,6.519740e-03,3.246912e+01,7.486705e-03,5.164870e-01,9.081069e-01,-1.794612e+02
1.09648,9.643490e-01,-1.799824e+02,6.662554e-03,2.999891e+01,7.493586e-03,4.685726e-01,9.087179e-01,-1.794861e+02
1.20226,9.643517e-01,-1.799838e+02,6.788807e-03,2.765854e+01,7.499786e-03,4.170463e-01,9.092687e-01,-1.795122e+02
1.31826,9.643542e-01,-1.799852e+02,6.899497e-03,2.545170e+01,7.505311e-03,3.626262e-01,9.097599e-01,-1.795390e+02
1.44544,9.643563e-01,-1.799864e+02,6.995825e-03,2.337950e+01,7.510185e-03,3.059132e-01,9.101936e-01,-1.795657e+02
1.58489,9.643582e-01,-1.799875e+02,7.079108e-03,2.144084e+01,7.514447e-03,2.473742e-01,9.105734e-01,-1.795920e+02
1.73780,9.643599e-01,-1.799885e+02,7.150697e-03,1.963278e+01,7.518145e-03,1.873365e-01,9.109035e-01,-1.796175e+02
1.90546,9.643613e-01,-1.799895e+02,7.211928e-03,1.795095e+01,7.521330e-03,1.259918e-01,9.111884e-01,-1.796419e+02
2.08930,9.643625e-01,-1.799903e+02,7.264073e-03,1.638986e+01,7.524056e-03,6.340520e-02,9.114331e-01,-1.796649e+02
2.29087,9.643636e-01,-1.799911e+02,7.308312e-03,1.494328e+01,7.526375e-03,-4.729260e-04,9.116422e-01,-1.796865e+02
2.51189,9.643645e-01,-1.799918e+02,7.345723e-03,1.360444e+01,7.528336e-03,-6.579372e-02,9.118202e-01,-1.797064e+02
2.75423,9.643653e-01,-1.799924e+02,7.377270e-03,1.236632e+01,7.529986e-03,-1.327976e-01,9.119713e-01,-1.797247e+02
3.01995,9.643659e-01,-1.799930e+02,7.403808e-03,1.122181e+01,7.531363e-03,-2.018036e-01,9.120993e-01,-1.797413e+02
3.31131,9.643665e-01,-1.799935e+02,7.426084e-03,1.016382e+01,7.532505e-03,-2.732002e-01,9.122074e-01,-1.797561e+02
3.63078,9.643669e-01,-1.799940e+02,7.444743e-03,9.185402e+00,7.533443e-03,-3.474385e-01,9.122987e-01,-1.797693e+02
3.98107,9.643673e-01,-1.799944e+02,7.460344e-03,8.279830e+00,7.534202e-03,-4.250280e-01,9.123759e-01,-1.797809e+02
4.36516,9.643677e-01,-1.799948e+02,7.473363e-03,7.440623e+00,7.534805e-03,-5.065330e-01,9.124412e-01,-1.797908e+02
4.78630,9.643680e-01,-1.799951e+02,7.484204e-03,6.661586e+00,7.535270e-03,-5.925726e-01,9.124965e-01,-1.797991e+02
5.24807,9.643682e-01,-1.799954e+02,7.493209e-03,5.936819e+00,7.535610e-03,-6.838203e-01,9.125436e-01,-1.798058e+02
5.75440,9.643684e-01,-1.799956e+02,7.500666e-03,5.260715e+00,7.535836e-03,-7.810067e-01,9.125840e-01,-1.798110e+02
6.30957,9.643686e-01,-1.799958e+02,7.506816e-03,4.627949e+00,7.535955e-03,-8.849221e-01,9.126189e-01,-1.798146e+02
6.91831,9.643688e-01,-1.799960e+02,7.511859e-03,4.033471e+00,7.535969e-03,-9.964215e-01,9.126496e-01,-1.798168e+02
7.58578,9.643690e-01,-1.799962e+02,7.515959e-03,3.472478e+00,7.535879e-03,-1.116429e+00,9.126769e-01,-1.798174e+02
8.31764,9.643692e-01,-1.799963e+02,7.519253e-03,2.940395e+00,7.535682e-03,-1.245946e+00,9.127018e-01,-1.798166e+02
9.12011,9.643694e-01,-1.799964e+02,7.521849e-03,2.432851e+00,7.535371e-03,-1.386054e+00,9.127251e-01,-1.798142e+02
10.00000,9.643695e-01,-1.799964e+02,7.523834e-03,1.945650e+00,7.534935e-03,-1.537928e+00,9.127477e-01,-1.798102e+02
10.96478,9.643697e-01,-1.799964e+02,7.525273e-03,1.474745e+00,7.534359e-03,-1.702842e+00,9.127702e-01,-1.798047e+02
12.02264,9.643700e-01,-1.799964e+02,7.526215e-03,1.016213e+00,7.533623e-03,-1.882181e+00,9.127934e-01,-1.797975e+02
13.18257,9.643702e-01,-1.799964e+02,7.526691e-03,5.662228e-01,7.532703e-03,-2.077447e+00,9.128180e-01,-1.797886e+02
14.45440,9.643705e-01,-1.799963e+02,7.526718e-03,1.210092e-01,7.531568e-03,-2.290275e+00,9.128451e-01,-1.797780e+02
15.84893,9.643708e-01,-1.799962e+02,7.526296e-03,-3.231541e-01,7.530179e-03,-2.522444e+00,9.128753e-01,-1.797655e+02
17.37801,9.643712e-01,-1.799961e+02,7.525410e-03,-7.699826e-01,7.528489e-03,-2.775889e+00,9.129098e-01,-1.797511e+02
19.05461,9.643717e-01,-1.799959e+02,7.524032e-03,-1.223209e+00,7.526442e-03,-3.052716e+00,9.129497e-01,-1.797345e+02
20.89296,9.643722e-01,-1.799957e+02,7.522116e-03,-1.686609e+00,7.523969e-03,-3.355212e+00,9.129963e-01,-1.797158e+02
22.90868,9.643728e-01,-1.799954e+02,7.519597e-03,-2.164029e+00,7.520986e-03,-3.685868e+00,9.130512e-01,-1.796948e+02
25.11886,9.643736e-01,-1.799952e+02,7.516391e-03,-2.659413e+00,7.517396e-03,-4.047387e+00,9.131163e-01,-1.796712e+02
27.54229,9.643745e-01,-1.799949e+02,7.512393e-03,-3.176826e+00,7.513078e-03,-4.442702e+00,9.131935e-01,-1.796450e+02
30.19952,9.643756e-01,-1.799945e+02,7.507471e-03,-3.720477e+00,7.507889e-03,-4.874990e+00,9.132856e-01,-1.796160e+02
33.11311,9.643770e-01,-1.799941e+02,7.501462e-03,-4.294746e+00,7.501660e-03,-5.347688e+00,9.133954e-01,-1.795839e+02
36.30781,9.643785e-01,-1.799936e+02,7.494172e-03,-4.904199e+00,7.494186e-03,-5.864503e+00,9.135266e-01,-1.795485e+02
39.81072,9.643804e-01,-1.799931e+02,7.485365e-03,-5.553606e+00,7.485227e-03,-6.429418e+00,9.136832e-01,-1.795097e+02
43.65158,9.643827e-01,-1.799926e+02,7.474759e-03,-6.247953e+00,7.474494e-03,-7.046704e+00,9.138701e-01,-1.794672e+02
47.86301,9.643854e-01,-1.799920e+02,7.462019e-03,-6.992446e+00,7.461650e-03,-7.720914e+00,9.140931e-01,-1.794208e+02
52.48075,9.643886e-01,-1.799913e+02,7.446749e-03,-7.792504e+00,7.446292e-03,-8.456871e+00,9.143590e-01,-1.793703e+02
57.54399,9.643924e-01,-1.799906e+02,7.428480e-03,-8.653750e+00,7.427952e-03,-9.259654e+00,9.146755e-01,-1.793156e+02
63.09573,9.643970e-01,-1.799898e+02,7.406666e-03,-9.581971e+00,7.406080e-03,-1.013456e+01,9.150516e-01,-1.792564e+02
69.18310,9.644024e-01,-1.799889e+02,7.380671e-03,-1.058308e+01,7.380037e-03,-1.108703e+01,9.154977e-01,-1.791928e+02
75.85776,9.644088e-01,-1.799880e+02,7.349759e-03,-1.166301e+01,7.349087e-03,-1.212261e+01,9.160254e-01,-1.791246e+02
83.17638,9.644163e-01,-1.799870e+02,7.313091e-03,-1.282765e+01,7.312388e-03,-1.324680e+01,9.166477e-01,-1.790519e+02
91.20108,9.644252e-01,-1.799859e+02,7.269714e-03,-1.408269e+01,7.268987e-03,-1.446494e+01,9.173791e-01,-1.789750e+02
100.00000,9.644356e-01,-1.799848e+02,7.218564e-03,-1.543340e+01,7.217819e-03,-1.578200e+01,9.182350e-01,-1.788942e+02
109.64782,9.644477e-01,-1.799836e+02,7.158470e-03,-1.688445e+01,7.157712e-03,-1.720236e+01,9.192316e-01,-1.788101e+02
120.22644,9.644618e-01,-1.799824e+02,7.088169e-03,-1.843959e+01,7.087403e-03,-1.872951e+01,9.203853e-01,-1.787235e+02
131.82567,9.644779e-01,-1.799811e+02,7.006332e-03,-2.010137e+01,7.005561e-03,-2.036576e+01,9.217122e-01,-1.786354e+02
144.54398,9.644964e-01,-1.799798e+02,6.911601e-03,-2.187069e+01,6.910830e-03,-2.211179e+01,9.232264e-01,-1.785472e+02
158.48932,9.645174e-01,-1.799784e+02,6.802653e-03,-2.374649e+01,6.801885e-03,-2.396635e+01,9.249394e-01,-1.784606e+02
173.78008,9.645409e-01,-1.799771e+02,6.678264e-03,-2.572527e+01,6.677503e-03,-2.592576e+01,9.268579e-01,-1.783773e+02
190.54607,9.645670e-01,-1.799758e+02,6.537404e-03,-2.780078e+01,6.536653e-03,-2.798360e+01,9.289831e-01,-1.782996e+02
208.92961,9.645956e-01,-1.799746e+02,6.379334e-03,-2.996368e+01,6.378597e-03,-3.013038e+01,9.313084e-01,-1.782298e+02
229.08677,9.646266e-01,-1.799734e+02,6.203707e-03,-3.220140e+01,6.202987e-03,-3.235339e+01,9.338186e-01,-1.781700e+02
251.18864,9.646597e-01,-1.799724e+02,6.010665e-03,-3.449812e+01,6.009964e-03,-3.463670e+01,9.364895e-01,-1.781224e+02
275.42287,9.646944e-01,-1.799714e+02,5.800902e-03,-3.683499e+01,5.800224e-03,-3.696133e+01,9.392878e-01,-1.780889e+02
301.99517,9.647304e-01,-1.799706e+02,5.575704e-03,-3.919057e+01,5.575050e-03,-3.930574e+01,9.421727e-01,-1.780707e+02
331.13112,9.647669e-01,-1.799700e+02,5.336932e-03,-4.154145e+01,5.336304e-03,-4.164644e+01,9.450976e-01,-1.780687e+02
363.07805,9.648035e-01,-1.799695e+02,5.086959e-03,-4.386310e+01,5.086360e-03,-4.395879e+01,9.480136e-01,-1.780829e+02
398.10717,9.648395e-01,-1.799691e+02,4.828561e-03,-4.613074e+01,4.827992e-03,-4.621794e+01,9.508721e-01,-1.781128e+02
436.51583,9.648743e-01,-1.799688e+02,4.564770e-03,-4.832024e+01,4.564232e-03,-4.839969e+01,9.536285e-01,-1.781572e+02
478.63009,9.649074e-01,-1.799687e+02,4.298710e-03,-5.040892e+01,4.298203e-03,-5.048131e+01,9.562443e-01,-1.782143e+02
524.80746,9.649385e-01,-1.799686e+02,4.033436e-03,-5.237622e+01,4.032960e-03,-5.244215e+01,9.586897e-01,-1.782821e+02
575.43994,9.649673e-01,-1.799685e+02,3.771792e-03,-5.420408e+01,3.771347e-03,-5.426412e+01,9.609435e-01,-1.783583e+02
630.95734,9.649936e-01,-1.799684e+02,3.516303e-03,-5.587718e+01,3.515888e-03,-5.593183e+01,9.629938e-01,-1.784408e+02
691.83097,9.650174e-01,-1.799683e+02,3.269100e-03,-5.738287e+01,3.268715e-03,-5.743260e+01,9.648372e-01,-1.785272e+02
758.57758,9.650386e-01,-1.799681e+02,3.031892e-03,-5.871105e+01,3.031535e-03,-5.875628e+01,9.664767e-01,-1.786157e+02
831.76377,9.650575e-01,-1.799678e+02,2.805961e-03,-5.985380e+01,2.805632e-03,-5.989492e+01,9.679213e-01,-1.787045e+02
912.01084,9.650741e-01,-1.799673e+02,2.592191e-03,-6.080501e+01,2.591887e-03,-6.084237e+01,9.691834e-01,-1.787923e+02
1000.00000,9.650887e-01,-1.799667e+02,2.391107e-03,-6.155997e+01,2.390827e-03,-6.159388e+01,9.702780e-01,-1.788778e+02
1096.47820,9.651014e-01,-1.799659e+02,2.202931e-03,-6.211491e+01,2.202674e-03,-6.214566e+01,9.712214e-01,-1.789603e+02
1202.26443,9.651126e-01,-1.799648e+02,2.027634e-03,-6.246667e+01,2.027398e-03,-6.249453e+01,9.720301e-01,-1.790390e+02
1318.25674,9.651224e-01,-1.799635e+02,1.864989e-03,-6.261231e+01,1.864774e-03,-6.263751e+01,9.727199e-01,-1.791137e+02
1445.43977,9.651311e-01,-1.799620e+02,1.714622e-03,-6.254885e+01,1.714426e-03,-6.257161e+01,9.733060e-01,-1.791840e+02
1584.89319,9.651389e-01,-1.799601e+02,1.576053e-03,-6.227306e+01,1.575873e-03,-6.229357e+01,9.738024e-01,-1.792499e+02
1737.80083,9.651459e-01,-1.799580e+02,1.448729e-03,-6.178129e+01,1.448566e-03,-6.179974e+01,9.742214e-01,-1.793113e+02
1905.46072,9.651525e-01,-1.799555e+02,1.332059e-03,-6.106938e+01,1.331910e-03,-6.108592e+01,9.745744e-01,-1.793684e+02
2089.29613,9.651587e-01,-1.799526e+02,1.225430e-03,-6.013266e+01,1.225295e-03,-6.014744e+01,9.748711e-01,-1.794213e+02
2290.86765,9.651648e-01,-1.799493e+02,1.128232e-03,-5.896597e+01,1.128109e-03,-5.897913e+01,9.751201e-01,-1.794702e+02
2511.88643,9.651709e-01,-1.799457e+02,1.039864e-03,-5.756381e+01,1.039754e-03,-5.757546e+01,9.753287e-01,-1.795152e+02
2754.22870,9.651773e-01,-1.799416e+02,9.597516e-04,-5.592052e+01,9.596514e-04,-5.593077e+01,9.755033e-01,-1.795566e+02
3019.95172,9.651842e-01,-1.799370e+02,8.873456e-04,-5.403060e+01,8.872552e-04,-5.403956e+01,9.756493e-01,-1.795947e+02
3311.31121,9.651917e-01,-1.799318e+02,8.221325e-04,-5.188909e+01,8.220513e-04,-5.189686e+01,9.757712e-01,-1.796296e+02
3630.78055,9.652003e-01,-1.799261e+02,7.636348e-04,-4.949205e+01,7.635621e-04,-4.949872e+01,9.758730e-01,-1.796617e+02
3981.07171,9.652100e-01,-1.799198e+02,7.114129e-04,-4.683715e+01,7.113479e-04,-4.684279e+01,9.759580e-01,-1.796910e+02
4365.15832,9.652213e-01,-1.799128e+02,6.650654e-04,-4.392433e+01,6.650076e-04,-4.392904e+01,9.760288e-01,-1.797178e+02
4786.30092,9.652346e-01,-1.799051e+02,6.242291e-04,-4.075657e+01,6.241780e-04,-4.076043e+01,9.760878e-01,-1.797424e+02
5248.07460,9.652503e-01,-1.798965e+02,5.885785e-04,-3.734067e+01,5.885335e-04,-3.734375e+01,9.761370e-01,-1.797648e+02
5754.39937,9.652688e-01,-1.798872e+02,5.578245e-04,-3.368797e+01,5.577851e-04,-3.369036e+01,9.761780e-01,-1.797853e+02
6309.57344,9.652909e-01,-1.798769e+02,5.317138e-04,-2.981505e+01,5.316795e-04,-2.981684e+01,9.762122e-01,-1.798041e+02
6918.30971,9.653173e-01,-1.798656e+02,5.100276e-04,-2.574423e+01,5.099980e-04,-2.574550e+01,9.762406e-01,-1.798212e+02
7585.77575,9.653488e-01,-1.798531e+02,4.925806e-04,-2.150378e+01,4.925552e-04,-2.150460e+01,9.762644e-01,-1.798368e+02
8317.63771,9.653865e-01,-1.798395e+02,4.792197e-04,-1.712780e+01,4.791982e-04,-1.712826e+01,9.762841e-01,-1.798510e+02
9120.10839,9.654316e-01,-1.798246e+02,4.698235e-04,-1.265574e+01,4.698054e-04,-1.265591e+01,9.763006e-01,-1.798640e+02
10000.00000,9.654856e-01,-1.798084e+02,4.643006e-04,-8.131467e+00,4.642855e-04,-8.131432e+00,9.763144e-01,-1.798759e+02
