! ! 
! S ! 
! ! 
! # MHz  S  MA  R  50.00000
! ! ===================================================================
1.00000,9.643439e-01,-1.799809e+02,6.528635e-03,3.247708e+01,7.496874e-03,5.172918e-01,9.079824e-01,-1.794593e+02
1.09648,9.643469e-01,-1.799824e+02,6.671643e-03,3.000621e+01,7.503771e-03,4.693504e-01,9.085954e-01,-1.794844e+02
1.20226,9.643497e-01,-1.799838e+02,6.798068e-03,2.766524e+01,7.509985e-03,4.177963e-01,9.091481e-01,-1.795106e+02
1.31826,9.643521e-01,-1.799852e+02,6.908909e-03,2.545785e+01,7.515523e-03,3.633485e-01,9.096410e-01,-1.795374e+02
1.44544,9.643543e-01,-1.799864e+02,7.005369e-03,2.338515e+01,7.520409e-03,3.066086e-01,9.100762e-01,-1.795643e+02
1.58489,9.643562e-01,-1.799875e+02,7.088765e-03,2.144602e+01,7.524681e-03,2.480442e-01,9.104573e-01,-1.795907e+02
1.73780,9.643579e-01,-1.799885e+02,7.160453e-03,1.963755e+01,7.528387e-03,1.879833e-01,9.107884e-01,-1.796163e+02
1.90546,9.643593e-01,-1.799894e+02,7.221768e-03,1.795533e+01,7.531580e-03,1.266180e-01,9.110744e-01,-1.796407e+02
2.08930,9.643605e-01,-1.799903e+02,7.273984e-03,1.639390e+01,7.534312e-03,6.401379e-02,9.113199e-01,-1.796638e+02
2.29087,9.643616e-01,-1.799911e+02,7.318284e-03,1.494700e+01,7.536637e-03,1.214212e-04,9.115297e-01,-1.796855e+02
2.51189,9.643625e-01,-1.799918e+02,7.355747e-03,1.360787e+01,7.538603e-03,-6.520999e-02,9.117083e-01,-1.797055e+02
2.75423,9.643632e-01,-1.799924e+02,7.387338e-03,1.236950e+01,7.540256e-03,-1.322207e-01,9.118599e-01,-1.797238e+02
3.01995,9.643639e-01,-1.799930e+02,7.413912e-03,1.122476e+01,7.541637e-03,-2.012295e-01,9.119883e-01,-1.797404e+02
3.31131,9.643644e-01,-1.799935e+02,7.436218e-03,1.016656e+01,7.542782e-03,-2.726246e-01,9.120968e-01,-1.797554e+02
3.63078,9.643649e-01,-1.799940e+02,7.454904e-03,9.187956e+00,7.543722e-03,-3.468571e-01,9.121885e-01,-1.797686e+02
3.98107,9.643653e-01,-1.799944e+02,7.470527e-03,8.282221e+00,7.544483e-03,-4.244362e-01,9.122659e-01,-1.797802e+02
4.36516,9.643656e-01,-1.799948e+02,7.483563e-03,7.442870e+00,7.545088e-03,-5.059262e-01,9.123314e-01,-1.797902e+02
4.78630,9.643659e-01,-1.799951e+02,7.494420e-03,6.663710e+00,7.545554e-03,-5.919458e-01,9.123869e-01,-1.797985e+02
5.24807,9.643662e-01,-1.799954e+02,7.503437e-03,5.938836e+00,7.545895e-03,-6.831685e-01,9.124341e-01,-1.798053e+02
5.75440,9.643664e-01,-1.799956e+02,7.510905e-03,5.262642e+00,7.546122e-03,-7.803243e-01,9.124746e-01,-1.798105e+02
6.30957,9.643666e-01,-1.799958e+02,7.517063e-03,4.629803e+00,7.546242e-03,-8.842037e-01,9.125097e-01,-1.798142e+02
6.91831,9.643668e-01,-1.799960e+02,7.522113e-03,4.035267e+00,7.546257e-03,-9.956609e-01,9.125404e-01,-1.798163e+02
7.58578,9.643670e-01,-1.799962e+02,7.526220e-03,3.474231e+00,7.546168e-03,-1.115620e+00,9.125678e-01,-1.798170e+02
8.31764,9.643672e-01,-1.799963e+02,7.529519e-03,2.942121e+00,7.545971e-03,-1.245081e+00,9.125928e-01,-1.798162e+02
9.12011,9.643673e-01,-1.799964e+02,7.532119e-03,2.434563e+00,7.545660e-03,-1.385127e+00,9.126162e-01,-1.798138e+02
10.00000,9.643675e-01,-1.799964e+02,7.534107e-03,1.947363e+00,7.545224e-03,-1.536931e+00,9.126388e-01,-1.798098e+02
10.96478,9.643677e-01,-1.799964e+02,7.535549e-03,1.476475e+00,7.544648e-03,-1.701766e+00,9.126613e-01,-1.798043e+02
12.02264,9.643679e-01,-1.799964e+02,7.536494e-03,1.017973e+00,7.543912e-03,-1.881017e+00,9.126845e-01,-1.797971e+02
13.18257,9.643682e-01,-1.799964e+02,7.536972e-03,5.680277e-01,7.542992e-03,-2.076185e+00,9.127093e-01,-1.797883e+02
14.45440,9.643685e-01,-1.799963e+02,7.537000e-03,1.228744e-01,7.541857e-03,-2.288905e+00,9.127363e-01,-1.797776e+02
15.84893,9.643688e-01,-1.799962e+02,7.536579e-03,-3.212129e-01,7.540468e-03,-2.520955e+00,9.127666e-01,-1.797651e+02
17.37801,9.643692e-01,-1.799961e+02,7.535694e-03,-7.679492e-01,7.538778e-03,-2.774268e+00,9.128011e-01,-1.797507e+02
19.05461,9.643696e-01,-1.799959e+02,7.534317e-03,-1.221066e+00,7.536730e-03,-3.050949e+00,9.128410e-01,-1.797341e+02
20.89296,9.643702e-01,-1.799957e+02,7.532401e-03,-1.684340e+00,7.534257e-03,-3.353286e+00,9.128877e-01,-1.797154e+02
22.90868,9.643708e-01,-1.799954e+02,7.529881e-03,-2.161614e+00,7.531274e-03,-3.683766e+00,9.129426e-01,-1.796943e+02
25.11886,9.643716e-01,-1.799952e+02,7.526676e-03,-2.656833e+00,7.527683e-03,-4.045092e+00,9.130077e-01,-1.796708e+02
27.54229,9.643725e-01,-1.799949e+02,7.522677e-03,-3.174060e+00,7.523364e-03,-4.440195e+00,9.130850e-01,-1.796445e+02
30.19952,9.643736e-01,-1.799945e+02,7.517754e-03,-3.717503e+00,7.518174e-03,-4.872253e+00,9.131772e-01,-1.796154e+02
33.11311,9.643749e-01,-1.799941e+02,7.511745e-03,-4.291540e+00,7.511944e-03,-5.344698e+00,9.132871e-01,-1.795833e+02
36.30781,9.643765e-01,-1.799936e+02,7.504454e-03,-4.900736e+00,7.504469e-03,-5.861237e+00,9.134183e-01,-1.795479e+02
39.81072,9.643784e-01,-1.799931e+02,7.495645e-03,-5.549860e+00,7.495507e-03,-6.425851e+00,9.135750e-01,-1.795090e+02
43.65158,9.643807e-01,-1.799926e+02,7.485038e-03,-6.243896e+00,7.484773e-03,-7.042811e+00,9.137620e-01,-1.794665e+02
47.86301,9.643834e-01,-1.799920e+02,7.472295e-03,-6.988047e+00,7.471925e-03,-7.716665e+00,9.139852e-01,-1.794201e+02
52.48075,9.643866e-01,-1.799913e+02,7.457021e-03,-7.787734e+00,7.456565e-03,-8.452238e+00,9.142513e-01,-1.793695e+02
57.54399,9.643904e-01,-1.799906e+02,7.438748e-03,-8.648576e+00,7.438220e-03,-9.254605e+00,9.145680e-01,-1.793147e+02
63.09573,9.643950e-01,-1.799898e+02,7.416929e-03,-9.576362e+00,7.416343e-03,-1.012906e+01,9.149443e-01,-1.792555e+02
69.18310,9.644004e-01,-1.799889e+02,7.390927e-03,-1.057700e+01,7.390293e-03,-1.108105e+01,9.153907e-01,-1.791917e+02
75.85776,9.644068e-01,-1.799880e+02,7.360008e-03,-1.165643e+01,7.359335e-03,-1.211612e+01,9.159187e-01,-1.791234e+02
83.17638,9.644143e-01,-1.799870e+02,7.323329e-03,-1.282054e+01,7.322626e-03,-1.323977e+01,9.165415e-01,-1.790507e+02
91.20108,9.644232e-01,-1.799859e+02,7.279940e-03,-1.407501e+01,7.279212e-03,-1.445734e+01,9.172734e-01,-1.789737e+02
100.00000,9.644336e-01,-1.799848e+02,7.228773e-03,-1.542513e+01,7.228028e-03,-1.577380e+01,9.181299e-01,-1.788928e+02
109.64782,9.644457e-01,-1.799836e+02,7.168659e-03,-1.687556e+01,7.167900e-03,-1.719354e+01,9.191273e-01,-1.788085e+02
120.22644,9.644597e-01,-1.799824e+02,7.098331e-03,-1.843008e+01,7.097564e-03,-1.872006e+01,9.202820e-01,-1.787218e+02
131.82567,9.644759e-01,-1.799811e+02,7.016460e-03,-2.009123e+01,7.015689e-03,-2.035567e+01,9.216100e-01,-1.786335e+02
144.54398,9.644944e-01,-1.799798e+02,6.921688e-03,-2.185993e+01,6.920917e-03,-2.210108e+01,9.231256e-01,-1.785452e+02
158.48932,9.645154e-01,-1.799784e+02,6.812686e-03,-2.373512e+01,6.811918e-03,-2.395503e+01,9.248402e-01,-1.784583e+02
173.78008,9.645389e-01,-1.799771e+02,6.688230e-03,-2.571335e+01,6.687469e-03,-2.591388e+01,9.267608e-01,-1.783749e+02
190.54607,9.645650e-01,-1.799758e+02,6.547286e-03,-2.778836e+01,6.546535e-03,-2.797121e+01,9.288883e-01,-1.782971e+02
208.92961,9.645937e-01,-1.799746e+02,6.389112e-03,-2.995084e+01,6.388375e-03,-3.011757e+01,9.312163e-01,-1.782270e+02
229.08677,9.646247e-01,-1.799734e+02,6.213359e-03,-3.218824e+01,6.212638e-03,-3.234026e+01,9.337298e-01,-1.781671e+02
251.18864,9.646578e-01,-1.799723e+02,6.020163e-03,-3.448477e+01,6.019462e-03,-3.462337e+01,9.364043e-01,-1.781194e+02
275.42287,9.646925e-01,-1.799714e+02,5.810217e-03,-3.682158e+01,5.809538e-03,-3.694795e+01,9.392067e-01,-1.780857e+02
301.99517,9.647285e-01,-1.799706e+02,5.584805e-03,-3.917727e+01,5.584151e-03,-3.929247e+01,9.420960e-01,-1.780674e+02
331.13112,9.647651e-01,-1.799700e+02,5.345786e-03,-4.152843e+01,5.345158e-03,-4.163344e+01,9.450258e-01,-1.780653e+02
363.07805,9.648017e-01,-1.799694e+02,5.095535e-03,-4.385054e+01,5.094936e-03,-4.394625e+01,9.479469e-01,-1.780795e+02
398.10717,9.648377e-01,-1.799691e+02,4.836828e-03,-4.611881e+01,4.836259e-03,-4.620603e+01,9.508108e-01,-1.781093e+02
436.51583,9.648726e-01,-1.799688e+02,4.572701e-03,-4.830911e+01,4.572162e-03,-4.838859e+01,9.535726e-01,-1.781537e+02
478.63009,9.649058e-01,-1.799687e+02,4.306281e-03,-5.039876e+01,4.305773e-03,-5.047117e+01,9.561938e-01,-1.782108e+02
524.80746,9.649370e-01,-1.799686e+02,4.040629e-03,-5.236718e+01,4.040152e-03,-5.243313e+01,9.586444e-01,-1.782786e+02
575.43994,9.649658e-01,-1.799685e+02,3.778595e-03,-5.419629e+01,3.778149e-03,-5.425634e+01,9.609032e-01,-1.783550e+02
630.95734,9.649921e-01,-1.799684e+02,3.522708e-03,-5.587075e+01,3.522292e-03,-5.592542e+01,9.629584e-01,-1.784375e+02
691.83097,9.650159e-01,-1.799683e+02,3.275107e-03,-5.737792e+01,3.274721e-03,-5.742766e+01,9.648061e-01,-1.785241e+02
758.57758,9.650372e-01,-1.799681e+02,3.037504e-03,-5.870766e+01,3.037146e-03,-5.875290e+01,9.664497e-01,-1.786128e+02
831.76377,9.650561e-01,-1.799678e+02,2.811186e-03,-5.985205e+01,2.810856e-03,-5.989318e+01,9.678978e-01,-1.787017e+02
912.01084,9.650727e-01,-1.799673e+02,2.597041e-03,-6.080499e+01,2.596737e-03,-6.084235e+01,9.691631e-01,-1.787897e+02
1000.00000,9.650873e-01,-1.799667e+02,2.395598e-03,-6.156173e+01,2.395318e-03,-6.159565e+01,9.702606e-01,-1.788754e+02
1096.47820,9.651001e-01,-1.799659e+02,2.207079e-03,-6.211853e+01,2.206822e-03,-6.214929e+01,9.712065e-01,-1.789580e+02
1202.26443,9.651113e-01,-1.799648e+02,2.031456e-03,-6.247221e+01,2.031221e-03,-6.250008e+01,9.720173e-01,-1.790369e+02
1318.25674,9.651212e-01,-1.799635e+02,1.868506e-03,-6.261984e+01,1.868290e-03,-6.264505e+01,9.727089e-01,-1.791117e+02
1445.43977,9.651299e-01,-1.799620e+02,1.717853e-03,-6.255846e+01,1.717656e-03,-6.258122e+01,9.732967e-01,-1.791822e+02
1584.89319,9.651377e-01,-1.799601e+02,1.579016e-03,-6.228482e+01,1.578836e-03,-6.230534e+01,9.737944e-01,-1.792482e+02
1737.80083,9.651447e-01,-1.799579e+02,1.451443e-03,-6.179529e+01,1.451280e-03,-6.181374e+01,9.742146e-01,-1.793098e+02
1905.46072,9.651513e-01,-1.799554e+02,1.334542e-03,-6.108571e+01,1.334393e-03,-6.110226e+01,9.745685e-01,-1.793670e+02
2089.29613,9.651575e-01,-1.799526e+02,1.227700e-03,-6.015141e+01,1.227565e-03,-6.016620e+01,9.748661e-01,-1.794200e+02
2290.86765,9.651636e-01,-1.799493e+02,1.130305e-03,-5.898724e+01,1.130182e-03,-5.900040e+01,9.751158e-01,-1.794689e+02
2511.88643,9.651697e-01,-1.799457e+02,1.041755e-03,-5.758769e+01,1.041644e-03,-5.759934e+01,9.753250e-01,-1.795141e+02
2754.22870,9.651761e-01,-1.799416e+02,9.614752e-04,-5.594711e+01,9.613749e-04,-5.595737e+01,9.755000e-01,-1.795556e+02
3019.95172,9.651830e-01,-1.799369e+02,8.889152e-04,-5.405998e+01,8.888248e-04,-5.406895e+01,9.756464e-01,-1.795938e+02
3311.31121,9.651906e-01,-1.799318e+02,8.235606e-04,-5.192133e+01,8.234793e-04,-5.192910e+01,9.757687e-01,-1.796288e+02
3630.78055,9.651991e-01,-1.799261e+02,7.649330e-04,-4.952719e+01,7.648601e-04,-4.953386e+01,9.758708e-01,-1.796609e+02
3981.07171,9.652089e-01,-1.799198e+02,7.125917e-04,-4.687520e+01,7.125267e-04,-4.688085e+01,9.759559e-01,-1.796903e+02
4365.15832,9.652202e-01,-1.799128e+02,6.661347e-04,-4.396527e+01,6.660769e-04,-4.396999e+01,9.760270e-01,-1.797172e+02
4786.30092,9.652334e-01,-1.799051e+02,6.251980e-04,-4.080034e+01,6.251468e-04,-4.080420e+01,9.760862e-01,-1.797418e+02
5248.07460,9.652491e-01,-1.798966e+02,5.894553e-04,-3.738712e+01,5.894102e-04,-3.739021e+01,9.761355e-01,-1.797643e+02
5754.39937,9.652677e-01,-1.798872e+02,5.586170e-04,-3.373692e+01,5.585775e-04,-3.373932e+01,9.761766e-01,-1.797849e+02
6309.57344,9.652898e-01,-1.798769e+02,5.324291e-04,-2.986624e+01,5.323947e-04,-2.986803e+01,9.762109e-01,-1.798036e+02
6918.30971,9.653161e-01,-1.798656e+02,5.106723e-04,-2.579733e+01,5.106426e-04,-2.579860e+01,9.762394e-01,-1.798208e+02
7585.77575,9.653476e-01,-1.798531e+02,4.931608e-04,-2.155839e+01,4.931353e-04,-2.155922e+01,9.762632e-01,-1.798364e+02
8317.63771,9.653853e-01,-1.798395e+02,4.797411e-04,-1.718348e+01,4.797195e-04,-1.718395e+01,9.762830e-01,-1.798507e+02
9120.10839,9.654304e-01,-1.798247e+02,4.702913e-04,-1.271202e+01,4.702731e-04,-1.271220e+01,9.762996e-01,-1.798637e+02
10000.00000,9.654844e-01,-1.798084e+02,4.647196e-04,-8.187838e+00,4.647044e-04,-8.187806e+00,9.763134e-01,-1.798756e+02
