! ! 
! S ! 
! ! 
! # MHz  S  MA  R  50.00000
! ! ===================================================================
1.00000,9.643439e-01,-1.799809e+02,6.528841e-03,3.247691e+01,7.497110e-03,5.171237e-01,9.079796e-01,-1.794593e+02
1.09648,9.643469e-01,-1.799824e+02,6.671852e-03,3.000605e+01,7.504006e-03,4.691900e-01,9.085926e-01,-1.794843e+02
1.20226,9.643497e-01,-1.799838e+02,6.798280e-03,2.766509e+01,7.510219e-03,4.176440e-01,9.091453e-01,-1.795106e+02
1.31826,9.643521e-01,-1.799852e+02,6.909123e-03,2.545771e+01,7.515756e-03,3.632044e-01,9.096382e-01,-1.795374e+02
1.44544,9.643543e-01,-1.799864e+02,7.005585e-03,2.338501e+01,7.520640e-03,3.064728e-01,9.100735e-01,-1.795642e+02
1.58489,9.643562e-01,-1.799875e+02,7.088983e-03,2.144590e+01,7.524912e-03,2.479166e-01,9.104546e-01,-1.795907e+02
1.73780,9.643579e-01,-1.799885e+02,7.160672e-03,1.963743e+01,7.528617e-03,1.878636e-01,9.107857e-01,-1.796162e+02
1.90546,9.643593e-01,-1.799894e+02,7.221988e-03,1.795522e+01,7.531809e-03,1.265059e-01,9.110717e-01,-1.796407e+02
2.08930,9.643605e-01,-1.799903e+02,7.274205e-03,1.639379e+01,7.534541e-03,6.390887e-02,9.113172e-01,-1.796638e+02
2.29087,9.643616e-01,-1.799911e+02,7.318506e-03,1.494690e+01,7.536865e-03,2.322454e-05,9.115270e-01,-1.796854e+02
2.51189,9.643625e-01,-1.799918e+02,7.355969e-03,1.360778e+01,7.538831e-03,-6.530196e-02,9.117057e-01,-1.797055e+02
2.75423,9.643632e-01,-1.799924e+02,7.387561e-03,1.236941e+01,7.540484e-03,-1.323070e-01,9.118573e-01,-1.797238e+02
3.01995,9.643639e-01,-1.799930e+02,7.414136e-03,1.122468e+01,7.541864e-03,-2.013105e-01,9.119856e-01,-1.797404e+02
3.31131,9.643644e-01,-1.799935e+02,7.436442e-03,1.016648e+01,7.543009e-03,-2.727010e-01,9.120942e-01,-1.797554e+02
3.63078,9.643649e-01,-1.799940e+02,7.455128e-03,9.187884e+00,7.543949e-03,-3.469294e-01,9.121858e-01,-1.797686e+02
3.98107,9.643653e-01,-1.799944e+02,7.470751e-03,8.282152e+00,7.544710e-03,-4.245049e-01,9.122633e-01,-1.797802e+02
4.36516,9.643656e-01,-1.799948e+02,7.483788e-03,7.442805e+00,7.545314e-03,-5.059918e-01,9.123287e-01,-1.797901e+02
4.78630,9.643659e-01,-1.799951e+02,7.494644e-03,6.663647e+00,7.545780e-03,-5.920088e-01,9.123842e-01,-1.797985e+02
5.24807,9.643662e-01,-1.799954e+02,7.503662e-03,5.938775e+00,7.546122e-03,-6.832293e-01,9.124315e-01,-1.798053e+02
5.75440,9.643664e-01,-1.799956e+02,7.511130e-03,5.262582e+00,7.546349e-03,-7.803836e-01,9.124720e-01,-1.798105e+02
6.30957,9.643666e-01,-1.799958e+02,7.517289e-03,4.629745e+00,7.546468e-03,-8.842617e-01,9.125071e-01,-1.798142e+02
6.91831,9.643668e-01,-1.799960e+02,7.522339e-03,4.035210e+00,7.546483e-03,-9.957183e-01,9.125378e-01,-1.798163e+02
7.58578,9.643670e-01,-1.799962e+02,7.526445e-03,3.474174e+00,7.546393e-03,-1.115677e+00,9.125652e-01,-1.798170e+02
8.31764,9.643671e-01,-1.799963e+02,7.529744e-03,2.942063e+00,7.546197e-03,-1.245139e+00,9.125902e-01,-1.798161e+02
9.12011,9.643673e-01,-1.799964e+02,7.532344e-03,2.434505e+00,7.545886e-03,-1.385185e+00,9.126136e-01,-1.798138e+02
10.00000,9.643675e-01,-1.799964e+02,7.534333e-03,1.947304e+00,7.545450e-03,-1.536990e+00,9.126362e-01,-1.798098e+02
10.96478,9.643677e-01,-1.799964e+02,7.535775e-03,1.476414e+00,7.544874e-03,-1.701827e+00,9.126587e-01,-1.798043e+02
12.02264,9.643679e-01,-1.799964e+02,7.536719e-03,1.017910e+00,7.544138e-03,-1.881080e+00,9.126819e-01,-1.797971e+02
13.18257,9.643682e-01,-1.799964e+02,7.537197e-03,5.679615e-01,7.543218e-03,-2.076251e+00,9.127066e-01,-1.797882e+02
14.45440,9.643684e-01,-1.799963e+02,7.537225e-03,1.228048e-01,7.542083e-03,-2.288975e+00,9.127337e-01,-1.797776e+02
15.84893,9.643688e-01,-1.799962e+02,7.536804e-03,-3.212863e-01,7.540693e-03,-2.521029e+00,9.127640e-01,-1.797651e+02
17.37801,9.643692e-01,-1.799961e+02,7.535919e-03,-7.680272e-01,7.539003e-03,-2.774346e+00,9.127985e-01,-1.797506e+02
19.05461,9.643696e-01,-1.799959e+02,7.534542e-03,-1.221149e+00,7.536955e-03,-3.051032e+00,9.128384e-01,-1.797341e+02
20.89296,9.643702e-01,-1.799957e+02,7.532625e-03,-1.684428e+00,7.534481e-03,-3.353375e+00,9.128851e-01,-1.797154e+02
22.90868,9.643708e-01,-1.799954e+02,7.530106e-03,-2.161710e+00,7.531499e-03,-3.683861e+00,9.129401e-01,-1.796943e+02
25.11886,9.643716e-01,-1.799952e+02,7.526900e-03,-2.656936e+00,7.527907e-03,-4.045195e+00,9.130051e-01,-1.796707e+02
27.54229,9.643725e-01,-1.799949e+02,7.522901e-03,-3.174171e+00,7.523588e-03,-4.440307e+00,9.130825e-01,-1.796445e+02
30.19952,9.643736e-01,-1.799945e+02,7.517978e-03,-3.717623e+00,7.518398e-03,-4.872373e+00,9.131746e-01,-1.796154e+02
33.11311,9.643749e-01,-1.799941e+02,7.511968e-03,-4.291670e+00,7.512167e-03,-5.344829e+00,9.132845e-01,-1.795833e+02
36.30781,9.643765e-01,-1.799936e+02,7.504677e-03,-4.900877e+00,7.504691e-03,-5.861378e+00,9.134157e-01,-1.795479e+02
39.81072,9.643784e-01,-1.799931e+02,7.495867e-03,-5.550014e+00,7.495729e-03,-6.426005e+00,9.135724e-01,-1.795090e+02
43.65158,9.643807e-01,-1.799926e+02,7.485259e-03,-6.244063e+00,7.484994e-03,-7.042978e+00,9.137595e-01,-1.794665e+02
47.86301,9.643833e-01,-1.799920e+02,7.472515e-03,-6.988229e+00,7.472146e-03,-7.716846e+00,9.139827e-01,-1.794200e+02
52.48075,9.643866e-01,-1.799913e+02,7.457240e-03,-7.787932e+00,7.456784e-03,-8.452435e+00,9.142488e-01,-1.793695e+02
57.54399,9.643904e-01,-1.799906e+02,7.438966e-03,-8.648791e+00,7.438438e-03,-9.254820e+00,9.145655e-01,-1.793147e+02
63.09573,9.643949e-01,-1.799898e+02,7.417145e-03,-9.576595e+00,7.416559e-03,-1.012929e+01,9.149419e-01,-1.792554e+02
69.18310,9.644003e-01,-1.799889e+02,7.391141e-03,-1.057725e+01,7.390508e-03,-1.108131e+01,9.153883e-01,-1.791917e+02
75.85776,9.644067e-01,-1.799880e+02,7.360220e-03,-1.165670e+01,7.359547e-03,-1.211640e+01,9.159164e-01,-1.791234e+02
83.17638,9.644143e-01,-1.799870e+02,7.323539e-03,-1.282084e+01,7.322836e-03,-1.324007e+01,9.165392e-01,-1.790506e+02
91.20108,9.644232e-01,-1.799859e+02,7.280146e-03,-1.407533e+01,7.279419e-03,-1.445766e+01,9.172712e-01,-1.789736e+02
100.00000,9.644336e-01,-1.799848e+02,7.228976e-03,-1.542548e+01,7.228231e-03,-1.577415e+01,9.181277e-01,-1.788927e+02
109.64782,9.644457e-01,-1.799836e+02,7.168858e-03,-1.687594e+01,7.168099e-03,-1.719392e+01,9.191252e-01,-1.788085e+02
120.22644,9.644597e-01,-1.799824e+02,7.098526e-03,-1.843049e+01,7.097759e-03,-1.872047e+01,9.202800e-01,-1.787217e+02
131.82567,9.644759e-01,-1.799811e+02,7.016649e-03,-2.009166e+01,7.015878e-03,-2.035610e+01,9.216081e-01,-1.786335e+02
144.54398,9.644944e-01,-1.799798e+02,6.921871e-03,-2.186039e+01,6.921100e-03,-2.210154e+01,9.231238e-01,-1.785451e+02
158.48932,9.645154e-01,-1.799784e+02,6.812862e-03,-2.373561e+01,6.812095e-03,-2.395552e+01,9.248385e-01,-1.784583e+02
173.78008,9.645389e-01,-1.799771e+02,6.688399e-03,-2.571386e+01,6.687638e-03,-2.591439e+01,9.267592e-01,-1.783748e+02
190.54607,9.645650e-01,-1.799758e+02,6.547447e-03,-2.778890e+01,6.546696e-03,-2.797175e+01,9.288869e-01,-1.782970e+02
208.92961,9.645936e-01,-1.799746e+02,6.389264e-03,-2.995140e+01,6.388526e-03,-3.011813e+01,9.312150e-01,-1.782269e+02
229.08677,9.646247e-01,-1.799734e+02,6.213501e-03,-3.218883e+01,6.212780e-03,-3.234085e+01,9.337286e-01,-1.781670e+02
251.18864,9.646578e-01,-1.799723e+02,6.020295e-03,-3.448537e+01,6.019594e-03,-3.462397e+01,9.364032e-01,-1.781193e+02
275.42287,9.646925e-01,-1.799714e+02,5.810339e-03,-3.682220e+01,5.809660e-03,-3.694857e+01,9.392058e-01,-1.780856e+02
301.99517,9.647285e-01,-1.799706e+02,5.584917e-03,-3.917789e+01,5.584262e-03,-3.929309e+01,9.420952e-01,-1.780673e+02
331.13112,9.647651e-01,-1.799700e+02,5.345888e-03,-4.152906e+01,5.345260e-03,-4.163406e+01,9.450252e-01,-1.780652e+02
363.07805,9.648017e-01,-1.799694e+02,5.095627e-03,-4.385116e+01,5.095027e-03,-4.394687e+01,9.479464e-01,-1.780794e+02
398.10717,9.648377e-01,-1.799691e+02,4.836911e-03,-4.611942e+01,4.836341e-03,-4.620665e+01,9.508103e-01,-1.781092e+02
436.51583,9.648726e-01,-1.799688e+02,4.572775e-03,-4.830971e+01,4.572235e-03,-4.838919e+01,9.535722e-01,-1.781536e+02
478.63009,9.649058e-01,-1.799687e+02,4.306346e-03,-5.039935e+01,4.305839e-03,-5.047175e+01,9.561935e-01,-1.782107e+02
524.80746,9.649370e-01,-1.799686e+02,4.040687e-03,-5.236774e+01,4.040210e-03,-5.243369e+01,9.586441e-01,-1.782786e+02
575.43994,9.649658e-01,-1.799685e+02,3.778646e-03,-5.419683e+01,3.778200e-03,-5.425688e+01,9.609030e-01,-1.783549e+02
630.95734,9.649921e-01,-1.799684e+02,3.522753e-03,-5.587126e+01,3.522338e-03,-5.592593e+01,9.629581e-01,-1.784375e+02
691.83097,9.650159e-01,-1.799683e+02,3.275146e-03,-5.737840e+01,3.274761e-03,-5.742815e+01,9.648059e-01,-1.785241e+02
758.57758,9.650372e-01,-1.799681e+02,3.037539e-03,-5.870812e+01,3.037182e-03,-5.875336e+01,9.664495e-01,-1.786127e+02
831.76377,9.650561e-01,-1.799678e+02,2.811218e-03,-5.985248e+01,2.810887e-03,-5.989361e+01,9.678976e-01,-1.787017e+02
912.01084,9.650727e-01,-1.799673e+02,2.597069e-03,-6.080539e+01,2.596765e-03,-6.084275e+01,9.691630e-01,-1.787896e+02
1000.00000,9.650874e-01,-1.799667e+02,2.395622e-03,-6.156210e+01,2.395342e-03,-6.159602e+01,9.702604e-01,-1.788753e+02
1096.47820,9.651001e-01,-1.799659e+02,2.207100e-03,-6.211888e+01,2.206843e-03,-6.214964e+01,9.712063e-01,-1.789580e+02
1202.26443,9.651113e-01,-1.799648e+02,2.031476e-03,-6.247253e+01,2.031240e-03,-6.250040e+01,9.720171e-01,-1.790369e+02
1318.25674,9.651212e-01,-1.799635e+02,1.868524e-03,-6.262014e+01,1.868308e-03,-6.264535e+01,9.727088e-01,-1.791117e+02
1445.43977,9.651299e-01,-1.799620e+02,1.717868e-03,-6.255873e+01,1.717671e-03,-6.258149e+01,9.732965e-01,-1.791822e+02
1584.89319,9.651377e-01,-1.799601e+02,1.579030e-03,-6.228507e+01,1.578850e-03,-6.230559e+01,9.737942e-01,-1.792482e+02
1737.80083,9.651447e-01,-1.799579e+02,1.451456e-03,-6.179552e+01,1.451292e-03,-6.181397e+01,9.742144e-01,-1.793098e+02
1905.46072,9.651513e-01,-1.799554e+02,1.334554e-03,-6.108592e+01,1.334405e-03,-6.110247e+01,9.745684e-01,-1.793670e+02
2089.29613,9.651575e-01,-1.799526e+02,1.227711e-03,-6.015160e+01,1.227575e-03,-6.016639e+01,9.748659e-01,-1.794200e+02
2290.86765,9.651636e-01,-1.799493e+02,1.130314e-03,-5.898742e+01,1.130191e-03,-5.900058e+01,9.751156e-01,-1.794689e+02
2511.88643,9.651697e-01,-1.799457e+02,1.041764e-03,-5.758785e+01,1.041653e-03,-5.759951e+01,9.753248e-01,-1.795141e+02
2754.22870,9.651761e-01,-1.799416e+02,9.614833e-04,-5.594726e+01,9.613830e-04,-5.595752e+01,9.754999e-01,-1.795556e+02
3019.95172,9.651830e-01,-1.799369e+02,8.889227e-04,-5.406012e+01,8.888322e-04,-5.406909e+01,9.756462e-01,-1.795938e+02
3311.31121,9.651906e-01,-1.799318e+02,8.235675e-04,-5.192145e+01,8.234862e-04,-5.192923e+01,9.757685e-01,-1.796288e+02
3630.78055,9.651991e-01,-1.799261e+02,7.649393e-04,-4.952731e+01,7.648665e-04,-4.953398e+01,9.758706e-01,-1.796609e+02
3981.07171,9.652089e-01,-1.799198e+02,7.125976e-04,-4.687531e+01,7.125326e-04,-4.688096e+01,9.759557e-01,-1.796903e+02
4365.15832,9.652202e-01,-1.799128e+02,6.661402e-04,-4.396537e+01,6.660823e-04,-4.397008e+01,9.760268e-01,-1.797172e+02
4786.30092,9.652334e-01,-1.799051e+02,6.252031e-04,-4.080042e+01,6.251519e-04,-4.080429e+01,9.760860e-01,-1.797418e+02
5248.07460,9.652491e-01,-1.798966e+02,5.894601e-04,-3.738720e+01,5.894150e-04,-3.739029e+01,9.761353e-01,-1.797643e+02
5754.39937,9.652677e-01,-1.798872e+02,5.586216e-04,-3.373699e+01,5.585821e-04,-3.373939e+01,9.761764e-01,-1.797849e+02
6309.57344,9.652898e-01,-1.798769e+02,5.324334e-04,-2.986630e+01,5.323991e-04,-2.986809e+01,9.762107e-01,-1.798036e+02
6918.30971,9.653161e-01,-1.798656e+02,5.106765e-04,-2.579739e+01,5.106468e-04,-2.579866e+01,9.762392e-01,-1.798208e+02
7585.77575,9.653476e-01,-1.798531e+02,4.931648e-04,-2.155844e+01,4.931394e-04,-2.155927e+01,9.762630e-01,-1.798364e+02
8317.63771,9.653853e-01,-1.798395e+02,4.797450e-04,-1.718353e+01,4.797234e-04,-1.718400e+01,9.762828e-01,-1.798507e+02
9120.10839,9.654304e-01,-1.798247e+02,4.702951e-04,-1.271206e+01,4.702769e-04,-1.271224e+01,9.762994e-01,-1.798637e+02
10000.00000,9.654844e-01,-1.798084e+02,4.647234e-04,-8.187880e+00,4.647082e-04,-8.187847e+00,9.763132e-01,-1.798756e+02
