! ! 
! S ! 
! ! 
! # MHz  S  MA  R  50.00000
! ! ===================================================================
1.00000,9.643438e-01,-1.799809e+02,6.528411e-03,3.247718e+01,7.496618e-03,5.174753e-01,9.079859e-01,-1.794594e+02
1.09648,9.643468e-01,-1.799824e+02,6.671416e-03,3.000630e+01,7.503516e-03,4.695255e-01,9.085988e-01,-1.794844e+02
1.20226,9.643496e-01,-1.799838e+02,6.797839e-03,2.766534e+01,7.509732e-03,4.179626e-01,9.091515e-01,-1.795106e+02
1.31826,9.643521e-01,-1.799852e+02,6.908677e-03,2.545795e+01,7.515271e-03,3.635057e-01,9.096443e-01,-1.795375e+02
1.44544,9.643542e-01,-1.799864e+02,7.005135e-03,2.338524e+01,7.520158e-03,3.067568e-01,9.100795e-01,-1.795643e+02
1.58489,9.643561e-01,-1.799875e+02,7.088529e-03,2.144611e+01,7.524431e-03,2.481834e-01,9.104605e-01,-1.795907e+02
1.73780,9.643578e-01,-1.799885e+02,7.160216e-03,1.963763e+01,7.528138e-03,1.881138e-01,9.107917e-01,-1.796163e+02
1.90546,9.643592e-01,-1.799894e+02,7.221530e-03,1.795541e+01,7.531332e-03,1.267402e-01,9.110776e-01,-1.796408e+02
2.08930,9.643604e-01,-1.799903e+02,7.273745e-03,1.639397e+01,7.534065e-03,6.412809e-02,9.113231e-01,-1.796639e+02
2.29087,9.643615e-01,-1.799911e+02,7.318044e-03,1.494707e+01,7.536390e-03,2.283524e-04,9.115329e-01,-1.796855e+02
2.51189,9.643624e-01,-1.799918e+02,7.355506e-03,1.360794e+01,7.538356e-03,-6.510990e-02,9.117115e-01,-1.797055e+02
2.75423,9.643631e-01,-1.799924e+02,7.387096e-03,1.236956e+01,7.540010e-03,-1.321269e-01,9.118631e-01,-1.797238e+02
3.01995,9.643638e-01,-1.799930e+02,7.413670e-03,1.122482e+01,7.541391e-03,-2.011413e-01,9.119914e-01,-1.797405e+02
3.31131,9.643643e-01,-1.799935e+02,7.435976e-03,1.016661e+01,7.542536e-03,-2.725416e-01,9.121000e-01,-1.797554e+02
3.63078,9.643648e-01,-1.799940e+02,7.454661e-03,9.188011e+00,7.543476e-03,-3.467787e-01,9.121916e-01,-1.797687e+02
3.98107,9.643652e-01,-1.799944e+02,7.470284e-03,8.282273e+00,7.544238e-03,-4.243618e-01,9.122690e-01,-1.797802e+02
4.36516,9.643655e-01,-1.799948e+02,7.483320e-03,7.442921e+00,7.544843e-03,-5.058552e-01,9.123345e-01,-1.797902e+02
4.78630,9.643658e-01,-1.799951e+02,7.494176e-03,6.663760e+00,7.545309e-03,-5.918777e-01,9.123900e-01,-1.797985e+02
5.24807,9.643661e-01,-1.799954e+02,7.503194e-03,5.938885e+00,7.545650e-03,-6.831027e-01,9.124373e-01,-1.798053e+02
5.75440,9.643663e-01,-1.799956e+02,7.510661e-03,5.262690e+00,7.545877e-03,-7.802605e-01,9.124778e-01,-1.798105e+02
6.30957,9.643665e-01,-1.799958e+02,7.516820e-03,4.629852e+00,7.545997e-03,-8.841411e-01,9.125128e-01,-1.798142e+02
6.91831,9.643667e-01,-1.799960e+02,7.521869e-03,4.035316e+00,7.546012e-03,-9.955992e-01,9.125435e-01,-1.798164e+02
7.58578,9.643669e-01,-1.799962e+02,7.525976e-03,3.474281e+00,7.545923e-03,-1.115559e+00,9.125709e-01,-1.798170e+02
8.31764,9.643671e-01,-1.799963e+02,7.529275e-03,2.942172e+00,7.545726e-03,-1.245019e+00,9.125959e-01,-1.798162e+02
9.12011,9.643672e-01,-1.799964e+02,7.531875e-03,2.434616e+00,7.545415e-03,-1.385064e+00,9.126193e-01,-1.798138e+02
10.00000,9.643674e-01,-1.799964e+02,7.533863e-03,1.947418e+00,7.544979e-03,-1.536867e+00,9.126419e-01,-1.798098e+02
10.96478,9.643676e-01,-1.799964e+02,7.535305e-03,1.476532e+00,7.544404e-03,-1.701701e+00,9.126644e-01,-1.798043e+02
12.02264,9.643678e-01,-1.799964e+02,7.536250e-03,1.018033e+00,7.543668e-03,-1.880949e+00,9.126876e-01,-1.797971e+02
13.18257,9.643681e-01,-1.799964e+02,7.536728e-03,5.680916e-01,7.542748e-03,-2.076115e+00,9.127124e-01,-1.797883e+02
14.45440,9.643684e-01,-1.799963e+02,7.536756e-03,1.229422e-01,7.541613e-03,-2.288832e+00,9.127394e-01,-1.797776e+02
15.84893,9.643687e-01,-1.799962e+02,7.536335e-03,-3.211405e-01,7.540224e-03,-2.520877e+00,9.127697e-01,-1.797651e+02
17.37801,9.643691e-01,-1.799961e+02,7.535451e-03,-7.678716e-01,7.538534e-03,-2.774186e+00,9.128042e-01,-1.797507e+02
19.05461,9.643695e-01,-1.799959e+02,7.534073e-03,-1.220983e+00,7.536487e-03,-3.050861e+00,9.128441e-01,-1.797342e+02
20.89296,9.643701e-01,-1.799957e+02,7.532157e-03,-1.684249e+00,7.534013e-03,-3.353191e+00,9.128908e-01,-1.797154e+02
22.90868,9.643707e-01,-1.799954e+02,7.529638e-03,-2.161517e+00,7.531031e-03,-3.683665e+00,9.129457e-01,-1.796944e+02
25.11886,9.643715e-01,-1.799952e+02,7.526433e-03,-2.656728e+00,7.527440e-03,-4.044983e+00,9.130108e-01,-1.796708e+02
27.54229,9.643724e-01,-1.799949e+02,7.522435e-03,-3.173945e+00,7.523121e-03,-4.440078e+00,9.130881e-01,-1.796445e+02
30.19952,9.643735e-01,-1.799945e+02,7.517512e-03,-3.717378e+00,7.517932e-03,-4.872126e+00,9.131802e-01,-1.796155e+02
33.11311,9.643749e-01,-1.799941e+02,7.511504e-03,-4.291405e+00,7.511702e-03,-5.344561e+00,9.132901e-01,-1.795833e+02
36.30781,9.643764e-01,-1.799936e+02,7.504213e-03,-4.900589e+00,7.504228e-03,-5.861087e+00,9.134213e-01,-1.795479e+02
39.81072,9.643783e-01,-1.799931e+02,7.495405e-03,-5.549700e+00,7.495267e-03,-6.425689e+00,9.135780e-01,-1.795091e+02
43.65158,9.643806e-01,-1.799926e+02,7.484798e-03,-6.243721e+00,7.484533e-03,-7.042634e+00,9.137650e-01,-1.794665e+02
47.86301,9.643833e-01,-1.799920e+02,7.472056e-03,-6.987857e+00,7.471687e-03,-7.716473e+00,9.139882e-01,-1.794201e+02
52.48075,9.643865e-01,-1.799913e+02,7.456783e-03,-7.787528e+00,7.456327e-03,-8.452029e+00,9.142542e-01,-1.793696e+02
57.54399,9.643903e-01,-1.799906e+02,7.438512e-03,-8.648352e+00,7.437984e-03,-9.254379e+00,9.145709e-01,-1.793148e+02
63.09573,9.643949e-01,-1.799898e+02,7.416694e-03,-9.576117e+00,7.416108e-03,-1.012881e+01,9.149472e-01,-1.792555e+02
69.18310,9.644003e-01,-1.799889e+02,7.390695e-03,-1.057673e+01,7.390061e-03,-1.108079e+01,9.153935e-01,-1.791918e+02
75.85776,9.644067e-01,-1.799880e+02,7.359778e-03,-1.165614e+01,7.359105e-03,-1.211583e+01,9.159215e-01,-1.791235e+02
83.17638,9.644142e-01,-1.799870e+02,7.323102e-03,-1.282023e+01,7.322399e-03,-1.323946e+01,9.165443e-01,-1.790507e+02
91.20108,9.644231e-01,-1.799859e+02,7.279716e-03,-1.407467e+01,7.278988e-03,-1.445700e+01,9.172761e-01,-1.789737e+02
100.00000,9.644335e-01,-1.799848e+02,7.228553e-03,-1.542476e+01,7.227807e-03,-1.577344e+01,9.181325e-01,-1.788928e+02
109.64782,9.644456e-01,-1.799836e+02,7.168443e-03,-1.687517e+01,7.167684e-03,-1.719315e+01,9.191298e-01,-1.788086e+02
120.22644,9.644596e-01,-1.799824e+02,7.098120e-03,-1.842966e+01,7.097353e-03,-1.871964e+01,9.202844e-01,-1.787218e+02
131.82567,9.644758e-01,-1.799811e+02,7.016255e-03,-2.009077e+01,7.015484e-03,-2.035522e+01,9.216123e-01,-1.786336e+02
144.54398,9.644943e-01,-1.799798e+02,6.921489e-03,-2.185944e+01,6.920718e-03,-2.210060e+01,9.231278e-01,-1.785453e+02
158.48932,9.645153e-01,-1.799784e+02,6.812495e-03,-2.373461e+01,6.811727e-03,-2.395452e+01,9.248423e-01,-1.784584e+02
173.78008,9.645388e-01,-1.799771e+02,6.688047e-03,-2.571280e+01,6.687286e-03,-2.591333e+01,9.267627e-01,-1.783750e+02
190.54607,9.645649e-01,-1.799758e+02,6.547111e-03,-2.778778e+01,6.546361e-03,-2.797064e+01,9.288901e-01,-1.782972e+02
208.92961,9.645936e-01,-1.799746e+02,6.388947e-03,-2.995024e+01,6.388210e-03,-3.011697e+01,9.312180e-01,-1.782271e+02
229.08677,9.646246e-01,-1.799734e+02,6.213204e-03,-3.218762e+01,6.212483e-03,-3.233964e+01,9.337313e-01,-1.781672e+02
251.18864,9.646576e-01,-1.799723e+02,6.020018e-03,-3.448413e+01,6.019317e-03,-3.462273e+01,9.364056e-01,-1.781195e+02
275.42287,9.646924e-01,-1.799714e+02,5.810084e-03,-3.682093e+01,5.809405e-03,-3.694730e+01,9.392078e-01,-1.780858e+02
301.99517,9.647284e-01,-1.799706e+02,5.584682e-03,-3.917661e+01,5.584028e-03,-3.929181e+01,9.420970e-01,-1.780675e+02
331.13112,9.647650e-01,-1.799700e+02,5.345674e-03,-4.152777e+01,5.345047e-03,-4.163277e+01,9.450267e-01,-1.780654e+02
363.07805,9.648016e-01,-1.799694e+02,5.095434e-03,-4.384988e+01,5.094834e-03,-4.394558e+01,9.479477e-01,-1.780795e+02
398.10717,9.648376e-01,-1.799691e+02,4.836737e-03,-4.611815e+01,4.836167e-03,-4.620538e+01,9.508114e-01,-1.781094e+02
436.51583,9.648725e-01,-1.799688e+02,4.572619e-03,-4.830847e+01,4.572080e-03,-4.838794e+01,9.535731e-01,-1.781537e+02
478.63009,9.649057e-01,-1.799687e+02,4.306208e-03,-5.039814e+01,4.305700e-03,-5.047054e+01,9.561943e-01,-1.782109e+02
524.80746,9.649368e-01,-1.799686e+02,4.040564e-03,-5.236657e+01,4.040088e-03,-5.243252e+01,9.586448e-01,-1.782787e+02
575.43994,9.649657e-01,-1.799685e+02,3.778537e-03,-5.419571e+01,3.778092e-03,-5.425576e+01,9.609036e-01,-1.783550e+02
630.95734,9.649920e-01,-1.799684e+02,3.522657e-03,-5.587020e+01,3.522242e-03,-5.592486e+01,9.629587e-01,-1.784376e+02
691.83097,9.650158e-01,-1.799683e+02,3.275062e-03,-5.737739e+01,3.274676e-03,-5.742713e+01,9.648064e-01,-1.785242e+02
758.57758,9.650371e-01,-1.799681e+02,3.037464e-03,-5.870716e+01,3.037107e-03,-5.875241e+01,9.664499e-01,-1.786128e+02
831.76377,9.650560e-01,-1.799678e+02,2.811151e-03,-5.985158e+01,2.810821e-03,-5.989272e+01,9.678981e-01,-1.787018e+02
912.01084,9.650726e-01,-1.799673e+02,2.597010e-03,-6.080454e+01,2.596706e-03,-6.084191e+01,9.691634e-01,-1.787897e+02
1000.00000,9.650872e-01,-1.799667e+02,2.395570e-03,-6.156132e+01,2.395290e-03,-6.159524e+01,9.702608e-01,-1.788754e+02
1096.47820,9.651000e-01,-1.799659e+02,2.207053e-03,-6.211814e+01,2.206796e-03,-6.214890e+01,9.712067e-01,-1.789580e+02
1202.26443,9.651112e-01,-1.799648e+02,2.031434e-03,-6.247185e+01,2.031198e-03,-6.249971e+01,9.720175e-01,-1.790369e+02
1318.25674,9.651211e-01,-1.799635e+02,1.868486e-03,-6.261950e+01,1.868270e-03,-6.264471e+01,9.727092e-01,-1.791117e+02
1445.43977,9.651298e-01,-1.799620e+02,1.717835e-03,-6.255814e+01,1.717638e-03,-6.258091e+01,9.732969e-01,-1.791822e+02
1584.89319,9.651375e-01,-1.799601e+02,1.578999e-03,-6.228452e+01,1.578820e-03,-6.230504e+01,9.737946e-01,-1.792482e+02
1737.80083,9.651446e-01,-1.799579e+02,1.451429e-03,-6.179501e+01,1.451265e-03,-6.181346e+01,9.742148e-01,-1.793098e+02
1905.46072,9.651512e-01,-1.799554e+02,1.334529e-03,-6.108545e+01,1.334380e-03,-6.110199e+01,9.745688e-01,-1.793670e+02
2089.29613,9.651574e-01,-1.799526e+02,1.227688e-03,-6.015116e+01,1.227553e-03,-6.016595e+01,9.748663e-01,-1.794200e+02
2290.86765,9.651635e-01,-1.799493e+02,1.130294e-03,-5.898701e+01,1.130171e-03,-5.900017e+01,9.751160e-01,-1.794690e+02
2511.88643,9.651696e-01,-1.799457e+02,1.041745e-03,-5.758747e+01,1.041634e-03,-5.759912e+01,9.753252e-01,-1.795141e+02
2754.22870,9.651760e-01,-1.799416e+02,9.614661e-04,-5.594689e+01,9.613657e-04,-5.595716e+01,9.755003e-01,-1.795556e+02
3019.95172,9.651829e-01,-1.799369e+02,8.889069e-04,-5.405978e+01,8.888164e-04,-5.406875e+01,9.756466e-01,-1.795938e+02
3311.31121,9.651905e-01,-1.799318e+02,8.235530e-04,-5.192114e+01,8.234717e-04,-5.192891e+01,9.757689e-01,-1.796288e+02
3630.78055,9.651990e-01,-1.799261e+02,7.649259e-04,-4.952700e+01,7.648531e-04,-4.953367e+01,9.758710e-01,-1.796609e+02
3981.07171,9.652087e-01,-1.799198e+02,7.125852e-04,-4.687502e+01,7.125202e-04,-4.688067e+01,9.759561e-01,-1.796903e+02
4365.15832,9.652201e-01,-1.799128e+02,6.661287e-04,-4.396510e+01,6.660709e-04,-4.396981e+01,9.760272e-01,-1.797172e+02
4786.30092,9.652333e-01,-1.799051e+02,6.251925e-04,-4.080016e+01,6.251413e-04,-4.080403e+01,9.760864e-01,-1.797418e+02
5248.07460,9.652490e-01,-1.798966e+02,5.894502e-04,-3.738695e+01,5.894051e-04,-3.739004e+01,9.761357e-01,-1.797643e+02
5754.39937,9.652676e-01,-1.798872e+02,5.586122e-04,-3.373675e+01,5.585727e-04,-3.373915e+01,9.761768e-01,-1.797849e+02
6309.57344,9.652897e-01,-1.798769e+02,5.324247e-04,-2.986607e+01,5.323903e-04,-2.986787e+01,9.762111e-01,-1.798036e+02
6918.30971,9.653160e-01,-1.798656e+02,5.106681e-04,-2.579717e+01,5.106385e-04,-2.579844e+01,9.762396e-01,-1.798208e+02
7585.77575,9.653475e-01,-1.798531e+02,4.931568e-04,-2.155823e+01,4.931314e-04,-2.155906e+01,9.762634e-01,-1.798364e+02
8317.63771,9.653852e-01,-1.798395e+02,4.797374e-04,-1.718333e+01,4.797157e-04,-1.718380e+01,9.762832e-01,-1.798507e+02
9120.10839,9.654303e-01,-1.798247e+02,4.702877e-04,-1.271187e+01,4.702695e-04,-1.271205e+01,9.762998e-01,-1.798637e+02
10000.00000,9.654843e-01,-1.798084e+02,4.647162e-04,-8.187698e+00,4.647010e-04,-8.187666e+00,9.763136e-01,-1.798756e+02
