! ! 
! S ! 
! ! 
! # MHz  S  MA  R  50.00000
! ! ===================================================================
1.00000,9.643739e-01,-1.799809e+02,6.408279e-03,3.234462e+01,7.359338e-03,4.939767e-01,9.096636e-01,-1.794840e+02
1.09648,9.643769e-01,-1.799825e+02,6.548573e-03,2.988425e+01,7.365906e-03,4.469524e-01,9.102481e-01,-1.795078e+02
1.20226,9.643795e-01,-1.799839e+02,6.672586e-03,2.755298e+01,7.371824e-03,3.963538e-01,9.107751e-01,-1.795329e+02
1.31826,9.643819e-01,-1.799852e+02,6.781304e-03,2.535454e+01,7.377096e-03,3.428735e-01,9.112450e-01,-1.795584e+02
1.44544,9.643841e-01,-1.799864e+02,6.875910e-03,2.329007e+01,7.381748e-03,2.870898e-01,9.116599e-01,-1.795840e+02
1.58489,9.643859e-01,-1.799875e+02,6.957698e-03,2.135851e+01,7.385815e-03,2.294499e-01,9.120232e-01,-1.796091e+02
1.73780,9.643875e-01,-1.799886e+02,7.027999e-03,1.955697e+01,7.389342e-03,1.702648e-01,9.123389e-01,-1.796335e+02
1.90546,9.643889e-01,-1.799895e+02,7.088125e-03,1.788110e+01,7.392381e-03,1.097130e-01,9.126115e-01,-1.796567e+02
2.08930,9.643901e-01,-1.799903e+02,7.139326e-03,1.632545e+01,7.394981e-03,4.784914e-02,9.128455e-01,-1.796787e+02
2.29087,9.643911e-01,-1.799911e+02,7.182764e-03,1.488380e+01,7.397192e-03,-1.538437e-02,9.130455e-01,-1.796993e+02
2.51189,9.643920e-01,-1.799918e+02,7.219496e-03,1.354944e+01,7.399062e-03,-8.014468e-02,9.132158e-01,-1.797182e+02
2.75423,9.643928e-01,-1.799924e+02,7.250470e-03,1.231538e+01,7.400633e-03,-1.466767e-01,9.133603e-01,-1.797356e+02
3.01995,9.643934e-01,-1.799930e+02,7.276524e-03,1.117450e+01,7.401945e-03,-2.153028e-01,9.134827e-01,-1.797514e+02
3.31131,9.643939e-01,-1.799935e+02,7.298393e-03,1.011977e+01,7.403032e-03,-2.864139e-01,9.135862e-01,-1.797655e+02
3.63078,9.643944e-01,-1.799940e+02,7.316711e-03,9.144257e+00,7.403922e-03,-3.604635e-01,9.136736e-01,-1.797780e+02
3.98107,9.643948e-01,-1.799944e+02,7.332026e-03,8.241248e+00,7.404643e-03,-4.379627e-01,9.137475e-01,-1.797889e+02
4.36516,9.643951e-01,-1.799948e+02,7.344805e-03,7.404287e+00,7.405213e-03,-5.194781e-01,9.138099e-01,-1.797983e+02
4.78630,9.643954e-01,-1.799951e+02,7.355446e-03,6.627196e+00,7.405650e-03,-6.056308e-01,9.138630e-01,-1.798061e+02
5.24807,9.643956e-01,-1.799954e+02,7.364283e-03,5.904087e+00,7.405967e-03,-6.970971e-01,9.139081e-01,-1.798123e+02
5.75440,9.643959e-01,-1.799957e+02,7.371600e-03,5.229367e+00,7.406173e-03,-7.946104e-01,9.139469e-01,-1.798171e+02
6.30957,9.643961e-01,-1.799959e+02,7.377633e-03,4.597724e+00,7.406275e-03,-8.989649e-01,9.139805e-01,-1.798204e+02
6.91831,9.643963e-01,-1.799960e+02,7.382578e-03,4.004114e+00,7.406276e-03,-1.011020e+00,9.140099e-01,-1.798222e+02
7.58578,9.643964e-01,-1.799962e+02,7.386597e-03,3.443742e+00,7.406174e-03,-1.131705e+00,9.140363e-01,-1.798226e+02
8.31764,9.643966e-01,-1.799963e+02,7.389822e-03,2.912038e+00,7.405967e-03,-1.262026e+00,9.140604e-01,-1.798215e+02
9.12011,9.643968e-01,-1.799964e+02,7.392361e-03,2.404634e+00,7.405647e-03,-1.403075e+00,9.140831e-01,-1.798189e+02
10.00000,9.643970e-01,-1.799964e+02,7.394298e-03,1.917335e+00,7.405203e-03,-1.556032e+00,9.141050e-01,-1.798148e+02
10.96478,9.643972e-01,-1.799964e+02,7.395696e-03,1.446094e+00,7.404620e-03,-1.722181e+00,9.141270e-01,-1.798092e+02
12.02264,9.643974e-01,-1.799964e+02,7.396604e-03,9.869841e-01,7.403878e-03,-1.902917e+00,9.141498e-01,-1.798019e+02
13.18257,9.643976e-01,-1.799964e+02,7.397051e-03,5.361698e-01,7.402952e-03,-2.099754e+00,9.141741e-01,-1.797930e+02
14.45440,9.643979e-01,-1.799963e+02,7.397053e-03,8.987990e-02,7.401811e-03,-2.314340e+00,9.142008e-01,-1.797824e+02
15.84893,9.643982e-01,-1.799962e+02,7.396609e-03,-3.556203e-01,7.400416e-03,-2.548468e+00,9.142308e-01,-1.797699e+02
17.37801,9.643986e-01,-1.799961e+02,7.395704e-03,-8.040570e-01,7.398720e-03,-2.804088e+00,9.142650e-01,-1.797555e+02
19.05461,9.643991e-01,-1.799959e+02,7.394308e-03,-1.259175e+00,7.396667e-03,-3.083322e+00,9.143047e-01,-1.797391e+02
20.89296,9.643996e-01,-1.799957e+02,7.392376e-03,-1.724765e+00,7.394187e-03,-3.388480e+00,9.143510e-01,-1.797206e+02
22.90868,9.644003e-01,-1.799955e+02,7.389841e-03,-2.204689e+00,7.391197e-03,-3.722070e+00,9.144057e-01,-1.796997e+02
25.11886,9.644011e-01,-1.799952e+02,7.386620e-03,-2.702909e+00,7.387597e-03,-4.086817e+00,9.144705e-01,-1.796764e+02
27.54229,9.644020e-01,-1.799949e+02,7.382607e-03,-3.223510e+00,7.383269e-03,-4.485678e+00,9.145475e-01,-1.796505e+02
30.19952,9.644031e-01,-1.799945e+02,7.377669e-03,-3.770724e+00,7.378069e-03,-4.921855e+00,9.146392e-01,-1.796217e+02
33.11311,9.644044e-01,-1.799941e+02,7.371644e-03,-4.348954e+00,7.371827e-03,-5.398811e+00,9.147487e-01,-1.795900e+02
36.30781,9.644060e-01,-1.799937e+02,7.364336e-03,-4.962790e+00,7.364338e-03,-5.920279e+00,9.148794e-01,-1.795551e+02
39.81072,9.644079e-01,-1.799932e+02,7.355509e-03,-5.617027e+00,7.355362e-03,-6.490273e+00,9.150354e-01,-1.795168e+02
43.65158,9.644102e-01,-1.799926e+02,7.344881e-03,-6.316678e+00,7.344609e-03,-7.113088e+00,9.152217e-01,-1.794748e+02
47.86301,9.644129e-01,-1.799920e+02,7.332117e-03,-7.066973e+00,7.331742e-03,-7.793306e+00,9.154440e-01,-1.794291e+02
52.48075,9.644161e-01,-1.799914e+02,7.316820e-03,-7.873355e+00,7.316360e-03,-8.535775e+00,9.157089e-01,-1.793793e+02
57.54399,9.644200e-01,-1.799906e+02,7.298522e-03,-8.741468e+00,7.297993e-03,-9.345596e+00,9.160242e-01,-1.793253e+02
63.09573,9.644245e-01,-1.799898e+02,7.276679e-03,-9.677113e+00,7.276092e-03,-1.022808e+01,9.163989e-01,-1.792670e+02
69.18310,9.644300e-01,-1.799890e+02,7.250653e-03,-1.068621e+01,7.250019e-03,-1.118868e+01,9.168431e-01,-1.792043e+02
75.85776,9.644364e-01,-1.799881e+02,7.219713e-03,-1.177469e+01,7.219041e-03,-1.223294e+01,9.173684e-01,-1.791372e+02
83.17638,9.644439e-01,-1.799871e+02,7.183020e-03,-1.294844e+01,7.182319e-03,-1.336635e+01,9.179878e-01,-1.790657e+02
91.20108,9.644528e-01,-1.799860e+02,7.139628e-03,-1.421308e+01,7.138903e-03,-1.459421e+01,9.187153e-01,-1.789901e+02
100.00000,9.644633e-01,-1.799849e+02,7.088479e-03,-1.557386e+01,7.087736e-03,-1.592144e+01,9.195664e-01,-1.789107e+02
109.64782,9.644754e-01,-1.799837e+02,7.028411e-03,-1.703534e+01,7.027656e-03,-1.735232e+01,9.205568e-01,-1.788281e+02
120.22644,9.644895e-01,-1.799825e+02,6.958176e-03,-1.860117e+01,6.957412e-03,-1.889024e+01,9.217027e-01,-1.787432e+02
131.82567,9.645057e-01,-1.799812e+02,6.876460e-03,-2.027372e+01,6.875693e-03,-2.053733e+01,9.230195e-01,-1.786570e+02
144.54398,9.645241e-01,-1.799799e+02,6.781933e-03,-2.205371e+01,6.781166e-03,-2.229410e+01,9.245209e-01,-1.785708e+02
158.48932,9.645451e-01,-1.799786e+02,6.673299e-03,-2.393981e+01,6.672535e-03,-2.415903e+01,9.262178e-01,-1.784863e+02
173.78008,9.645685e-01,-1.799773e+02,6.549371e-03,-2.592827e+01,6.548615e-03,-2.612816e+01,9.281163e-01,-1.784053e+02
190.54607,9.645945e-01,-1.799760e+02,6.409163e-03,-2.801248e+01,6.408418e-03,-2.819476e+01,9.302168e-01,-1.783300e+02
208.92961,9.646230e-01,-1.799748e+02,6.251986e-03,-3.018278e+01,6.251255e-03,-3.034898e+01,9.325120e-01,-1.782625e+02
229.08677,9.646538e-01,-1.799737e+02,6.077547e-03,-3.242622e+01,6.076832e-03,-3.257775e+01,9.349861e-01,-1.782052e+02
251.18864,9.646866e-01,-1.799726e+02,5.886037e-03,-3.472663e+01,5.885342e-03,-3.486479e+01,9.376146e-01,-1.781599e+02
275.42287,9.647210e-01,-1.799717e+02,5.678204e-03,-3.706485e+01,5.677531e-03,-3.719081e+01,9.403639e-01,-1.781286e+02
301.99517,9.647566e-01,-1.799709e+02,5.455370e-03,-3.941918e+01,5.454722e-03,-3.953401e+01,9.431935e-01,-1.781123e+02
331.13112,9.647926e-01,-1.799703e+02,5.219424e-03,-4.176605e+01,5.218802e-03,-4.187072e+01,9.460575e-01,-1.781119e+02
363.07805,9.648287e-01,-1.799698e+02,4.972746e-03,-4.408083e+01,4.972152e-03,-4.417622e+01,9.489077e-01,-1.781274e+02
398.10717,9.648640e-01,-1.799695e+02,4.718098e-03,-4.633874e+01,4.717534e-03,-4.642567e+01,9.516970e-01,-1.781581e+02
436.51583,9.648982e-01,-1.799692e+02,4.458477e-03,-4.851575e+01,4.457944e-03,-4.859497e+01,9.543822e-01,-1.782028e+02
478.63009,9.649307e-01,-1.799691e+02,4.196954e-03,-5.058938e+01,4.196453e-03,-5.066154e+01,9.569264e-01,-1.782597e+02
524.80746,9.649611e-01,-1.799690e+02,3.936516e-03,-5.253928e+01,3.936045e-03,-5.260500e+01,9.593011e-01,-1.783270e+02
575.43994,9.649893e-01,-1.799689e+02,3.679928e-03,-5.434765e+01,3.679488e-03,-5.440749e+01,9.614868e-01,-1.784022e+02
630.95734,9.650149e-01,-1.799688e+02,3.429634e-03,-5.599942e+01,3.429224e-03,-5.605390e+01,9.634727e-01,-1.784833e+02
691.83097,9.650381e-01,-1.799687e+02,3.187685e-03,-5.748223e+01,3.187305e-03,-5.753179e+01,9.652560e-01,-1.785681e+02
758.57758,9.650588e-01,-1.799684e+02,2.955715e-03,-5.878616e+01,2.955363e-03,-5.883124e+01,9.668406e-01,-1.786548e+02
831.76377,9.650771e-01,-1.799681e+02,2.734941e-03,-5.990349e+01,2.734616e-03,-5.994446e+01,9.682354e-01,-1.787416e+02
912.01084,9.650933e-01,-1.799676e+02,2.526192e-03,-6.082823e+01,2.525892e-03,-6.086545e+01,9.694530e-01,-1.788273e+02
1000.00000,9.651075e-01,-1.799670e+02,2.329950e-03,-6.155577e+01,2.329674e-03,-6.158955e+01,9.705084e-01,-1.789106e+02
1096.47820,9.651199e-01,-1.799661e+02,2.146404e-03,-6.208237e+01,2.146151e-03,-6.211300e+01,9.714174e-01,-1.789910e+02
1202.26443,9.651307e-01,-1.799651e+02,1.975504e-03,-6.240488e+01,1.975272e-03,-6.243262e+01,9.721961e-01,-1.790676e+02
1318.25674,9.651403e-01,-1.799638e+02,1.817008e-03,-6.252033e+01,1.816796e-03,-6.254541e+01,9.728602e-01,-1.791402e+02
1445.43977,9.651487e-01,-1.799622e+02,1.670537e-03,-6.242569e+01,1.670343e-03,-6.244833e+01,9.734242e-01,-1.792086e+02
1584.89319,9.651563e-01,-1.799603e+02,1.535609e-03,-6.211765e+01,1.535432e-03,-6.213806e+01,9.739016e-01,-1.792725e+02
1737.80083,9.651632e-01,-1.799581e+02,1.411676e-03,-6.159251e+01,1.411515e-03,-6.161085e+01,9.743046e-01,-1.793322e+02
1905.46072,9.651696e-01,-1.799556e+02,1.298155e-03,-6.084602e+01,1.298008e-03,-6.086245e+01,9.746440e-01,-1.793876e+02
2089.29613,9.651757e-01,-1.799527e+02,1.194443e-03,-5.987345e+01,1.194310e-03,-5.988813e+01,9.749292e-01,-1.794389e+02
2290.86765,9.651817e-01,-1.799495e+02,1.099941e-03,-5.866963e+01,1.099820e-03,-5.868268e+01,9.751685e-01,-1.794863e+02
2511.88643,9.651877e-01,-1.799458e+02,1.014062e-03,-5.722906e+01,1.013953e-03,-5.724061e+01,9.753690e-01,-1.795300e+02
2754.22870,9.651941e-01,-1.799416e+02,9.362429e-04,-5.554616e+01,9.361443e-04,-5.555632e+01,9.755368e-01,-1.795702e+02
3019.95172,9.652009e-01,-1.799370e+02,8.659485e-04,-5.361558e+01,8.658597e-04,-5.362444e+01,9.756770e-01,-1.796071e+02
3311.31121,9.652084e-01,-1.799319e+02,8.026780e-04,-5.143257e+01,8.025982e-04,-5.144023e+01,9.757942e-01,-1.796410e+02
3630.78055,9.652169e-01,-1.799261e+02,7.459663e-04,-4.899353e+01,7.458949e-04,-4.900009e+01,9.758920e-01,-1.796721e+02
3981.07171,9.652267e-01,-1.799198e+02,6.953856e-04,-4.629658e+01,6.953218e-04,-4.630212e+01,9.759735e-01,-1.797005e+02
4365.15832,9.652380e-01,-1.799128e+02,6.505453e-04,-4.334224e+01,6.504887e-04,-4.334686e+01,9.760416e-01,-1.797265e+02
4786.30092,9.652513e-01,-1.799050e+02,6.110927e-04,-4.013421e+01,6.110426e-04,-4.013797e+01,9.760983e-01,-1.797503e+02
5248.07460,9.652669e-01,-1.798965e+02,5.767116e-04,-3.668008e+01,5.766676e-04,-3.668308e+01,9.761455e-01,-1.797721e+02
5754.39937,9.652855e-01,-1.798871e+02,5.471218e-04,-3.299210e+01,5.470832e-04,-3.299442e+01,9.761849e-01,-1.797920e+02
6309.57344,9.653077e-01,-1.798768e+02,5.220777e-04,-2.908783e+01,5.220442e-04,-2.908955e+01,9.762177e-01,-1.798101e+02
6918.30971,9.653341e-01,-1.798655e+02,5.013680e-04,-2.499051e+01,5.013391e-04,-2.499171e+01,9.762450e-01,-1.798267e+02
7585.77575,9.653657e-01,-1.798530e+02,4.848141e-04,-2.072928e+01,4.847893e-04,-2.073005e+01,9.762678e-01,-1.798418e+02
8317.63771,9.654035e-01,-1.798394e+02,4.722691e-04,-1.633897e+01,4.722481e-04,-1.633939e+01,9.762868e-01,-1.798556e+02
9120.10839,9.654487e-01,-1.798245e+02,4.636174e-04,-1.185954e+01,4.635997e-04,-1.185969e+01,9.763027e-01,-1.798682e+02
10000.00000,9.655028e-01,-1.798082e+02,4.587732e-04,-7.335109e+00,4.587585e-04,-7.335047e+00,9.763159e-01,-1.798797e+02
