! ! 
! S ! 
! ! 
! # MHz  S  MA  R  50.00000
! ! ===================================================================
1.00000,9.643450e-01,-1.799809e+02,6.529375e-03,3.237722e+01,7.498262e-03,5.162868e-01,9.080046e-01,-1.794607e+02
1.09648,9.643480e-01,-1.799824e+02,6.672471e-03,2.991507e+01,7.505151e-03,4.683922e-01,9.086160e-01,-1.794857e+02
1.20226,9.643507e-01,-1.799839e+02,6.798972e-03,2.758208e+01,7.511358e-03,4.168879e-01,9.091671e-01,-1.795119e+02
1.31826,9.643532e-01,-1.799852e+02,6.909877e-03,2.538197e+01,7.516888e-03,3.624914e-01,9.096586e-01,-1.795386e+02
1.44544,9.643554e-01,-1.799864e+02,7.006393e-03,2.331591e+01,7.521768e-03,3.058036e-01,9.100927e-01,-1.795654e+02
1.58489,9.643573e-01,-1.799875e+02,7.089836e-03,2.138285e+01,7.526034e-03,2.472908e-01,9.104727e-01,-1.795917e+02
1.73780,9.643589e-01,-1.799885e+02,7.161564e-03,1.957991e+01,7.529736e-03,1.872805e-01,9.108030e-01,-1.796172e+02
1.90546,9.643603e-01,-1.799895e+02,7.222913e-03,1.790275e+01,7.532925e-03,1.259641e-01,9.110881e-01,-1.796416e+02
2.08930,9.643616e-01,-1.799903e+02,7.275157e-03,1.634593e+01,7.535653e-03,6.340657e-02,9.113329e-01,-1.796647e+02
2.29087,9.643626e-01,-1.799911e+02,7.319481e-03,1.490324e+01,7.537975e-03,-4.415299e-04,9.115422e-01,-1.796862e+02
2.51189,9.643635e-01,-1.799918e+02,7.356964e-03,1.356795e+01,7.539938e-03,-6.573134e-02,9.117203e-01,-1.797062e+02
2.75423,9.643643e-01,-1.799924e+02,7.388572e-03,1.233309e+01,7.541589e-03,-1.327032e-01,9.118715e-01,-1.797245e+02
3.01995,9.643649e-01,-1.799930e+02,7.415161e-03,1.119154e+01,7.542968e-03,-2.016759e-01,9.119995e-01,-1.797411e+02
3.31131,9.643655e-01,-1.799935e+02,7.437478e-03,1.013625e+01,7.544112e-03,-2.730378e-01,9.121077e-01,-1.797559e+02
3.63078,9.643659e-01,-1.799940e+02,7.456174e-03,9.160315e+00,7.545050e-03,-3.472398e-01,9.121991e-01,-1.797691e+02
3.98107,9.643663e-01,-1.799944e+02,7.471805e-03,8.257005e+00,7.545810e-03,-4.247910e-01,9.122764e-01,-1.797807e+02
4.36516,9.643667e-01,-1.799948e+02,7.484849e-03,7.419867e+00,7.546414e-03,-5.062557e-01,9.123417e-01,-1.797906e+02
4.78630,9.643670e-01,-1.799951e+02,7.495710e-03,6.642724e+00,7.546880e-03,-5.922524e-01,9.123970e-01,-1.797989e+02
5.24807,9.643672e-01,-1.799954e+02,7.504733e-03,5.919690e+00,7.547220e-03,-6.834545e-01,9.124442e-01,-1.798056e+02
5.75440,9.643674e-01,-1.799956e+02,7.512204e-03,5.245174e+00,7.547447e-03,-7.805921e-01,9.124846e-01,-1.798108e+02
6.30957,9.643677e-01,-1.799958e+02,7.518366e-03,4.613864e+00,7.547566e-03,-8.844552e-01,9.125195e-01,-1.798145e+02
6.91831,9.643678e-01,-1.799960e+02,7.523419e-03,4.020723e+00,7.547580e-03,-9.958982e-01,9.125502e-01,-1.798166e+02
7.58578,9.643680e-01,-1.799962e+02,7.527528e-03,3.460958e+00,7.547491e-03,-1.115845e+00,9.125775e-01,-1.798173e+02
8.31764,9.643682e-01,-1.799963e+02,7.530828e-03,2.930006e+00,7.547294e-03,-1.245296e+00,9.126025e-01,-1.798164e+02
9.12011,9.643684e-01,-1.799964e+02,7.533430e-03,2.423504e+00,7.546982e-03,-1.385333e+00,9.126258e-01,-1.798140e+02
10.00000,9.643686e-01,-1.799964e+02,7.535419e-03,1.937266e+00,7.546546e-03,-1.537130e+00,9.126484e-01,-1.798100e+02
10.96478,9.643688e-01,-1.799964e+02,7.536862e-03,1.467254e+00,7.545970e-03,-1.701960e+00,9.126708e-01,-1.798045e+02
12.02264,9.643690e-01,-1.799964e+02,7.537807e-03,1.009550e+00,7.545234e-03,-1.881207e+00,9.126941e-01,-1.797973e+02
13.18257,9.643692e-01,-1.799964e+02,7.538286e-03,5.603314e-01,7.544314e-03,-2.076373e+00,9.127188e-01,-1.797884e+02
14.45440,9.643695e-01,-1.799963e+02,7.538315e-03,1.158392e-01,7.543178e-03,-2.289093e+00,9.127458e-01,-1.797778e+02
15.84893,9.643698e-01,-1.799962e+02,7.537894e-03,-3.276466e-01,7.541788e-03,-2.521144e+00,9.127760e-01,-1.797653e+02
17.37801,9.643702e-01,-1.799961e+02,7.537009e-03,-7.738360e-01,7.540098e-03,-2.774459e+00,9.128105e-01,-1.797508e+02
19.05461,9.643707e-01,-1.799959e+02,7.535632e-03,-1.226456e+00,7.538049e-03,-3.051144e+00,9.128505e-01,-1.797343e+02
20.89296,9.643712e-01,-1.799957e+02,7.533715e-03,-1.689278e+00,7.535575e-03,-3.353487e+00,9.128971e-01,-1.797155e+02
22.90868,9.643719e-01,-1.799954e+02,7.531195e-03,-2.166144e+00,7.532592e-03,-3.683974e+00,9.129521e-01,-1.796944e+02
25.11886,9.643726e-01,-1.799952e+02,7.527989e-03,-2.660991e+00,7.528999e-03,-4.045310e+00,9.130171e-01,-1.796709e+02
27.54229,9.643736e-01,-1.799948e+02,7.523990e-03,-3.177882e+00,7.524679e-03,-4.440424e+00,9.130945e-01,-1.796446e+02
30.19952,9.643747e-01,-1.799945e+02,7.519065e-03,-3.721022e+00,7.519488e-03,-4.872494e+00,9.131866e-01,-1.796155e+02
33.11311,9.643760e-01,-1.799941e+02,7.513055e-03,-4.294785e+00,7.513256e-03,-5.344955e+00,9.132964e-01,-1.795834e+02
36.30781,9.643776e-01,-1.799936e+02,7.505762e-03,-4.903735e+00,7.505779e-03,-5.861510e+00,9.134276e-01,-1.795480e+02
39.81072,9.643795e-01,-1.799931e+02,7.496951e-03,-5.552638e+00,7.496816e-03,-6.426144e+00,9.135843e-01,-1.795091e+02
43.65158,9.643817e-01,-1.799926e+02,7.486341e-03,-6.246476e+00,7.486079e-03,-7.043124e+00,9.137714e-01,-1.794666e+02
47.86301,9.643844e-01,-1.799920e+02,7.473595e-03,-6.990452e+00,7.473228e-03,-7.717002e+00,9.139945e-01,-1.794202e+02
52.48075,9.643876e-01,-1.799913e+02,7.458317e-03,-7.789983e+00,7.457863e-03,-8.452600e+00,9.142605e-01,-1.793696e+02
57.54399,9.643915e-01,-1.799906e+02,7.440039e-03,-8.650688e+00,7.439514e-03,-9.254996e+00,9.145772e-01,-1.793148e+02
63.09573,9.643960e-01,-1.799898e+02,7.418215e-03,-9.578353e+00,7.417631e-03,-1.012948e+01,9.149536e-01,-1.792556e+02
69.18310,9.644014e-01,-1.799889e+02,7.392207e-03,-1.057888e+01,7.391575e-03,-1.108151e+01,9.153999e-01,-1.791919e+02
75.85776,9.644078e-01,-1.799880e+02,7.361280e-03,-1.165822e+01,7.360610e-03,-1.211661e+01,9.159279e-01,-1.791236e+02
83.17638,9.644154e-01,-1.799870e+02,7.324592e-03,-1.282226e+01,7.323891e-03,-1.324030e+01,9.165506e-01,-1.790508e+02
91.20108,9.644242e-01,-1.799859e+02,7.281192e-03,-1.407667e+01,7.280467e-03,-1.445791e+01,9.172824e-01,-1.789738e+02
100.00000,9.644346e-01,-1.799848e+02,7.230013e-03,-1.542673e+01,7.229270e-03,-1.577442e+01,9.181388e-01,-1.788929e+02
109.64782,9.644468e-01,-1.799836e+02,7.169884e-03,-1.687713e+01,7.169128e-03,-1.719420e+01,9.191361e-01,-1.788087e+02
120.22644,9.644608e-01,-1.799824e+02,7.099540e-03,-1.843162e+01,7.098775e-03,-1.872077e+01,9.202907e-01,-1.787219e+02
131.82567,9.644770e-01,-1.799811e+02,7.017649e-03,-2.009273e+01,7.016880e-03,-2.035643e+01,9.216186e-01,-1.786337e+02
144.54398,9.644955e-01,-1.799798e+02,6.922855e-03,-2.186142e+01,6.922085e-03,-2.210189e+01,9.231341e-01,-1.785454e+02
158.48932,9.645165e-01,-1.799784e+02,6.813827e-03,-2.373660e+01,6.813062e-03,-2.395589e+01,9.248485e-01,-1.784586e+02
173.78008,9.645400e-01,-1.799771e+02,6.689343e-03,-2.571482e+01,6.688584e-03,-2.591478e+01,9.267688e-01,-1.783752e+02
190.54607,9.645662e-01,-1.799758e+02,6.548367e-03,-2.778982e+01,6.547618e-03,-2.797215e+01,9.288961e-01,-1.782973e+02
208.92961,9.645948e-01,-1.799746e+02,6.390158e-03,-2.995229e+01,6.389423e-03,-3.011855e+01,9.312239e-01,-1.782273e+02
229.08677,9.646258e-01,-1.799734e+02,6.214366e-03,-3.218969e+01,6.213648e-03,-3.234128e+01,9.337370e-01,-1.781674e+02
251.18864,9.646590e-01,-1.799723e+02,6.021129e-03,-3.448620e+01,6.020430e-03,-3.462441e+01,9.364112e-01,-1.781196e+02
275.42287,9.646937e-01,-1.799714e+02,5.811140e-03,-3.682300e+01,5.810463e-03,-3.694901e+01,9.392132e-01,-1.780860e+02
301.99517,9.647297e-01,-1.799706e+02,5.585682e-03,-3.917866e+01,5.585030e-03,-3.929353e+01,9.421021e-01,-1.780677e+02
331.13112,9.647664e-01,-1.799699e+02,5.346616e-03,-4.152980e+01,5.345990e-03,-4.163450e+01,9.450315e-01,-1.780656e+02
363.07805,9.648030e-01,-1.799694e+02,5.096317e-03,-4.385187e+01,5.095719e-03,-4.394730e+01,9.479521e-01,-1.780798e+02
398.10717,9.648390e-01,-1.799691e+02,4.837562e-03,-4.612009e+01,4.836994e-03,-4.620707e+01,9.508155e-01,-1.781096e+02
436.51583,9.648739e-01,-1.799688e+02,4.573387e-03,-4.831034e+01,4.572850e-03,-4.838959e+01,9.535768e-01,-1.781540e+02
478.63009,9.649071e-01,-1.799686e+02,4.306921e-03,-5.039993e+01,4.306414e-03,-5.047213e+01,9.561976e-01,-1.782111e+02
524.80746,9.649383e-01,-1.799685e+02,4.041223e-03,-5.236828e+01,4.040747e-03,-5.243405e+01,9.586477e-01,-1.782789e+02
575.43994,9.649671e-01,-1.799685e+02,3.779145e-03,-5.419733e+01,3.778700e-03,-5.425721e+01,9.609062e-01,-1.783553e+02
630.95734,9.649935e-01,-1.799684e+02,3.523216e-03,-5.587172e+01,3.522802e-03,-5.592623e+01,9.629609e-01,-1.784378e+02
691.83097,9.650173e-01,-1.799683e+02,3.275576e-03,-5.737881e+01,3.275191e-03,-5.742841e+01,9.648082e-01,-1.785244e+02
758.57758,9.650386e-01,-1.799681e+02,3.037936e-03,-5.870848e+01,3.037580e-03,-5.875360e+01,9.664515e-01,-1.786130e+02
831.76377,9.650575e-01,-1.799678e+02,2.811584e-03,-5.985280e+01,2.811255e-03,-5.989381e+01,9.678993e-01,-1.787020e+02
912.01084,9.650741e-01,-1.799673e+02,2.597407e-03,-6.080565e+01,2.597103e-03,-6.084291e+01,9.691644e-01,-1.787899e+02
1000.00000,9.650887e-01,-1.799667e+02,2.395933e-03,-6.156232e+01,2.395654e-03,-6.159615e+01,9.702616e-01,-1.788756e+02
1096.47820,9.651015e-01,-1.799658e+02,2.207387e-03,-6.211905e+01,2.207131e-03,-6.214972e+01,9.712073e-01,-1.789582e+02
1202.26443,9.651127e-01,-1.799648e+02,2.031740e-03,-6.247266e+01,2.031505e-03,-6.250045e+01,9.720179e-01,-1.790371e+02
1318.25674,9.651226e-01,-1.799635e+02,1.868766e-03,-6.262022e+01,1.868551e-03,-6.264536e+01,9.727094e-01,-1.791119e+02
1445.43977,9.651313e-01,-1.799619e+02,1.718092e-03,-6.255877e+01,1.717895e-03,-6.258147e+01,9.732970e-01,-1.791823e+02
1584.89319,9.651391e-01,-1.799601e+02,1.579235e-03,-6.228506e+01,1.579056e-03,-6.230553e+01,9.737946e-01,-1.792483e+02
1737.80083,9.651461e-01,-1.799579e+02,1.451645e-03,-6.179547e+01,1.451482e-03,-6.181387e+01,9.742148e-01,-1.793099e+02
1905.46072,9.651527e-01,-1.799554e+02,1.334728e-03,-6.108583e+01,1.334579e-03,-6.110233e+01,9.745686e-01,-1.793671e+02
2089.29613,9.651589e-01,-1.799526e+02,1.227871e-03,-6.015147e+01,1.227736e-03,-6.016622e+01,9.748661e-01,-1.794201e+02
2290.86765,9.651650e-01,-1.799493e+02,1.130463e-03,-5.898725e+01,1.130340e-03,-5.900037e+01,9.751157e-01,-1.794690e+02
2511.88643,9.651712e-01,-1.799457e+02,1.041902e-03,-5.758764e+01,1.041791e-03,-5.759926e+01,9.753249e-01,-1.795142e+02
2754.22870,9.651776e-01,-1.799415e+02,9.616107e-04,-5.594701e+01,9.615107e-04,-5.595724e+01,9.754999e-01,-1.795557e+02
3019.95172,9.651844e-01,-1.799369e+02,8.890412e-04,-5.405984e+01,8.889510e-04,-5.406878e+01,9.756463e-01,-1.795939e+02
3311.31121,9.651920e-01,-1.799318e+02,8.236780e-04,-5.192115e+01,8.235970e-04,-5.192890e+01,9.757685e-01,-1.796289e+02
3630.78055,9.652005e-01,-1.799261e+02,7.650428e-04,-4.952698e+01,7.649701e-04,-4.953363e+01,9.758706e-01,-1.796610e+02
3981.07171,9.652103e-01,-1.799198e+02,7.126948e-04,-4.687497e+01,7.126300e-04,-4.688060e+01,9.759557e-01,-1.796904e+02
4365.15832,9.652216e-01,-1.799128e+02,6.662319e-04,-4.396503e+01,6.661743e-04,-4.396973e+01,9.760267e-01,-1.797173e+02
4786.30092,9.652349e-01,-1.799051e+02,6.252901e-04,-4.080009e+01,6.252391e-04,-4.080394e+01,9.760859e-01,-1.797419e+02
5248.07460,9.652505e-01,-1.798965e+02,5.895430e-04,-3.738689e+01,5.894981e-04,-3.738997e+01,9.761352e-01,-1.797643e+02
5754.39937,9.652691e-01,-1.798872e+02,5.587010e-04,-3.373671e+01,5.586616e-04,-3.373911e+01,9.761763e-01,-1.797849e+02
6309.57344,9.652912e-01,-1.798769e+02,5.325100e-04,-2.986608e+01,5.324757e-04,-2.986787e+01,9.762106e-01,-1.798037e+02
6918.30971,9.653176e-01,-1.798655e+02,5.107507e-04,-2.579724e+01,5.107211e-04,-2.579850e+01,9.762391e-01,-1.798208e+02
7585.77575,9.653491e-01,-1.798531e+02,4.932372e-04,-2.155839e+01,4.932118e-04,-2.155921e+01,9.762629e-01,-1.798364e+02
8317.63771,9.653868e-01,-1.798395e+02,4.798161e-04,-1.718359e+01,4.797945e-04,-1.718405e+01,9.762827e-01,-1.798507e+02
9120.10839,9.654319e-01,-1.798246e+02,4.703653e-04,-1.271225e+01,4.703471e-04,-1.271243e+01,9.762993e-01,-1.798637e+02
10000.00000,9.654859e-01,-1.798084e+02,4.647931e-04,-8.188207e+00,4.647779e-04,-8.188175e+00,9.763131e-01,-1.798756e+02
