! ! 
! S ! 
! ! 
! # MHz  S  MA  R  50.00000
! ! ===================================================================
1.00000,9.643390e-01,-1.799808e+02,6.548277e-03,3.249900e+01,7.519315e-03,5.213992e-01,9.077072e-01,-1.794552e+02
1.09648,9.643421e-01,-1.799824e+02,6.691731e-03,3.002640e+01,7.526269e-03,4.732947e-01,9.083249e-01,-1.794805e+02
1.20226,9.643448e-01,-1.799838e+02,6.818552e-03,2.768384e+01,7.532536e-03,4.215705e-01,9.088819e-01,-1.795069e+02
1.31826,9.643473e-01,-1.799852e+02,6.929741e-03,2.547497e+01,7.538120e-03,3.669501e-01,9.093786e-01,-1.795339e+02
1.44544,9.643495e-01,-1.799864e+02,7.026506e-03,2.340091e+01,7.543046e-03,3.100395e-01,9.098172e-01,-1.795610e+02
1.58489,9.643514e-01,-1.799875e+02,7.110167e-03,2.146054e+01,7.547354e-03,2.513096e-01,9.102013e-01,-1.795876e+02
1.73780,9.643530e-01,-1.799885e+02,7.182083e-03,1.965091e+01,7.551092e-03,1.910916e-01,9.105350e-01,-1.796134e+02
1.90546,9.643545e-01,-1.799894e+02,7.243593e-03,1.796765e+01,7.554311e-03,1.295800e-01,9.108232e-01,-1.796381e+02
2.08930,9.643557e-01,-1.799903e+02,7.295976e-03,1.640526e+01,7.557067e-03,6.684212e-02,9.110706e-01,-1.796614e+02
2.29087,9.643568e-01,-1.799911e+02,7.340418e-03,1.495749e+01,7.559411e-03,2.830202e-03,9.112820e-01,-1.796832e+02
2.51189,9.643577e-01,-1.799918e+02,7.378001e-03,1.361757e+01,7.561394e-03,-6.260555e-02,9.114621e-01,-1.797033e+02
2.75423,9.643584e-01,-1.799924e+02,7.409693e-03,1.237849e+01,7.563061e-03,-1.297046e-01,9.116148e-01,-1.797218e+02
3.01995,9.643591e-01,-1.799930e+02,7.436354e-03,1.123310e+01,7.564454e-03,-1.987851e-01,9.117442e-01,-1.797386e+02
3.31131,9.643596e-01,-1.799935e+02,7.458732e-03,1.017433e+01,7.565609e-03,-2.702348e-01,9.118536e-01,-1.797537e+02
3.63078,9.643601e-01,-1.799940e+02,7.477478e-03,9.195220e+00,7.566558e-03,-3.445046e-01,9.119459e-01,-1.797671e+02
3.98107,9.643605e-01,-1.799944e+02,7.493151e-03,8.289033e+00,7.567326e-03,-4.221031e-01,9.120239e-01,-1.797788e+02
4.36516,9.643608e-01,-1.799948e+02,7.506230e-03,7.449287e+00,7.567937e-03,-5.035944e-01,9.120899e-01,-1.797888e+02
4.78630,9.643611e-01,-1.799951e+02,7.517122e-03,6.669784e+00,7.568408e-03,-5.895969e-01,9.121458e-01,-1.797973e+02
5.24807,9.643614e-01,-1.799954e+02,7.526169e-03,5.944619e+00,7.568754e-03,-6.807834e-01,9.121935e-01,-1.798041e+02
5.75440,9.643616e-01,-1.799956e+02,7.533662e-03,5.268181e+00,7.568984e-03,-7.778837e-01,9.122343e-01,-1.798094e+02
6.30957,9.643618e-01,-1.799958e+02,7.539841e-03,4.635145e+00,7.569107e-03,-8.816874e-01,9.122696e-01,-1.798131e+02
6.91831,9.643620e-01,-1.799960e+02,7.544908e-03,4.040457e+00,7.569124e-03,-9.930481e-01,9.123005e-01,-1.798154e+02
7.58578,9.643622e-01,-1.799962e+02,7.549029e-03,3.479313e+00,7.569037e-03,-1.112889e+00,9.123281e-01,-1.798161e+02
8.31764,9.643624e-01,-1.799963e+02,7.552340e-03,2.947137e+00,7.568843e-03,-1.242209e+00,9.123532e-01,-1.798153e+02
9.12011,9.643625e-01,-1.799964e+02,7.554951e-03,2.439556e+00,7.568533e-03,-1.382089e+00,9.123767e-01,-1.798129e+02
10.00000,9.643627e-01,-1.799964e+02,7.556947e-03,1.952375e+00,7.568099e-03,-1.533702e+00,9.123994e-01,-1.798090e+02
10.96478,9.643629e-01,-1.799964e+02,7.558397e-03,1.481547e+00,7.567524e-03,-1.698320e+00,9.124220e-01,-1.798035e+02
12.02264,9.643631e-01,-1.799964e+02,7.559347e-03,1.023149e+00,7.566790e-03,-1.877324e+00,9.124453e-01,-1.797963e+02
13.18257,9.643634e-01,-1.799964e+02,7.559831e-03,5.733513e-01,7.565871e-03,-2.072214e+00,9.124701e-01,-1.797875e+02
14.45440,9.643637e-01,-1.799963e+02,7.559863e-03,1.283899e-01,7.564737e-03,-2.284624e+00,9.124972e-01,-1.797768e+02
15.84893,9.643640e-01,-1.799962e+02,7.559446e-03,-3.154593e-01,7.563349e-03,-2.516327e+00,9.125275e-01,-1.797643e+02
17.37801,9.643644e-01,-1.799961e+02,7.558565e-03,-7.619093e-01,7.561660e-03,-2.769255e+00,9.125621e-01,-1.797499e+02
19.05461,9.643649e-01,-1.799959e+02,7.557191e-03,-1.214690e+00,7.559614e-03,-3.045509e+00,9.126020e-01,-1.797333e+02
20.89296,9.643654e-01,-1.799957e+02,7.555278e-03,-1.677574e+00,7.557141e-03,-3.347373e+00,9.126487e-01,-1.797146e+02
22.90868,9.643660e-01,-1.799954e+02,7.552762e-03,-2.154404e+00,7.554160e-03,-3.677334e+00,9.127037e-01,-1.796935e+02
25.11886,9.643668e-01,-1.799952e+02,7.549559e-03,-2.649118e+00,7.550571e-03,-4.038087e+00,9.127689e-01,-1.796699e+02
27.54229,9.643677e-01,-1.799948e+02,7.545563e-03,-3.165778e+00,7.546254e-03,-4.432561e+00,9.128462e-01,-1.796436e+02
30.19952,9.643688e-01,-1.799945e+02,7.540644e-03,-3.708588e+00,7.541067e-03,-4.863929e+00,9.129384e-01,-1.796144e+02
33.11311,9.643702e-01,-1.799941e+02,7.534638e-03,-4.281922e+00,7.534839e-03,-5.335619e+00,9.130484e-01,-1.795822e+02
36.30781,9.643717e-01,-1.799936e+02,7.527350e-03,-4.890339e+00,7.527367e-03,-5.851331e+00,9.131796e-01,-1.795468e+02
39.81072,9.643736e-01,-1.799931e+02,7.518546e-03,-5.538605e+00,7.518409e-03,-6.415044e+00,9.133364e-01,-1.795078e+02
43.65158,9.643759e-01,-1.799926e+02,7.507943e-03,-6.231698e+00,7.507679e-03,-7.031022e+00,9.135236e-01,-1.794652e+02
47.86301,9.643786e-01,-1.799920e+02,7.495205e-03,-6.974818e+00,7.494836e-03,-7.703809e+00,9.137469e-01,-1.794186e+02
52.48075,9.643818e-01,-1.799913e+02,7.479937e-03,-7.773381e+00,7.479481e-03,-8.438225e+00,9.140131e-01,-1.793680e+02
57.54399,9.643856e-01,-1.799906e+02,7.461670e-03,-8.633003e+00,7.461143e-03,-9.239341e+00,9.143299e-01,-1.793130e+02
63.09573,9.643901e-01,-1.799898e+02,7.439858e-03,-9.559468e+00,7.439272e-03,-1.011245e+01,9.147065e-01,-1.792536e+02
69.18310,9.643955e-01,-1.799889e+02,7.413863e-03,-1.055868e+01,7.413229e-03,-1.106300e+01,9.151532e-01,-1.791897e+02
75.85776,9.644019e-01,-1.799880e+02,7.382951e-03,-1.163659e+01,7.382279e-03,-1.209652e+01,9.156816e-01,-1.791213e+02
83.17638,9.644095e-01,-1.799870e+02,7.346280e-03,-1.279908e+01,7.345576e-03,-1.321853e+01,9.163048e-01,-1.790483e+02
91.20108,9.644183e-01,-1.799859e+02,7.302896e-03,-1.405184e+01,7.302168e-03,-1.443437e+01,9.170373e-01,-1.789711e+02
100.00000,9.644287e-01,-1.799848e+02,7.251733e-03,-1.540016e+01,7.250987e-03,-1.574902e+01,9.178946e-01,-1.788899e+02
109.64782,9.644409e-01,-1.799836e+02,7.191618e-03,-1.684874e+01,7.190859e-03,-1.716688e+01,9.188930e-01,-1.788054e+02
120.22644,9.644549e-01,-1.799824e+02,7.121284e-03,-1.840135e+01,7.120516e-03,-1.869148e+01,9.200490e-01,-1.787183e+02
131.82567,9.644711e-01,-1.799811e+02,7.039397e-03,-2.006056e+01,7.038625e-03,-2.032514e+01,9.213787e-01,-1.786298e+02
144.54398,9.644896e-01,-1.799797e+02,6.944596e-03,-2.182735e+01,6.943824e-03,-2.206863e+01,9.228965e-01,-1.785411e+02
158.48932,9.645105e-01,-1.799784e+02,6.835546e-03,-2.370069e+01,6.834777e-03,-2.392071e+01,9.246138e-01,-1.784539e+02
173.78008,9.645341e-01,-1.799771e+02,6.711017e-03,-2.567717e+01,6.710255e-03,-2.587780e+01,9.265377e-01,-1.783700e+02
190.54607,9.645602e-01,-1.799758e+02,6.569967e-03,-2.775060e+01,6.569216e-03,-2.793355e+01,9.286695e-01,-1.782918e+02
208.92961,9.645889e-01,-1.799745e+02,6.411646e-03,-2.991173e+01,6.410908e-03,-3.007855e+01,9.310027e-01,-1.782213e+02
229.08677,9.646199e-01,-1.799734e+02,6.235695e-03,-3.214807e+01,6.234973e-03,-3.230018e+01,9.335223e-01,-1.781609e+02
251.18864,9.646530e-01,-1.799723e+02,6.042240e-03,-3.444390e+01,6.041538e-03,-3.458257e+01,9.362042e-01,-1.781128e+02
275.42287,9.646879e-01,-1.799714e+02,5.831966e-03,-3.678042e+01,5.831286e-03,-3.690685e+01,9.390151e-01,-1.780787e+02
301.99517,9.647239e-01,-1.799706e+02,5.606148e-03,-3.913627e+01,5.605493e-03,-3.925153e+01,9.419141e-01,-1.780601e+02
331.13112,9.647606e-01,-1.799699e+02,5.366642e-03,-4.148809e+01,5.366013e-03,-4.159315e+01,9.448546e-01,-1.780577e+02
363.07805,9.647973e-01,-1.799694e+02,5.115820e-03,-4.381136e+01,5.115219e-03,-4.390712e+01,9.477872e-01,-1.780716e+02
398.10717,9.648334e-01,-1.799690e+02,4.856460e-03,-4.608130e+01,4.855889e-03,-4.616856e+01,9.506633e-01,-1.781013e+02
436.51583,9.648684e-01,-1.799688e+02,4.591604e-03,-4.827375e+01,4.591064e-03,-4.835327e+01,9.534377e-01,-1.781456e+02
478.63009,9.649017e-01,-1.799686e+02,4.324389e-03,-5.036602e+01,4.323880e-03,-5.043846e+01,9.560717e-01,-1.782027e+02
524.80746,9.649330e-01,-1.799685e+02,4.057886e-03,-5.233747e+01,4.057409e-03,-5.240345e+01,9.585348e-01,-1.782707e+02
575.43994,9.649619e-01,-1.799684e+02,3.794961e-03,-5.416998e+01,3.794514e-03,-5.423007e+01,9.608058e-01,-1.783472e+02
630.95734,9.649884e-01,-1.799683e+02,3.538157e-03,-5.584817e+01,3.537740e-03,-5.590287e+01,9.628724e-01,-1.784300e+02
691.83097,9.650123e-01,-1.799682e+02,3.289626e-03,-5.735934e+01,3.289239e-03,-5.740912e+01,9.647308e-01,-1.785168e+02
758.57758,9.650337e-01,-1.799680e+02,3.051095e-03,-5.869333e+01,3.050737e-03,-5.873861e+01,9.663843e-01,-1.786058e+02
831.76377,9.650527e-01,-1.799677e+02,2.823862e-03,-5.984218e+01,2.823531e-03,-5.988334e+01,9.678414e-01,-1.786951e+02
912.01084,9.650694e-01,-1.799673e+02,2.608825e-03,-6.079975e+01,2.608520e-03,-6.083714e+01,9.691146e-01,-1.787834e+02
1000.00000,9.650841e-01,-1.799666e+02,2.406521e-03,-6.156129e+01,2.406240e-03,-6.159523e+01,9.702192e-01,-1.788695e+02
1096.47820,9.650969e-01,-1.799658e+02,2.217177e-03,-6.212305e+01,2.216920e-03,-6.215383e+01,9.711713e-01,-1.789525e+02
1202.26443,9.651082e-01,-1.799648e+02,2.040772e-03,-6.248184e+01,2.040536e-03,-6.250973e+01,9.719874e-01,-1.790318e+02
1318.25674,9.651181e-01,-1.799635e+02,1.877083e-03,-6.263475e+01,1.876867e-03,-6.265997e+01,9.726837e-01,-1.791070e+02
1445.43977,9.651268e-01,-1.799619e+02,1.725735e-03,-6.257880e+01,1.725538e-03,-6.260159e+01,9.732754e-01,-1.791778e+02
1584.89319,9.651346e-01,-1.799601e+02,1.586249e-03,-6.231079e+01,1.586069e-03,-6.233133e+01,9.737765e-01,-1.792442e+02
1737.80083,9.651417e-01,-1.799579e+02,1.458071e-03,-6.182708e+01,1.457907e-03,-6.184555e+01,9.741997e-01,-1.793060e+02
1905.46072,9.651483e-01,-1.799554e+02,1.340608e-03,-6.112353e+01,1.340459e-03,-6.114009e+01,9.745561e-01,-1.793636e+02
2089.29613,9.651545e-01,-1.799526e+02,1.233246e-03,-6.019547e+01,1.233110e-03,-6.021028e+01,9.748557e-01,-1.794168e+02
2290.86765,9.651606e-01,-1.799493e+02,1.135369e-03,-5.903777e+01,1.135246e-03,-5.905095e+01,9.751071e-01,-1.794661e+02
2511.88643,9.651668e-01,-1.799457e+02,1.046376e-03,-5.764492e+01,1.046265e-03,-5.765659e+01,9.753178e-01,-1.795114e+02
2754.22870,9.651732e-01,-1.799415e+02,9.656869e-04,-5.601124e+01,9.655862e-04,-5.602152e+01,9.754941e-01,-1.795532e+02
3019.95172,9.651801e-01,-1.799369e+02,8.927502e-04,-5.413122e+01,8.926595e-04,-5.414021e+01,9.756415e-01,-1.795916e+02
3311.31121,9.651877e-01,-1.799318e+02,8.270490e-04,-5.199983e+01,8.269675e-04,-5.200762e+01,9.757647e-01,-1.796268e+02
3630.78055,9.651962e-01,-1.799261e+02,7.681028e-04,-4.961305e+01,7.680298e-04,-4.961974e+01,9.758675e-01,-1.796590e+02
3981.07171,9.652060e-01,-1.799198e+02,7.154689e-04,-4.696845e+01,7.154037e-04,-4.697412e+01,9.759532e-01,-1.796886e+02
4365.15832,9.652173e-01,-1.799128e+02,6.687431e-04,-4.406585e+01,6.686851e-04,-4.407058e+01,9.760247e-01,-1.797156e+02
4786.30092,9.652306e-01,-1.799051e+02,6.275598e-04,-4.090805e+01,6.275084e-04,-4.091192e+01,9.760844e-01,-1.797404e+02
5248.07460,9.652462e-01,-1.798966e+02,5.915907e-04,-3.750164e+01,5.915454e-04,-3.750474e+01,9.761341e-01,-1.797630e+02
5754.39937,9.652648e-01,-1.798872e+02,5.605448e-04,-3.385776e+01,5.605052e-04,-3.386018e+01,9.761755e-01,-1.797837e+02
6309.57344,9.652869e-01,-1.798769e+02,5.341667e-04,-2.999276e+01,5.341322e-04,-2.999457e+01,9.762100e-01,-1.798026e+02
6918.30971,9.653132e-01,-1.798656e+02,5.122358e-04,-2.592872e+01,5.122060e-04,-2.593000e+01,9.762387e-01,-1.798198e+02
7585.77575,9.653447e-01,-1.798532e+02,4.945649e-04,-2.169368e+01,4.945393e-04,-2.169452e+01,9.762627e-01,-1.798355e+02
8317.63771,9.653824e-01,-1.798396e+02,4.809995e-04,-1.732156e+01,4.809778e-04,-1.732204e+01,9.762826e-01,-1.798499e+02
9120.10839,9.654275e-01,-1.798247e+02,4.714167e-04,-1.285168e+01,4.713984e-04,-1.285187e+01,9.762993e-01,-1.798630e+02
10000.00000,9.654814e-01,-1.798084e+02,4.657236e-04,-8.327833e+00,4.657083e-04,-8.327806e+00,9.763132e-01,-1.798749e+02
