! ! 
! S ! 
! ! 
! # MHz  S  MA  R  50.00000
! ! ===================================================================
1.00000,9.643426e-01,-1.799808e+02,6.527185e-03,3.260694e+01,7.494478e-03,5.190252e-01,9.079610e-01,-1.794576e+02
1.09648,9.643456e-01,-1.799824e+02,6.670067e-03,3.012474e+01,7.501390e-03,4.710034e-01,9.085761e-01,-1.794827e+02
1.20226,9.643484e-01,-1.799838e+02,6.796384e-03,2.777343e+01,7.507618e-03,4.193642e-01,9.091307e-01,-1.795090e+02
1.31826,9.643508e-01,-1.799852e+02,6.907132e-03,2.555658e+01,7.513167e-03,3.648285e-01,9.096252e-01,-1.795360e+02
1.44544,9.643530e-01,-1.799864e+02,7.003513e-03,2.347524e+01,7.518063e-03,3.079999e-01,9.100619e-01,-1.795629e+02
1.58489,9.643549e-01,-1.799875e+02,7.086841e-03,2.152824e+01,7.522345e-03,2.493476e-01,9.104443e-01,-1.795894e+02
1.73780,9.643566e-01,-1.799885e+02,7.158472e-03,1.971256e+01,7.526059e-03,1.892008e-01,9.107766e-01,-1.796151e+02
1.90546,9.643580e-01,-1.799894e+02,7.219739e-03,1.802378e+01,7.529259e-03,1.277527e-01,9.110635e-01,-1.796396e+02
2.08930,9.643592e-01,-1.799903e+02,7.271914e-03,1.645635e+01,7.531997e-03,6.506949e-02,9.113099e-01,-1.796628e+02
2.29087,9.643603e-01,-1.799911e+02,7.316180e-03,1.500397e+01,7.534327e-03,1.102503e-03,9.115204e-01,-1.796845e+02
2.51189,9.643612e-01,-1.799918e+02,7.353613e-03,1.365985e+01,7.536297e-03,-6.429882e-02,9.116996e-01,-1.797046e+02
2.75423,9.643619e-01,-1.799924e+02,7.385180e-03,1.241692e+01,7.537954e-03,-1.313745e-01,9.118518e-01,-1.797230e+02
3.01995,9.643626e-01,-1.799930e+02,7.411735e-03,1.126802e+01,7.539338e-03,-2.004433e-01,9.119806e-01,-1.797397e+02
3.31131,9.643631e-01,-1.799935e+02,7.434024e-03,1.020603e+01,7.540486e-03,-2.718935e-01,9.120894e-01,-1.797547e+02
3.63078,9.643636e-01,-1.799940e+02,7.452695e-03,9.223972e+00,7.541428e-03,-3.461762e-01,9.121814e-01,-1.797680e+02
3.98107,9.643640e-01,-1.799944e+02,7.468306e-03,8.315082e+00,7.542191e-03,-4.238007e-01,9.122591e-01,-1.797796e+02
4.36516,9.643643e-01,-1.799948e+02,7.481333e-03,7.472856e+00,7.542798e-03,-5.053316e-01,9.123248e-01,-1.797896e+02
4.78630,9.643646e-01,-1.799951e+02,7.492181e-03,6.691073e+00,7.543265e-03,-5.913875e-01,9.123805e-01,-1.797980e+02
5.24807,9.643649e-01,-1.799954e+02,7.501192e-03,5.963809e+00,7.543608e-03,-6.826423e-01,9.124279e-01,-1.798048e+02
5.75440,9.643651e-01,-1.799956e+02,7.508654e-03,5.285436e+00,7.543836e-03,-7.798261e-01,9.124685e-01,-1.798101e+02
6.30957,9.643653e-01,-1.799958e+02,7.514808e-03,4.650612e+00,7.543956e-03,-8.837294e-01,9.125037e-01,-1.798138e+02
6.91831,9.643655e-01,-1.799960e+02,7.519854e-03,4.054266e+00,7.543972e-03,-9.952069e-01,9.125345e-01,-1.798160e+02
7.58578,9.643657e-01,-1.799962e+02,7.523958e-03,3.491582e+00,7.543883e-03,-1.115183e+00,9.125620e-01,-1.798167e+02
8.31764,9.643659e-01,-1.799963e+02,7.527254e-03,2.957971e+00,7.543687e-03,-1.244656e+00,9.125870e-01,-1.798159e+02
9.12011,9.643660e-01,-1.799964e+02,7.529852e-03,2.449047e+00,7.543377e-03,-1.384711e+00,9.126105e-01,-1.798135e+02
10.00000,9.643662e-01,-1.799964e+02,7.531839e-03,1.960603e+00,7.542941e-03,-1.536521e+00,9.126331e-01,-1.798096e+02
10.96478,9.643664e-01,-1.799964e+02,7.533280e-03,1.488583e+00,7.542366e-03,-1.701360e+00,9.126556e-01,-1.798041e+02
12.02264,9.643666e-01,-1.799964e+02,7.534223e-03,1.029053e+00,7.541631e-03,-1.880609e+00,9.126789e-01,-1.797969e+02
13.18257,9.643669e-01,-1.799964e+02,7.534701e-03,5.781726e-01,7.540712e-03,-2.075773e+00,9.127037e-01,-1.797881e+02
14.45440,9.643672e-01,-1.799963e+02,7.534729e-03,1.321705e-01,7.539577e-03,-2.288486e+00,9.127307e-01,-1.797775e+02
15.84893,9.643675e-01,-1.799962e+02,7.534307e-03,-3.126866e-01,7.538189e-03,-2.520524e+00,9.127610e-01,-1.797650e+02
17.37801,9.643679e-01,-1.799961e+02,7.533423e-03,-7.601204e-01,7.536500e-03,-2.773823e+00,9.127955e-01,-1.797505e+02
19.05461,9.643684e-01,-1.799959e+02,7.532046e-03,-1.213869e+00,7.534454e-03,-3.050485e+00,9.128355e-01,-1.797340e+02
20.89296,9.643689e-01,-1.799957e+02,7.530131e-03,-1.677712e+00,7.531981e-03,-3.352799e+00,9.128821e-01,-1.797153e+02
22.90868,9.643695e-01,-1.799954e+02,7.527613e-03,-2.155501e+00,7.529000e-03,-3.683253e+00,9.129371e-01,-1.796942e+02
25.11886,9.643703e-01,-1.799952e+02,7.524409e-03,-2.651182e+00,7.525411e-03,-4.044548e+00,9.130022e-01,-1.796707e+02
27.54229,9.643712e-01,-1.799949e+02,7.520412e-03,-3.168822e+00,7.521094e-03,-4.439617e+00,9.130795e-01,-1.796444e+02
30.19952,9.643723e-01,-1.799945e+02,7.515492e-03,-3.712636e+00,7.515907e-03,-4.871634e+00,9.131716e-01,-1.796154e+02
33.11311,9.643737e-01,-1.799941e+02,7.509486e-03,-4.287002e+00,7.509680e-03,-5.344035e+00,9.132815e-01,-1.795832e+02
36.30781,9.643752e-01,-1.799936e+02,7.502198e-03,-4.896489e+00,7.502209e-03,-5.860524e+00,9.134127e-01,-1.795478e+02
39.81072,9.643771e-01,-1.799931e+02,7.493394e-03,-5.545869e+00,7.493252e-03,-6.425083e+00,9.135694e-01,-1.795090e+02
43.65158,9.643794e-01,-1.799926e+02,7.482791e-03,-6.240127e+00,7.482523e-03,-7.041981e+00,9.137564e-01,-1.794664e+02
47.86301,9.643821e-01,-1.799920e+02,7.470055e-03,-6.984469e+00,7.469682e-03,-7.715768e+00,9.139796e-01,-1.794200e+02
52.48075,9.643853e-01,-1.799913e+02,7.454789e-03,-7.784318e+00,7.454329e-03,-8.451267e+00,9.142456e-01,-1.793695e+02
57.54399,9.643891e-01,-1.799906e+02,7.436525e-03,-8.645295e+00,7.435994e-03,-9.253553e+00,9.145623e-01,-1.793147e+02
63.09573,9.643936e-01,-1.799898e+02,7.414717e-03,-9.573190e+00,7.414128e-03,-1.012792e+01,9.149386e-01,-1.792554e+02
69.18310,9.643990e-01,-1.799889e+02,7.388728e-03,-1.057391e+01,7.388091e-03,-1.107982e+01,9.153849e-01,-1.791917e+02
75.85776,9.644054e-01,-1.799880e+02,7.357825e-03,-1.165340e+01,7.357149e-03,-1.211479e+01,9.159129e-01,-1.791234e+02
83.17638,9.644130e-01,-1.799870e+02,7.321164e-03,-1.281755e+01,7.320458e-03,-1.323833e+01,9.165357e-01,-1.790506e+02
91.20108,9.644218e-01,-1.799859e+02,7.277796e-03,-1.407204e+01,7.277066e-03,-1.445578e+01,9.172675e-01,-1.789736e+02
100.00000,9.644322e-01,-1.799848e+02,7.226655e-03,-1.542216e+01,7.225906e-03,-1.577212e+01,9.181239e-01,-1.788927e+02
109.64782,9.644443e-01,-1.799836e+02,7.166569e-03,-1.687258e+01,7.165808e-03,-1.719173e+01,9.191212e-01,-1.788085e+02
120.22644,9.644584e-01,-1.799824e+02,7.096276e-03,-1.842708e+01,7.095506e-03,-1.871812e+01,9.202759e-01,-1.787217e+02
131.82567,9.644745e-01,-1.799811e+02,7.014444e-03,-2.008818e+01,7.013670e-03,-2.035360e+01,9.216038e-01,-1.786335e+02
144.54398,9.644930e-01,-1.799798e+02,6.919716e-03,-2.185683e+01,6.918941e-03,-2.209887e+01,9.231194e-01,-1.785451e+02
158.48932,9.645140e-01,-1.799784e+02,6.810764e-03,-2.373197e+01,6.809993e-03,-2.395269e+01,9.248339e-01,-1.784583e+02
173.78008,9.645375e-01,-1.799771e+02,6.686364e-03,-2.571013e+01,6.685600e-03,-2.591140e+01,9.267544e-01,-1.783748e+02
190.54607,9.645636e-01,-1.799758e+02,6.545482e-03,-2.778509e+01,6.544728e-03,-2.796861e+01,9.288819e-01,-1.782970e+02
208.92961,9.645922e-01,-1.799746e+02,6.387376e-03,-2.994752e+01,6.386636e-03,-3.011486e+01,9.312100e-01,-1.782269e+02
229.08677,9.646232e-01,-1.799734e+02,6.211696e-03,-3.218488e+01,6.210973e-03,-3.233746e+01,9.337235e-01,-1.781669e+02
251.18864,9.646562e-01,-1.799724e+02,6.018578e-03,-3.448138e+01,6.017875e-03,-3.462049e+01,9.363981e-01,-1.781192e+02
275.42287,9.646910e-01,-1.799714e+02,5.808715e-03,-3.681819e+01,5.808033e-03,-3.694502e+01,9.392006e-01,-1.780855e+02
301.99517,9.647269e-01,-1.799706e+02,5.583387e-03,-3.917388e+01,5.582731e-03,-3.928950e+01,9.420902e-01,-1.780672e+02
331.13112,9.647635e-01,-1.799700e+02,5.344455e-03,-4.152507e+01,5.343825e-03,-4.163047e+01,9.450203e-01,-1.780651e+02
363.07805,9.648001e-01,-1.799695e+02,5.094291e-03,-4.384723e+01,5.093689e-03,-4.394330e+01,9.479417e-01,-1.780792e+02
398.10717,9.648361e-01,-1.799691e+02,4.835670e-03,-4.611558e+01,4.835099e-03,-4.620313e+01,9.508059e-01,-1.781091e+02
436.51583,9.648709e-01,-1.799688e+02,4.571627e-03,-4.830598e+01,4.571087e-03,-4.838575e+01,9.535681e-01,-1.781534e+02
478.63009,9.649041e-01,-1.799687e+02,4.305289e-03,-5.039575e+01,4.304779e-03,-5.046842e+01,9.561898e-01,-1.782105e+02
524.80746,9.649352e-01,-1.799686e+02,4.039715e-03,-5.236430e+01,4.039236e-03,-5.243049e+01,9.586409e-01,-1.782784e+02
575.43994,9.649640e-01,-1.799685e+02,3.777754e-03,-5.419356e+01,3.777306e-03,-5.425384e+01,9.609001e-01,-1.783547e+02
630.95734,9.649904e-01,-1.799684e+02,3.521936e-03,-5.586818e+01,3.521519e-03,-5.592305e+01,9.629557e-01,-1.784373e+02
691.83097,9.650142e-01,-1.799683e+02,3.274399e-03,-5.737552e+01,3.274012e-03,-5.742544e+01,9.648038e-01,-1.785239e+02
758.57758,9.650354e-01,-1.799681e+02,3.036856e-03,-5.870543e+01,3.036497e-03,-5.875084e+01,9.664478e-01,-1.786125e+02
831.76377,9.650543e-01,-1.799678e+02,2.810593e-03,-5.984999e+01,2.810262e-03,-5.989128e+01,9.678963e-01,-1.787015e+02
912.01084,9.650709e-01,-1.799673e+02,2.596499e-03,-6.080310e+01,2.596193e-03,-6.084060e+01,9.691620e-01,-1.787894e+02
1000.00000,9.650855e-01,-1.799667e+02,2.395101e-03,-6.156001e+01,2.394820e-03,-6.159405e+01,9.702597e-01,-1.788751e+02
1096.47820,9.650983e-01,-1.799659e+02,2.206624e-03,-6.211697e+01,2.206367e-03,-6.214785e+01,9.712059e-01,-1.789578e+02
1202.26443,9.651095e-01,-1.799648e+02,2.031041e-03,-6.247081e+01,2.030804e-03,-6.249878e+01,9.720169e-01,-1.790367e+02
1318.25674,9.651194e-01,-1.799635e+02,1.868125e-03,-6.261860e+01,1.867909e-03,-6.264390e+01,9.727087e-01,-1.791115e+02
1445.43977,9.651280e-01,-1.799620e+02,1.717504e-03,-6.255736e+01,1.717306e-03,-6.258021e+01,9.732966e-01,-1.791820e+02
1584.89319,9.651358e-01,-1.799601e+02,1.578696e-03,-6.228386e+01,1.578516e-03,-6.230446e+01,9.737945e-01,-1.792481e+02
1737.80083,9.651429e-01,-1.799580e+02,1.451150e-03,-6.179446e+01,1.450986e-03,-6.181298e+01,9.742148e-01,-1.793096e+02
1905.46072,9.651494e-01,-1.799555e+02,1.334272e-03,-6.108501e+01,1.334123e-03,-6.110162e+01,9.745689e-01,-1.793669e+02
2089.29613,9.651556e-01,-1.799526e+02,1.227452e-03,-6.015083e+01,1.227316e-03,-6.016567e+01,9.748665e-01,-1.794199e+02
2290.86765,9.651617e-01,-1.799494e+02,1.130076e-03,-5.898677e+01,1.129953e-03,-5.899998e+01,9.751163e-01,-1.794688e+02
2511.88643,9.651679e-01,-1.799457e+02,1.041544e-03,-5.758733e+01,1.041433e-03,-5.759903e+01,9.753255e-01,-1.795140e+02
2754.22870,9.651743e-01,-1.799416e+02,9.612796e-04,-5.594685e+01,9.611789e-04,-5.595714e+01,9.755007e-01,-1.795555e+02
3019.95172,9.651812e-01,-1.799370e+02,8.887337e-04,-5.405981e+01,8.886429e-04,-5.406881e+01,9.756471e-01,-1.795937e+02
3311.31121,9.651887e-01,-1.799318e+02,8.233916e-04,-5.192124e+01,8.233100e-04,-5.192904e+01,9.757694e-01,-1.796287e+02
3630.78055,9.651972e-01,-1.799261e+02,7.647751e-04,-4.952717e+01,7.647020e-04,-4.953386e+01,9.758715e-01,-1.796608e+02
3981.07171,9.652070e-01,-1.799198e+02,7.124436e-04,-4.687523e+01,7.123784e-04,-4.688090e+01,9.759567e-01,-1.796902e+02
4365.15832,9.652183e-01,-1.799128e+02,6.659952e-04,-4.396534e+01,6.659372e-04,-4.397008e+01,9.760277e-01,-1.797171e+02
4786.30092,9.652316e-01,-1.799051e+02,6.250660e-04,-4.080043e+01,6.250147e-04,-4.080430e+01,9.760870e-01,-1.797418e+02
5248.07460,9.652472e-01,-1.798966e+02,5.893298e-04,-3.738721e+01,5.892845e-04,-3.739031e+01,9.761363e-01,-1.797643e+02
5754.39937,9.652658e-01,-1.798872e+02,5.584970e-04,-3.373699e+01,5.584573e-04,-3.373939e+01,9.761774e-01,-1.797848e+02
6309.57344,9.652879e-01,-1.798769e+02,5.323136e-04,-2.986626e+01,5.322792e-04,-2.986806e+01,9.762117e-01,-1.798036e+02
6918.30971,9.653142e-01,-1.798656e+02,5.105606e-04,-2.579728e+01,5.105308e-04,-2.579855e+01,9.762403e-01,-1.798207e+02
7585.77575,9.653457e-01,-1.798532e+02,4.930520e-04,-2.155824e+01,4.930265e-04,-2.155907e+01,9.762640e-01,-1.798364e+02
8317.63771,9.653834e-01,-1.798396e+02,4.796345e-04,-1.718321e+01,4.796128e-04,-1.718368e+01,9.762839e-01,-1.798507e+02
9120.10839,9.654285e-01,-1.798247e+02,4.701862e-04,-1.271160e+01,4.701679e-04,-1.271178e+01,9.763004e-01,-1.798637e+02
10000.00000,9.654825e-01,-1.798084e+02,4.646153e-04,-8.187249e+00,4.646000e-04,-8.187216e+00,9.763142e-01,-1.798756e+02
