! ! 
! S ! 
! ! 
! # MHz  S  MA  R  50.00000
! ! ===================================================================
1.00000,9.643443e-01,-1.799809e+02,6.528782e-03,3.243814e+01,7.497256e-03,5.170128e-01,9.079931e-01,-1.794599e+02
1.09648,9.643474e-01,-1.799824e+02,6.671822e-03,2.997067e+01,7.504150e-03,4.690845e-01,9.086054e-01,-1.794849e+02
1.20226,9.643501e-01,-1.799838e+02,6.798276e-03,2.763282e+01,7.510363e-03,4.175444e-01,9.091574e-01,-1.795111e+02
1.31826,9.643526e-01,-1.799852e+02,6.909140e-03,2.542827e+01,7.515898e-03,3.631111e-01,9.096497e-01,-1.795379e+02
1.44544,9.643547e-01,-1.799864e+02,7.005621e-03,2.335816e+01,7.520782e-03,3.063859e-01,9.100845e-01,-1.795647e+02
1.58489,9.643566e-01,-1.799875e+02,7.089035e-03,2.142140e+01,7.525053e-03,2.478361e-01,9.104652e-01,-1.795911e+02
1.73780,9.643583e-01,-1.799885e+02,7.160737e-03,1.961509e+01,7.528758e-03,1.877896e-01,9.107960e-01,-1.796167e+02
1.90546,9.643597e-01,-1.799894e+02,7.222065e-03,1.793484e+01,7.531949e-03,1.264383e-01,9.110816e-01,-1.796411e+02
2.08930,9.643609e-01,-1.799903e+02,7.274292e-03,1.637521e+01,7.534681e-03,6.384749e-02,9.113268e-01,-1.796642e+02
2.29087,9.643620e-01,-1.799911e+02,7.318601e-03,1.492995e+01,7.537004e-03,-3.212473e-05,9.115364e-01,-1.796858e+02
2.51189,9.643629e-01,-1.799918e+02,7.356071e-03,1.359232e+01,7.538970e-03,-6.535149e-02,9.117148e-01,-1.797058e+02
2.75423,9.643637e-01,-1.799924e+02,7.387668e-03,1.235532e+01,7.540622e-03,-1.323509e-01,9.118663e-01,-1.797241e+02
3.01995,9.643643e-01,-1.799930e+02,7.414248e-03,1.121182e+01,7.542003e-03,-2.013491e-01,9.119945e-01,-1.797407e+02
3.31131,9.643648e-01,-1.799935e+02,7.436558e-03,1.015476e+01,7.543147e-03,-2.727343e-01,9.121029e-01,-1.797556e+02
3.63078,9.643653e-01,-1.799940e+02,7.455247e-03,9.177194e+00,7.544087e-03,-3.469577e-01,9.121944e-01,-1.797688e+02
3.98107,9.643657e-01,-1.799944e+02,7.470873e-03,8.272405e+00,7.544848e-03,-4.245283e-01,9.122718e-01,-1.797804e+02
4.36516,9.643661e-01,-1.799948e+02,7.483913e-03,7.433918e+00,7.545452e-03,-5.060106e-01,9.123372e-01,-1.797903e+02
4.78630,9.643663e-01,-1.799951e+02,7.494771e-03,6.655545e+00,7.545918e-03,-5.920230e-01,9.123926e-01,-1.797987e+02
5.24807,9.643666e-01,-1.799954e+02,7.503791e-03,5.931389e+00,7.546259e-03,-6.832390e-01,9.124398e-01,-1.798054e+02
5.75440,9.643668e-01,-1.799956e+02,7.511260e-03,5.255850e+00,7.546486e-03,-7.803888e-01,9.124803e-01,-1.798106e+02
6.30957,9.643670e-01,-1.799958e+02,7.517419e-03,4.623609e+00,7.546605e-03,-8.842626e-01,9.125153e-01,-1.798143e+02
6.91831,9.643672e-01,-1.799960e+02,7.522470e-03,4.029618e+00,7.546620e-03,-9.957147e-01,9.125460e-01,-1.798165e+02
7.58578,9.643674e-01,-1.799962e+02,7.526578e-03,3.469079e+00,7.546531e-03,-1.115669e+00,9.125734e-01,-1.798171e+02
8.31764,9.643676e-01,-1.799963e+02,7.529877e-03,2.937422e+00,7.546334e-03,-1.245126e+00,9.125983e-01,-1.798163e+02
9.12011,9.643677e-01,-1.799964e+02,7.532478e-03,2.430278e+00,7.546023e-03,-1.385168e+00,9.126217e-01,-1.798139e+02
10.00000,9.643679e-01,-1.799964e+02,7.534467e-03,1.943455e+00,7.545587e-03,-1.536968e+00,9.126443e-01,-1.798099e+02
10.96478,9.643681e-01,-1.799964e+02,7.535909e-03,1.472910e+00,7.545011e-03,-1.701800e+00,9.126668e-01,-1.798044e+02
12.02264,9.643684e-01,-1.799964e+02,7.536854e-03,1.014722e+00,7.544275e-03,-1.881048e+00,9.126900e-01,-1.797972e+02
13.18257,9.643686e-01,-1.799964e+02,7.537332e-03,5.650626e-01,7.543355e-03,-2.076214e+00,9.127147e-01,-1.797883e+02
14.45440,9.643689e-01,-1.799963e+02,7.537361e-03,1.201701e-01,7.542220e-03,-2.288931e+00,9.127418e-01,-1.797777e+02
15.84893,9.643692e-01,-1.799962e+02,7.536939e-03,-3.236793e-01,7.540831e-03,-2.520979e+00,9.127720e-01,-1.797652e+02
17.37801,9.643696e-01,-1.799961e+02,7.536055e-03,-7.701986e-01,7.539140e-03,-2.774290e+00,9.128065e-01,-1.797507e+02
19.05461,9.643701e-01,-1.799959e+02,7.534678e-03,-1.223118e+00,7.537093e-03,-3.050969e+00,9.128465e-01,-1.797342e+02
20.89296,9.643706e-01,-1.799957e+02,7.532761e-03,-1.686211e+00,7.534619e-03,-3.353304e+00,9.128931e-01,-1.797155e+02
22.90868,9.643712e-01,-1.799954e+02,7.530242e-03,-2.163321e+00,7.531636e-03,-3.683782e+00,9.129481e-01,-1.796944e+02
25.11886,9.643720e-01,-1.799952e+02,7.527036e-03,-2.658390e+00,7.528045e-03,-4.045107e+00,9.130131e-01,-1.796708e+02
27.54229,9.643729e-01,-1.799948e+02,7.523038e-03,-3.175479e+00,7.523726e-03,-4.440209e+00,9.130905e-01,-1.796446e+02
30.19952,9.643740e-01,-1.799945e+02,7.518115e-03,-3.718797e+00,7.518536e-03,-4.872265e+00,9.131826e-01,-1.796155e+02
33.11311,9.643754e-01,-1.799941e+02,7.512105e-03,-4.292721e+00,7.512305e-03,-5.344710e+00,9.132925e-01,-1.795834e+02
36.30781,9.643769e-01,-1.799936e+02,7.504814e-03,-4.901813e+00,7.504829e-03,-5.861247e+00,9.134237e-01,-1.795480e+02
39.81072,9.643788e-01,-1.799931e+02,7.496005e-03,-5.550842e+00,7.495868e-03,-6.425861e+00,9.135803e-01,-1.795091e+02
43.65158,9.643811e-01,-1.799926e+02,7.485396e-03,-6.244791e+00,7.485133e-03,-7.042820e+00,9.137674e-01,-1.794666e+02
47.86301,9.643838e-01,-1.799920e+02,7.472653e-03,-6.988864e+00,7.472285e-03,-7.716673e+00,9.139905e-01,-1.794201e+02
52.48075,9.643870e-01,-1.799913e+02,7.457378e-03,-7.788479e+00,7.456923e-03,-8.452245e+00,9.142566e-01,-1.793696e+02
57.54399,9.643908e-01,-1.799906e+02,7.439104e-03,-8.649256e+00,7.438578e-03,-9.254612e+00,9.145732e-01,-1.793148e+02
63.09573,9.643954e-01,-1.799898e+02,7.417284e-03,-9.576982e+00,7.416699e-03,-1.012907e+01,9.149496e-01,-1.792556e+02
69.18310,9.644008e-01,-1.799889e+02,7.391281e-03,-1.057756e+01,7.390648e-03,-1.108106e+01,9.153959e-01,-1.791918e+02
75.85776,9.644072e-01,-1.799880e+02,7.360361e-03,-1.165694e+01,7.359689e-03,-1.211613e+01,9.159239e-01,-1.791235e+02
83.17638,9.644147e-01,-1.799870e+02,7.323680e-03,-1.282101e+01,7.322978e-03,-1.323978e+01,9.165466e-01,-1.790508e+02
91.20108,9.644236e-01,-1.799859e+02,7.280289e-03,-1.407544e+01,7.279562e-03,-1.445735e+01,9.172784e-01,-1.789738e+02
100.00000,9.644340e-01,-1.799848e+02,7.229120e-03,-1.542552e+01,7.228375e-03,-1.577381e+01,9.181349e-01,-1.788929e+02
109.64782,9.644461e-01,-1.799836e+02,7.169002e-03,-1.687592e+01,7.168244e-03,-1.719355e+01,9.191322e-01,-1.788086e+02
120.22644,9.644602e-01,-1.799824e+02,7.098672e-03,-1.843041e+01,7.097905e-03,-1.872007e+01,9.202868e-01,-1.787219e+02
131.82567,9.644764e-01,-1.799811e+02,7.016797e-03,-2.009152e+01,7.016026e-03,-2.035567e+01,9.216147e-01,-1.786337e+02
144.54398,9.644949e-01,-1.799798e+02,6.922020e-03,-2.186020e+01,6.921249e-03,-2.210108e+01,9.231302e-01,-1.785453e+02
158.48932,9.645158e-01,-1.799784e+02,6.813012e-03,-2.373537e+01,6.812245e-03,-2.395503e+01,9.248446e-01,-1.784585e+02
173.78008,9.645393e-01,-1.799771e+02,6.688550e-03,-2.571357e+01,6.687790e-03,-2.591388e+01,9.267650e-01,-1.783751e+02
190.54607,9.645655e-01,-1.799758e+02,6.547599e-03,-2.778856e+01,6.546850e-03,-2.797121e+01,9.288923e-01,-1.782972e+02
208.92961,9.645941e-01,-1.799746e+02,6.389418e-03,-2.995102e+01,6.388681e-03,-3.011757e+01,9.312202e-01,-1.782272e+02
229.08677,9.646251e-01,-1.799734e+02,6.213656e-03,-3.218841e+01,6.212936e-03,-3.234026e+01,9.337334e-01,-1.781673e+02
251.18864,9.646582e-01,-1.799723e+02,6.020451e-03,-3.448492e+01,6.019750e-03,-3.462337e+01,9.364077e-01,-1.781195e+02
275.42287,9.646930e-01,-1.799714e+02,5.810495e-03,-3.682172e+01,5.809817e-03,-3.694795e+01,9.392098e-01,-1.780858e+02
301.99517,9.647290e-01,-1.799706e+02,5.585072e-03,-3.917739e+01,5.584418e-03,-3.929246e+01,9.420989e-01,-1.780676e+02
331.13112,9.647656e-01,-1.799700e+02,5.346042e-03,-4.152854e+01,5.345414e-03,-4.163343e+01,9.450285e-01,-1.780655e+02
363.07805,9.648022e-01,-1.799694e+02,5.095778e-03,-4.385063e+01,5.095179e-03,-4.394624e+01,9.479493e-01,-1.780796e+02
398.10717,9.648382e-01,-1.799691e+02,4.837059e-03,-4.611889e+01,4.836490e-03,-4.620602e+01,9.508130e-01,-1.781095e+02
436.51583,9.648731e-01,-1.799688e+02,4.572919e-03,-4.830918e+01,4.572381e-03,-4.838857e+01,9.535745e-01,-1.781538e+02
478.63009,9.649063e-01,-1.799687e+02,4.306487e-03,-5.039882e+01,4.305979e-03,-5.047115e+01,9.561955e-01,-1.782109e+02
524.80746,9.649375e-01,-1.799686e+02,4.040822e-03,-5.236723e+01,4.040346e-03,-5.243310e+01,9.586459e-01,-1.782788e+02
575.43994,9.649663e-01,-1.799685e+02,3.778775e-03,-5.419633e+01,3.778330e-03,-5.425631e+01,9.609046e-01,-1.783551e+02
630.95734,9.649927e-01,-1.799684e+02,3.522876e-03,-5.587078e+01,3.522461e-03,-5.592538e+01,9.629595e-01,-1.784377e+02
691.83097,9.650165e-01,-1.799683e+02,3.275263e-03,-5.737793e+01,3.274878e-03,-5.742762e+01,9.648071e-01,-1.785242e+02
758.57758,9.650377e-01,-1.799681e+02,3.037649e-03,-5.870767e+01,3.037292e-03,-5.875286e+01,9.664505e-01,-1.786129e+02
831.76377,9.650566e-01,-1.799678e+02,2.811321e-03,-5.985205e+01,2.810991e-03,-5.989314e+01,9.678985e-01,-1.787019e+02
912.01084,9.650733e-01,-1.799673e+02,2.597165e-03,-6.080497e+01,2.596861e-03,-6.084230e+01,9.691637e-01,-1.787898e+02
1000.00000,9.650879e-01,-1.799667e+02,2.395712e-03,-6.156171e+01,2.395433e-03,-6.159559e+01,9.702611e-01,-1.788755e+02
1096.47820,9.651007e-01,-1.799658e+02,2.207184e-03,-6.211850e+01,2.206927e-03,-6.214922e+01,9.712069e-01,-1.789581e+02
1202.26443,9.651119e-01,-1.799648e+02,2.031554e-03,-6.247217e+01,2.031318e-03,-6.250000e+01,9.720176e-01,-1.790370e+02
1318.25674,9.651217e-01,-1.799635e+02,1.868596e-03,-6.261979e+01,1.868380e-03,-6.264497e+01,9.727093e-01,-1.791118e+02
1445.43977,9.651304e-01,-1.799620e+02,1.717935e-03,-6.255839e+01,1.717738e-03,-6.258113e+01,9.732969e-01,-1.791823e+02
1584.89319,9.651382e-01,-1.799601e+02,1.579092e-03,-6.228474e+01,1.578912e-03,-6.230524e+01,9.737946e-01,-1.792483e+02
1737.80083,9.651453e-01,-1.799579e+02,1.451513e-03,-6.179520e+01,1.451350e-03,-6.181363e+01,9.742148e-01,-1.793098e+02
1905.46072,9.651518e-01,-1.799554e+02,1.334607e-03,-6.108561e+01,1.334458e-03,-6.110214e+01,9.745687e-01,-1.793670e+02
2089.29613,9.651580e-01,-1.799526e+02,1.227760e-03,-6.015130e+01,1.227625e-03,-6.016607e+01,9.748662e-01,-1.794200e+02
2290.86765,9.651641e-01,-1.799493e+02,1.130360e-03,-5.898712e+01,1.130237e-03,-5.900027e+01,9.751159e-01,-1.794690e+02
2511.88643,9.651703e-01,-1.799457e+02,1.041807e-03,-5.758756e+01,1.041696e-03,-5.759920e+01,9.753251e-01,-1.795141e+02
2754.22870,9.651767e-01,-1.799416e+02,9.615227e-04,-5.594697e+01,9.614224e-04,-5.595722e+01,9.755001e-01,-1.795557e+02
3019.95172,9.651836e-01,-1.799369e+02,8.889594e-04,-5.405983e+01,8.888691e-04,-5.406879e+01,9.756465e-01,-1.795938e+02
3311.31121,9.651911e-01,-1.799318e+02,8.236018e-04,-5.192118e+01,8.235207e-04,-5.192894e+01,9.757688e-01,-1.796288e+02
3630.78055,9.651997e-01,-1.799261e+02,7.649716e-04,-4.952703e+01,7.648988e-04,-4.953370e+01,9.758708e-01,-1.796609e+02
3981.07171,9.652094e-01,-1.799198e+02,7.126280e-04,-4.687504e+01,7.125630e-04,-4.688069e+01,9.759560e-01,-1.796903e+02
4365.15832,9.652207e-01,-1.799128e+02,6.661690e-04,-4.396512e+01,6.661112e-04,-4.396982e+01,9.760270e-01,-1.797172e+02
4786.30092,9.652340e-01,-1.799051e+02,6.252305e-04,-4.080018e+01,6.251794e-04,-4.080404e+01,9.760862e-01,-1.797418e+02
5248.07460,9.652497e-01,-1.798965e+02,5.894863e-04,-3.738698e+01,5.894413e-04,-3.739006e+01,9.761355e-01,-1.797643e+02
5754.39937,9.652682e-01,-1.798872e+02,5.586467e-04,-3.373679e+01,5.586073e-04,-3.373919e+01,9.761766e-01,-1.797849e+02
6309.57344,9.652903e-01,-1.798769e+02,5.324578e-04,-2.986613e+01,5.324234e-04,-2.986792e+01,9.762109e-01,-1.798036e+02
6918.30971,9.653167e-01,-1.798656e+02,5.107001e-04,-2.579725e+01,5.106704e-04,-2.579852e+01,9.762394e-01,-1.798208e+02
7585.77575,9.653482e-01,-1.798531e+02,4.931879e-04,-2.155835e+01,4.931625e-04,-2.155918e+01,9.762632e-01,-1.798364e+02
8317.63771,9.653859e-01,-1.798395e+02,4.797678e-04,-1.718349e+01,4.797461e-04,-1.718396e+01,9.762830e-01,-1.798507e+02
9120.10839,9.654310e-01,-1.798247e+02,4.703176e-04,-1.271208e+01,4.702994e-04,-1.271226e+01,9.762996e-01,-1.798637e+02
10000.00000,9.654850e-01,-1.798084e+02,4.647458e-04,-8.187955e+00,4.647306e-04,-8.187922e+00,9.763134e-01,-1.798756e+02
