! ! 
! S ! 
! ! 
! # MHz  S  MA  R  50.00000
! ! ===================================================================
1.00000,9.924550e-01,-7.625397e-01,3.315814e-03,1.787450e+02,4.701323e-05,8.956456e+01,9.608036e-01,-1.799834e+02
1.09648,9.924519e-01,-8.361053e-01,3.315862e-03,1.786223e+02,5.154866e-05,8.952101e+01,9.608036e-01,-1.799848e+02
1.20226,9.924482e-01,-9.167675e-01,3.315920e-03,1.784880e+02,5.652156e-05,8.947341e+01,9.608036e-01,-1.799861e+02
1.31826,9.924437e-01,-1.005211e+00,3.315989e-03,1.783408e+02,6.197411e-05,8.942133e+01,9.608036e-01,-1.799874e+02
1.44544,9.924383e-01,-1.102185e+00,3.316073e-03,1.781796e+02,6.795253e-05,8.936434e+01,9.608036e-01,-1.799884e+02
1.58489,9.924318e-01,-1.208514e+00,3.316173e-03,1.780029e+02,7.450750e-05,8.930195e+01,9.608036e-01,-1.799894e+02
1.73780,9.924240e-01,-1.325098e+00,3.316294e-03,1.778093e+02,8.169458e-05,8.923365e+01,9.608036e-01,-1.799904e+02
1.90546,9.924146e-01,-1.452927e+00,3.316440e-03,1.775972e+02,8.957465e-05,8.915884e+01,9.608036e-01,-1.799912e+02
2.08930,9.924033e-01,-1.593084e+00,3.316614e-03,1.773646e+02,9.821445e-05,8.907689e+01,9.608036e-01,-1.799919e+02
2.29087,9.923897e-01,-1.746757e+00,3.316824e-03,1.771097e+02,1.076871e-04,8.898711e+01,9.608036e-01,-1.799926e+02
2.51189,9.923734e-01,-1.915248e+00,3.317076e-03,1.768304e+02,1.180727e-04,8.888875e+01,9.608036e-01,-1.799933e+02
2.75423,9.923538e-01,-2.099984e+00,3.317380e-03,1.765242e+02,1.294591e-04,8.878095e+01,9.608036e-01,-1.799938e+02
3.01995,9.923302e-01,-2.302530e+00,3.317744e-03,1.761886e+02,1.419424e-04,8.866283e+01,9.608036e-01,-1.799943e+02
3.31131,9.923019e-01,-2.524598e+00,3.318182e-03,1.758207e+02,1.556280e-04,8.853337e+01,9.608036e-01,-1.799948e+02
3.63078,9.922678e-01,-2.768068e+00,3.318709e-03,1.754176e+02,1.706312e-04,8.839148e+01,9.608036e-01,-1.799952e+02
3.98107,9.922269e-01,-3.034995e+00,3.319342e-03,1.749757e+02,1.870781e-04,8.823597e+01,9.608036e-01,-1.799956e+02
4.36516,9.921777e-01,-3.327634e+00,3.320102e-03,1.744915e+02,2.051070e-04,8.806552e+01,9.608036e-01,-1.799959e+02
4.78630,9.921185e-01,-3.648452e+00,3.321015e-03,1.739609e+02,2.248688e-04,8.787870e+01,9.608037e-01,-1.799962e+02
5.24807,9.920475e-01,-4.000149e+00,3.322112e-03,1.733795e+02,2.465289e-04,8.767394e+01,9.608037e-01,-1.799965e+02
5.75440,9.919621e-01,-4.385682e+00,3.323430e-03,1.727425e+02,2.702676e-04,8.744952e+01,9.608037e-01,-1.799968e+02
6.30957,9.918595e-01,-4.808286e+00,3.325013e-03,1.720448e+02,2.962820e-04,8.720358e+01,9.608037e-01,-1.799970e+02
6.91831,9.917362e-01,-5.271497e+00,3.326913e-03,1.712806e+02,3.247869e-04,8.693405e+01,9.608037e-01,-1.799972e+02
7.58578,9.915882e-01,-5.779181e+00,3.329193e-03,1.704439e+02,3.560167e-04,8.663870e+01,9.608037e-01,-1.799974e+02
8.31764,9.914104e-01,-6.335559e+00,3.331929e-03,1.695279e+02,3.902262e-04,8.631508e+01,9.608037e-01,-1.799975e+02
9.12011,9.911970e-01,-6.945239e+00,3.335211e-03,1.685256e+02,4.276922e-04,8.596054e+01,9.608038e-01,-1.799976e+02
10.00000,9.909408e-01,-7.613244e+00,3.339144e-03,1.674291e+02,4.687153e-04,8.557218e+01,9.608038e-01,-1.799977e+02
10.96478,9.906333e-01,-8.345046e+00,3.343856e-03,1.662302e+02,5.136204e-04,8.514685e+01,9.608038e-01,-1.799978e+02
12.02264,9.902646e-01,-9.146592e+00,3.349497e-03,1.649201e+02,5.627583e-04,8.468114e+01,9.608039e-01,-1.799979e+02
13.18257,9.898226e-01,-1.002434e+01,3.356245e-03,1.634893e+02,6.165060e-04,8.417134e+01,9.608040e-01,-1.799979e+02
14.45440,9.892929e-01,-1.098530e+01,3.364308e-03,1.619279e+02,6.752675e-04,8.361346e+01,9.608040e-01,-1.799980e+02
15.84893,9.886587e-01,-1.203701e+01,3.373932e-03,1.602257e+02,7.394730e-04,8.300321e+01,9.608041e-01,-1.799980e+02
17.37801,9.879000e-01,-1.318764e+01,3.385401e-03,1.583720e+02,8.095781e-04,8.233599e+01,9.608042e-01,-1.799980e+02
19.05461,9.869932e-01,-1.444594e+01,3.399048e-03,1.563558e+02,8.860609e-04,8.160687e+01,9.608043e-01,-1.799980e+02
20.89296,9.859106e-01,-1.582124e+01,3.415252e-03,1.541663e+02,9.694188e-04,8.081066e+01,9.608045e-01,-1.799979e+02
22.90868,9.846199e-01,-1.732349e+01,3.434446e-03,1.517927e+02,1.060162e-03,7.994187e+01,9.608046e-01,-1.799979e+02
25.11886,9.830837e-01,-1.896318e+01,3.457121e-03,1.492250e+02,1.158805e-03,7.899478e+01,9.608048e-01,-1.799978e+02
27.54229,9.812590e-01,-2.075129e+01,3.483818e-03,1.464540e+02,1.265856e-03,7.796352e+01,9.608051e-01,-1.799977e+02
30.19952,9.790965e-01,-2.269920e+01,3.515131e-03,1.434716e+02,1.381801e-03,7.684209e+01,9.608054e-01,-1.799976e+02
33.11311,9.765409e-01,-2.481854e+01,3.551693e-03,1.402721e+02,1.507083e-03,7.562456e+01,9.608057e-01,-1.799975e+02
36.30781,9.735304e-01,-2.712100e+01,3.594165e-03,1.368517e+02,1.642079e-03,7.430515e+01,9.608061e-01,-1.799974e+02
39.81072,9.699978e-01,-2.961806e+01,3.643209e-03,1.332100e+02,1.787070e-03,7.287848e+01,9.608065e-01,-1.799972e+02
43.65158,9.658710e-01,-3.232067e+01,3.699458e-03,1.293499e+02,1.942202e-03,7.133979e+01,9.608071e-01,-1.799970e+02
47.86301,9.610754e-01,-3.523883e+01,3.763474e-03,1.252784e+02,2.107451e-03,6.968523e+01,9.608077e-01,-1.799968e+02
52.48075,9.555364e-01,-3.838110e+01,3.835702e-03,1.210067e+02,2.282579e-03,6.791224e+01,9.608084e-01,-1.799966e+02
57.54399,9.491833e-01,-4.175398e+01,3.916408e-03,1.165507e+02,2.467086e-03,6.601987e+01,9.608092e-01,-1.799964e+02
63.09573,9.419547e-01,-4.536130e+01,4.005629e-03,1.119308e+02,2.660177e-03,6.400923e+01,9.608101e-01,-1.799961e+02
69.18310,9.338043e-01,-4.920353e+01,4.103114e-03,1.071715e+02,2.860727e-03,6.188383e+01,9.608111e-01,-1.799958e+02
75.85776,9.247081e-01,-5.327706e+01,4.208288e-03,1.023013e+02,3.067271e-03,5.964998e+01,9.608123e-01,-1.799955e+02
83.17638,9.146710e-01,-5.757360e+01,4.320230e-03,9.735166e+01,3.278009e-03,5.731700e+01,9.608135e-01,-1.799951e+02
91.20108,9.037332e-01,-6.207964e+01,4.437675e-03,9.235637e+01,3.490842e-03,5.489734e+01,9.608149e-01,-1.799948e+02
100.00000,8.919746e-01,-6.677621e+01,4.559059e-03,8.735067e+01,3.703445e-03,5.240652e+01,9.608163e-01,-1.799944e+02
109.64782,8.795161e-01,-7.163875e+01,4.682588e-03,8.237022e+01,3.913356e-03,4.986280e+01,9.608178e-01,-1.799939e+02
120.22644,8.665172e-01,-7.663751e+01,4.806331e-03,7.745007e+01,4.118103e-03,4.728669e+01,9.608193e-01,-1.799934e+02
131.82567,8.531696e-01,-8.173811e+01,4.928342e-03,7.262372e+01,4.315330e-03,4.470022e+01,9.608209e-01,-1.799929e+02
144.54398,8.396866e-01,-8.690257e+01,5.046775e-03,6.792225e+01,4.502927e-03,4.212607e+01,9.608225e-01,-1.799924e+02
158.48932,8.262901e-01,-9.209054e+01,5.159992e-03,6.337350e+01,4.679138e-03,3.958665e+01,9.608241e-01,-1.799918e+02
173.78008,8.131963e-01,-9.726080e+01,5.266646e-03,5.900147e+01,4.842638e-03,3.710321e+01,9.608256e-01,-1.799911e+02
190.54607,8.006022e-01,-1.023727e+02,5.365732e-03,5.482590e+01,4.992571e-03,3.469508e+01,9.608271e-01,-1.799904e+02
208.92961,7.886747e-01,-1.073878e+02,5.456605e-03,5.086204e+01,5.128546e-03,3.237904e+01,9.608285e-01,-1.799896e+02
229.08677,7.775430e-01,-1.122710e+02,5.538967e-03,4.712076e+01,5.250604e-03,3.016897e+01,9.608299e-01,-1.799887e+02
251.18864,7.672960e-01,-1.169917e+02,5.612822e-03,4.360868e+01,5.359149e-03,2.807575e+01,9.608312e-01,-1.799878e+02
275.42287,7.579823e-01,-1.215243e+02,5.678432e-03,4.032859e+01,5.454875e-03,2.610722e+01,9.608325e-01,-1.799867e+02
301.99517,7.496146e-01,-1.258489e+02,5.736249e-03,3.727998e+01,5.538687e-03,2.426849e+01,9.608337e-01,-1.799856e+02
331.13112,7.421749e-01,-1.299509e+02,5.786860e-03,3.445955e+01,5.611619e-03,2.256219e+01,9.608349e-01,-1.799843e+02
363.07805,7.356221e-01,-1.338213e+02,5.830935e-03,3.186180e+01,5.674772e-03,2.098892e+01,9.608361e-01,-1.799829e+02
398.10717,7.298981e-01,-1.374554e+02,5.869179e-03,2.947959e+01,5.729260e-03,1.954760e+01,9.608373e-01,-1.799813e+02
436.51583,7.249344e-01,-1.408531e+02,5.902307e-03,2.730461e+01,5.776170e-03,1.823587e+01,9.608386e-01,-1.799796e+02
478.63009,7.206575e-01,-1.440175e+02,5.931012e-03,2.532785e+01,5.816535e-03,1.705050e+01,9.608400e-01,-1.799778e+02
524.80746,7.169929e-01,-1.469546e+02,5.955956e-03,2.353998e+01,5.851321e-03,1.598764e+01,9.608415e-01,-1.799757e+02
575.43994,7.138682e-01,-1.496725e+02,5.977760e-03,2.193161e+01,5.881415e-03,1.504316e+01,9.608432e-01,-1.799735e+02
630.95734,7.112152e-01,-1.521808e+02,5.997002e-03,2.049356e+01,5.907630e-03,1.421278e+01,9.608451e-01,-1.799710e+02
691.83097,7.089713e-01,-1.544901e+02,6.014219e-03,1.921706e+01,5.930706e-03,1.349234e+01,9.608474e-01,-1.799683e+02
758.57758,7.070801e-01,-1.566116e+02,6.029913e-03,1.809382e+01,5.951321e-03,1.287788e+01,9.608500e-01,-1.799653e+02
831.76377,7.054913e-01,-1.585569e+02,6.044557e-03,1.711618e+01,5.970098e-03,1.236572e+01,9.608531e-01,-1.799620e+02
912.01084,7.041610e-01,-1.603372e+02,6.058605e-03,1.627717e+01,5.987619e-03,1.195257e+01,9.608568e-01,-1.799584e+02
1000.00000,7.030510e-01,-1.619638e+02,6.072502e-03,1.557047e+01,6.004441e-03,1.163557e+01,9.608611e-01,-1.799545e+02
1096.47820,7.021285e-01,-1.634473e+02,6.086695e-03,1.499050e+01,6.021101e-03,1.141226e+01,9.608663e-01,-1.799501e+02
1202.26443,7.013658e-01,-1.647980e+02,6.101642e-03,1.453231e+01,6.038139e-03,1.128061e+01,9.608725e-01,-1.799454e+02
1318.25674,7.007393e-01,-1.660256e+02,6.117829e-03,1.419164e+01,6.056109e-03,1.123902e+01,9.608799e-01,-1.799402e+02
1445.43977,7.002294e-01,-1.671391e+02,6.135781e-03,1.396475e+01,6.075593e-03,1.128620e+01,9.608888e-01,-1.799344e+02
1584.89319,6.998200e-01,-1.681469e+02,6.156076e-03,1.384843e+01,6.097221e-03,1.142117e+01,9.608995e-01,-1.799282e+02
1737.80083,6.994979e-01,-1.690568e+02,6.179363e-03,1.383984e+01,6.121683e-03,1.164313e+01,9.609123e-01,-1.799213e+02
1905.46072,6.992528e-01,-1.698759e+02,6.206375e-03,1.393638e+01,6.149752e-03,1.195135e+01,9.609277e-01,-1.799138e+02
2089.29613,6.990767e-01,-1.706106e+02,6.237950e-03,1.413553e+01,6.182300e-03,1.234499e+01,9.609461e-01,-1.799056e+02
2290.86765,6.989639e-01,-1.712670e+02,6.275049e-03,1.443463e+01,6.220316e-03,1.282291e+01,9.609682e-01,-1.798966e+02
2511.88643,6.989106e-01,-1.718503e+02,6.318774e-03,1.483062e+01,6.264930e-03,1.338345e+01,9.609948e-01,-1.798868e+02
2754.22870,6.989150e-01,-1.723654e+02,6.370386e-03,1.531979e+01,6.317430e-03,1.402409e+01,9.610266e-01,-1.798761e+02
3019.95172,6.989772e-01,-1.728166e+02,6.431328e-03,1.589737e+01,6.379280e-03,1.474115e+01,9.610646e-01,-1.798644e+02
3311.31121,6.990992e-01,-1.732077e+02,6.503232e-03,1.655717e+01,6.452135e-03,1.552937e+01,9.611103e-01,-1.798516e+02
3630.78055,6.992849e-01,-1.735421e+02,6.587939e-03,1.729116e+01,6.537855e-03,1.638153e+01,9.611649e-01,-1.798377e+02
3981.07171,6.995401e-01,-1.738227e+02,6.687495e-03,1.808903e+01,6.638506e-03,1.728801e+01,9.612301e-01,-1.798226e+02
4365.15832,6.998728e-01,-1.740523e+02,6.804150e-03,1.893776e+01,6.756351e-03,1.823635e+01,9.613080e-01,-1.798062e+02
4786.30092,7.002934e-01,-1.742329e+02,6.940336e-03,1.982127e+01,6.893838e-03,1.921093e+01,9.614010e-01,-1.797884e+02
5248.07460,7.008150e-01,-1.743667e+02,7.098633e-03,2.072018e+01,7.053554e-03,2.019276e+01,9.615117e-01,-1.797692e+02
5754.39937,7.014532e-01,-1.744552e+02,7.281709e-03,2.161165e+01,7.238175e-03,2.115932e+01,9.616432e-01,-1.797485e+02
6309.57344,7.022272e-01,-1.745001e+02,7.492245e-03,2.246957e+01,7.450384e-03,2.208478e+01,9.617992e-01,-1.797262e+02
6918.30971,7.031592e-01,-1.745025e+02,7.732826e-03,2.326488e+01,7.692760e-03,2.294038e+01,9.619837e-01,-1.797024e+02
7585.77575,7.042756e-01,-1.744638e+02,8.005811e-03,2.396622e+01,7.967655e-03,2.369503e+01,9.622013e-01,-1.796771e+02
8317.63771,7.056068e-01,-1.743852e+02,8.313174e-03,2.454075e+01,8.277029e-03,2.431624e+01,9.624569e-01,-1.796502e+02
9120.10839,7.071875e-01,-1.742681e+02,8.656321e-03,2.495527e+01,8.622271e-03,2.477118e+01,9.627559e-01,-1.796220e+02
10000.00000,7.090569e-01,-1.741137e+02,9.035890e-03,2.517735e+01,9.003998e-03,2.502787e+01,9.631040e-01,-1.795926e+02
