! ! 
! S ! 
! ! 
! # MHz  S  MA  R  50.00000
! ! ===================================================================
1.00000,9.928000e-01,-7.530840e-01,2.321684e-03,1.784030e+02,4.699626e-05,8.956999e+01,9.608036e-01,-1.799834e+02
1.09648,9.927969e-01,-8.257375e-01,2.321767e-03,1.782474e+02,5.153006e-05,8.952697e+01,9.608036e-01,-1.799848e+02
1.20226,9.927933e-01,-9.053996e-01,2.321867e-03,1.780769e+02,5.650118e-05,8.947993e+01,9.608036e-01,-1.799861e+02
1.31826,9.927889e-01,-9.927463e-01,2.321988e-03,1.778901e+02,6.195177e-05,8.942848e+01,9.608036e-01,-1.799874e+02
1.44544,9.927836e-01,-1.088519e+00,2.322133e-03,1.776855e+02,6.792805e-05,8.937218e+01,9.608036e-01,-1.799885e+02
1.58489,9.927773e-01,-1.193529e+00,2.322307e-03,1.774612e+02,7.448069e-05,8.931056e+01,9.608036e-01,-1.799895e+02
1.73780,9.927696e-01,-1.308668e+00,2.322516e-03,1.772154e+02,8.166521e-05,8.924308e+01,9.608036e-01,-1.799904e+02
1.90546,9.927605e-01,-1.434912e+00,2.322768e-03,1.769461e+02,8.954249e-05,8.916918e+01,9.608036e-01,-1.799912e+02
2.08930,9.927494e-01,-1.573331e+00,2.323071e-03,1.766509e+02,9.817924e-05,8.908823e+01,9.608036e-01,-1.799919e+02
2.29087,9.927362e-01,-1.725100e+00,2.323434e-03,1.763273e+02,1.076486e-04,8.899955e+01,9.608036e-01,-1.799926e+02
2.51189,9.927203e-01,-1.891502e+00,2.323871e-03,1.759728e+02,1.180306e-04,8.890238e+01,9.608036e-01,-1.799933e+02
2.75423,9.927011e-01,-2.073949e+00,2.324397e-03,1.755842e+02,1.294130e-04,8.879590e+01,9.608036e-01,-1.799938e+02
3.01995,9.926781e-01,-2.273985e+00,2.325028e-03,1.751584e+02,1.418921e-04,8.867921e+01,9.608036e-01,-1.799943e+02
3.31131,9.926504e-01,-2.493303e+00,2.325787e-03,1.746918e+02,1.555730e-04,8.855133e+01,9.608036e-01,-1.799948e+02
3.63078,9.926172e-01,-2.733757e+00,2.326698e-03,1.741806e+02,1.705711e-04,8.841117e+01,9.608036e-01,-1.799952e+02
3.98107,9.925772e-01,-2.997379e+00,2.327793e-03,1.736205e+02,1.870126e-04,8.825756e+01,9.608036e-01,-1.799956e+02
4.36516,9.925292e-01,-3.286395e+00,2.329109e-03,1.730070e+02,2.050357e-04,8.808919e+01,9.608036e-01,-1.799959e+02
4.78630,9.924714e-01,-3.603242e+00,2.330688e-03,1.723351e+02,2.247913e-04,8.790464e+01,9.608036e-01,-1.799963e+02
5.24807,9.924020e-01,-3.950588e+00,2.332586e-03,1.715993e+02,2.464448e-04,8.770238e+01,9.608036e-01,-1.799965e+02
5.75440,9.923187e-01,-4.331355e+00,2.334863e-03,1.707939e+02,2.701765e-04,8.748070e+01,9.608036e-01,-1.799968e+02
6.30957,9.922185e-01,-4.748736e+00,2.337596e-03,1.699126e+02,2.961836e-04,8.723775e+01,9.608037e-01,-1.799970e+02
6.91831,9.920982e-01,-5.206227e+00,2.340875e-03,1.689484e+02,3.246810e-04,8.697149e+01,9.608037e-01,-1.799972e+02
7.58578,9.919536e-01,-5.707646e+00,2.344806e-03,1.678941e+02,3.559032e-04,8.667973e+01,9.608037e-01,-1.799974e+02
8.31764,9.917800e-01,-6.257166e+00,2.349518e-03,1.667420e+02,3.901051e-04,8.636004e+01,9.608037e-01,-1.799975e+02
9.12011,9.915716e-01,-6.859340e+00,2.355163e-03,1.654836e+02,4.275640e-04,8.600980e+01,9.608037e-01,-1.799976e+02
10.00000,9.913214e-01,-7.519133e+00,2.361918e-03,1.641104e+02,4.685806e-04,8.562614e+01,9.608038e-01,-1.799978e+02
10.96478,9.910212e-01,-8.241954e+00,2.369997e-03,1.626131e+02,5.134805e-04,8.520594e+01,9.608038e-01,-1.799978e+02
12.02264,9.906611e-01,-9.033685e+00,2.379648e-03,1.609824e+02,5.626150e-04,8.474583e+01,9.608038e-01,-1.799979e+02
13.18257,9.902293e-01,-9.900713e+00,2.391164e-03,1.592084e+02,6.163623e-04,8.424214e+01,9.608039e-01,-1.799980e+02
14.45440,9.897120e-01,-1.084996e+01,2.404883e-03,1.572816e+02,6.751274e-04,8.369093e+01,9.608040e-01,-1.799980e+02
15.84893,9.890924e-01,-1.188892e+01,2.421200e-03,1.551924e+02,7.393424e-04,8.308794e+01,9.608040e-01,-1.799980e+02
17.37801,9.883512e-01,-1.302565e+01,2.440567e-03,1.529317e+02,8.094648e-04,8.242861e+01,9.608041e-01,-1.799980e+02
19.05461,9.874651e-01,-1.426882e+01,2.463500e-03,1.504910e+02,8.859758e-04,8.170805e+01,9.608042e-01,-1.799980e+02
20.89296,9.864070e-01,-1.562770e+01,2.490579e-03,1.478630e+02,9.693765e-04,8.092112e+01,9.608043e-01,-1.799980e+02
22.90868,9.851454e-01,-1.711214e+01,2.522452e-03,1.450420e+02,1.060182e-03,8.006235e+01,9.608045e-01,-1.799979e+02
25.11886,9.836434e-01,-1.873258e+01,2.559826e-03,1.420240e+02,1.158913e-03,7.912606e+01,9.608047e-01,-1.799979e+02
27.54229,9.818588e-01,-2.049991e+01,2.603465e-03,1.388075e+02,1.266085e-03,7.810638e+01,9.608049e-01,-1.799978e+02
30.19952,9.797432e-01,-2.242549e+01,2.654169e-03,1.353938e+02,1.382195e-03,7.699733e+01,9.608051e-01,-1.799977e+02
33.11311,9.772419e-01,-2.452091e+01,2.712758e-03,1.317873e+02,1.507697e-03,7.579297e+01,9.608054e-01,-1.799976e+02
36.30781,9.742941e-01,-2.679786e+01,2.780037e-03,1.279955e+02,1.642985e-03,7.448748e+01,9.608058e-01,-1.799974e+02
39.81072,9.708330e-01,-2.926788e+01,2.856758e-03,1.240293e+02,1.788357e-03,7.307540e+01,9.608062e-01,-1.799973e+02
43.65158,9.667873e-01,-3.194201e+01,2.943577e-03,1.199028e+02,1.943982e-03,7.155190e+01,9.608067e-01,-1.799971e+02
47.86301,9.620822e-01,-3.483041e+01,3.040994e-03,1.156327e+02,2.109862e-03,6.991296e+01,9.608072e-01,-1.799969e+02
52.48075,9.566430e-01,-3.794184e+01,3.149299e-03,1.112383e+02,2.285786e-03,6.815584e+01,9.608079e-01,-1.799967e+02
57.54399,9.503982e-01,-4.128314e+01,3.268508e-03,1.067407e+02,2.471288e-03,6.627934e+01,9.608086e-01,-1.799965e+02
63.09573,9.432847e-01,-4.485854e+01,3.398317e-03,1.021621e+02,2.665605e-03,6.428427e+01,9.608094e-01,-1.799962e+02
69.18310,9.352538e-01,-4.866899e+01,3.538049e-03,9.752593e+01,2.867644e-03,6.217380e+01,9.608103e-01,-1.799959e+02
75.85776,9.262779e-01,-5.271148e+01,3.686638e-03,9.285576e+01,3.075969e-03,5.995385e+01,9.608114e-01,-1.799956e+02
83.17638,9.163578e-01,-5.697838e+01,3.842624e-03,8.817555e+01,3.288801e-03,5.763330e+01,9.608125e-01,-1.799952e+02
91.20108,9.055285e-01,-6.145693e+01,4.004183e-03,8.350934e+01,3.504055e-03,5.522420e+01,9.608137e-01,-1.799949e+02
100.00000,8.938645e-01,-6.612887e+01,4.169193e-03,7.888111e+01,3.719403e-03,5.274166e+01,9.608150e-01,-1.799945e+02
109.64782,8.814813e-01,-7.097043e+01,4.335322e-03,7.431470e+01,3.932365e-03,5.020359e+01,9.608163e-01,-1.799940e+02
120.22644,8.685337e-01,-7.595251e+01,4.500152e-03,6.983351e+01,4.140433e-03,4.763024e+01,9.608178e-01,-1.799935e+02
131.82567,8.552096e-01,-8.104131e+01,4.661309e-03,6.546017e+01,4.341199e-03,4.504348e+01,9.608192e-01,-1.799930e+02
144.54398,8.417204e-01,-8.619928e+01,4.816596e-03,6.121612e+01,4.532486e-03,4.246595e+01,9.608207e-01,-1.799925e+02
158.48932,8.282878e-01,-9.138631e+01,4.964109e-03,5.712102e+01,4.712464e-03,3.992014e+01,9.608221e-01,-1.799919e+02
173.78008,8.151298e-01,-9.656121e+01,5.102321e-03,5.319229e+01,4.879730e-03,3.742752e+01,9.608235e-01,-1.799912e+02
190.54607,8.024469e-01,-1.016832e+02,5.230138e-03,4.944459e+01,5.033354e-03,3.500770e+01,9.608249e-01,-1.799905e+02
208.92961,7.904106e-01,-1.067134e+02,5.346903e-03,4.588953e+01,5.172879e-03,3.267781e+01,9.608262e-01,-1.799897e+02
229.08677,7.791557e-01,-1.116162e+02,5.452378e-03,4.253551e+01,5.298288e-03,3.045216e+01,9.608275e-01,-1.799888e+02
251.18864,7.687767e-01,-1.163604e+02,5.546685e-03,3.938773e+01,5.409947e-03,2.834201e+01,9.608287e-01,-1.799879e+02
275.42287,7.593273e-01,-1.209196e+02,5.630246e-03,3.644835e+01,5.508524e-03,2.635559e+01,9.608299e-01,-1.799868e+02
301.99517,7.508250e-01,-1.252732e+02,5.703705e-03,3.371686e+01,5.594909e-03,2.449836e+01,9.608311e-01,-1.799857e+02
331.13112,7.432555e-01,-1.294060e+02,5.767858e-03,3.119042e+01,5.670137e-03,2.277326e+01,9.608322e-01,-1.799844e+02
363.07805,7.365803e-01,-1.333079e+02,5.823586e-03,2.886430e+01,5.735315e-03,2.118112e+01,9.608334e-01,-1.799830e+02
398.10717,7.307432e-01,-1.369740e+02,5.871809e-03,2.673236e+01,5.791572e-03,1.972105e+01,9.608345e-01,-1.799814e+02
436.51583,7.256767e-01,-1.404035e+02,5.913441e-03,2.478743e+01,5.840014e-03,1.839086e+01,9.608358e-01,-1.799797e+02
478.63009,7.213077e-01,-1.435991e+02,5.949365e-03,2.302171e+01,5.881694e-03,1.718737e+01,9.608371e-01,-1.799779e+02
524.80746,7.175615e-01,-1.465664e+02,5.980415e-03,2.142706e+01,5.917599e-03,1.610682e+01,9.608386e-01,-1.799758e+02
575.43994,7.143653e-01,-1.493132e+02,6.007366e-03,1.999533e+01,5.948639e-03,1.514505e+01,9.608403e-01,-1.799736e+02
630.95734,7.116502e-01,-1.518491e+02,6.030932e-03,1.871851e+01,5.975644e-03,1.429782e+01,9.608422e-01,-1.799711e+02
691.83097,7.093528e-01,-1.541845e+02,6.051772e-03,1.758894e+01,5.999375e-03,1.356091e+01,9.608444e-01,-1.799684e+02
758.57758,7.074155e-01,-1.563306e+02,6.070491e-03,1.659942e+01,6.020523e-03,1.293030e+01,9.608470e-01,-1.799654e+02
831.76377,7.057875e-01,-1.582987e+02,6.087652e-03,1.574329e+01,6.039726e-03,1.240227e+01,9.608501e-01,-1.799621e+02
912.01084,7.044237e-01,-1.601004e+02,6.103784e-03,1.501450e+01,6.057579e-03,1.197345e+01,9.608537e-01,-1.799585e+02
1000.00000,7.032854e-01,-1.617468e+02,6.119398e-03,1.440761e+01,6.074644e-03,1.164088e+01,9.608580e-01,-1.799546e+02
1096.47820,7.023390e-01,-1.632487e+02,6.134992e-03,1.391783e+01,6.091469e-03,1.140205e+01,9.608632e-01,-1.799503e+02
1202.26443,7.015561e-01,-1.646164e+02,6.151072e-03,1.354098e+01,6.108597e-03,1.125485e+01,9.608694e-01,-1.799455e+02
1318.25674,7.009126e-01,-1.658596e+02,6.168158e-03,1.327345e+01,6.126585e-03,1.119758e+01,9.608767e-01,-1.799403e+02
1445.43977,7.003884e-01,-1.669876e+02,6.186806e-03,1.311215e+01,6.146016e-03,1.122889e+01,9.608856e-01,-1.799346e+02
1584.89319,6.999670e-01,-1.680086e+02,6.207617e-03,1.305445e+01,6.167518e-03,1.134774e+01,9.608962e-01,-1.799284e+02
1737.80083,6.996348e-01,-1.689306e+02,6.231258e-03,1.309805e+01,6.191779e-03,1.155328e+01,9.609089e-01,-1.799216e+02
1905.46072,6.993811e-01,-1.697609e+02,6.258474e-03,1.324086e+01,6.219566e-03,1.184473e+01,9.609242e-01,-1.799141e+02
2089.29613,6.991978e-01,-1.705059e+02,6.290114e-03,1.348084e+01,6.251744e-03,1.222125e+01,9.609425e-01,-1.799059e+02
2290.86765,6.990788e-01,-1.711716e+02,6.327142e-03,1.381579e+01,6.289294e-03,1.268172e+01,9.609645e-01,-1.798969e+02
2511.88643,6.990202e-01,-1.717636e+02,6.370661e-03,1.424311e+01,6.333336e-03,1.322451e+01,9.609909e-01,-1.798872e+02
2754.22870,6.990200e-01,-1.722866e+02,6.421934e-03,1.475952e+01,6.385144e-03,1.384721e+01,9.610225e-01,-1.798765e+02
3019.95172,6.990782e-01,-1.727450e+02,6.482396e-03,1.536071e+01,6.446169e-03,1.454626e+01,9.610604e-01,-1.798648e+02
3311.31121,6.991966e-01,-1.731428e+02,6.553677e-03,1.604095e+01,6.518054e-03,1.531661e+01,9.611057e-01,-1.798521e+02
3630.78055,6.993790e-01,-1.734833e+02,6.637610e-03,1.679269e+01,6.602642e-03,1.615127e+01,9.611600e-01,-1.798382e+02
3981.07171,6.996311e-01,-1.737696e+02,6.736234e-03,1.760612e+01,6.701985e-03,1.704093e+01,9.612248e-01,-1.798231e+02
4365.15832,6.999609e-01,-1.740043e+02,6.851793e-03,1.846875e+01,6.818337e-03,1.797349e+01,9.613023e-01,-1.798068e+02
4786.30092,7.003786e-01,-1.741898e+02,6.986715e-03,1.936504e+01,6.954133e-03,1.893374e+01,9.613947e-01,-1.797890e+02
5248.07460,7.008971e-01,-1.743279e+02,7.143576e-03,2.027612e+01,7.111958e-03,1.990308e+01,9.615048e-01,-1.797699e+02
5754.39937,7.015322e-01,-1.744205e+02,7.325050e-03,2.117970e+01,7.294486e-03,2.085947e+01,9.616356e-01,-1.797492e+02
6309.57344,7.023027e-01,-1.744691e+02,7.533823e-03,2.205015e+01,7.504406e-03,2.177746e+01,9.617907e-01,-1.797270e+02
6918.30971,7.032311e-01,-1.744750e+02,7.772496e-03,2.285883e+01,7.744317e-03,2.262861e+01,9.619743e-01,-1.797032e+02
7585.77575,7.043434e-01,-1.744395e+02,8.043450e-03,2.357471e+01,8.016591e-03,2.338210e+01,9.621907e-01,-1.796779e+02
8317.63771,7.056700e-01,-1.743638e+02,8.348686e-03,2.416521e+01,8.323224e-03,2.400557e+01,9.624449e-01,-1.796511e+02
9120.10839,7.072455e-01,-1.742494e+02,8.689650e-03,2.459723e+01,8.665645e-03,2.446618e+01,9.627425e-01,-1.796229e+02
10000.00000,7.091090e-01,-1.740976e+02,9.067021e-03,2.483833e+01,9.044522e-03,2.473180e+01,9.630888e-01,-1.795935e+02
