! ! 
! S ! 
! ! 
! # MHz  S  MA  R  50.00000
! ! ===================================================================
1.00000,9.927918e-01,-7.532178e-01,2.335154e-03,1.784096e+02,4.699593e-05,8.956991e+01,9.608036e-01,-1.799834e+02
1.09648,9.927888e-01,-8.258842e-01,2.335237e-03,1.782546e+02,5.152970e-05,8.952689e+01,9.608036e-01,-1.799848e+02
1.20226,9.927851e-01,-9.055604e-01,2.335336e-03,1.780848e+02,5.650078e-05,8.947984e+01,9.608036e-01,-1.799861e+02
1.31826,9.927807e-01,-9.929226e-01,2.335456e-03,1.778988e+02,6.195133e-05,8.942838e+01,9.608036e-01,-1.799874e+02
1.44544,9.927754e-01,-1.088712e+00,2.335600e-03,1.776950e+02,6.792757e-05,8.937207e+01,9.608036e-01,-1.799885e+02
1.58489,9.927691e-01,-1.193741e+00,2.335773e-03,1.774717e+02,7.448016e-05,8.931044e+01,9.608036e-01,-1.799895e+02
1.73780,9.927615e-01,-1.308900e+00,2.335980e-03,1.772269e+02,8.166464e-05,8.924295e+01,9.608036e-01,-1.799904e+02
1.90546,9.927523e-01,-1.435167e+00,2.336230e-03,1.769587e+02,8.954186e-05,8.916903e+01,9.608036e-01,-1.799912e+02
2.08930,9.927413e-01,-1.573611e+00,2.336530e-03,1.766647e+02,9.817855e-05,8.908807e+01,9.608036e-01,-1.799919e+02
2.29087,9.927280e-01,-1.725406e+00,2.336891e-03,1.763425e+02,1.076478e-04,8.899937e+01,9.608036e-01,-1.799926e+02
2.51189,9.927121e-01,-1.891838e+00,2.337325e-03,1.759894e+02,1.180297e-04,8.890219e+01,9.608036e-01,-1.799933e+02
2.75423,9.926929e-01,-2.074318e+00,2.337846e-03,1.756024e+02,1.294121e-04,8.879569e+01,9.608036e-01,-1.799938e+02
3.01995,9.926699e-01,-2.274389e+00,2.338473e-03,1.751783e+02,1.418910e-04,8.867898e+01,9.608036e-01,-1.799943e+02
3.31131,9.926422e-01,-2.493746e+00,2.339226e-03,1.747137e+02,1.555719e-04,8.855108e+01,9.608036e-01,-1.799948e+02
3.63078,9.926090e-01,-2.734243e+00,2.340130e-03,1.742045e+02,1.705699e-04,8.841090e+01,9.608036e-01,-1.799952e+02
3.98107,9.925690e-01,-2.997911e+00,2.341217e-03,1.736467e+02,1.870113e-04,8.825725e+01,9.608036e-01,-1.799956e+02
4.36516,9.925209e-01,-3.286979e+00,2.342522e-03,1.730357e+02,2.050342e-04,8.808885e+01,9.608036e-01,-1.799959e+02
4.78630,9.924632e-01,-3.603882e+00,2.344090e-03,1.723665e+02,2.247897e-04,8.790428e+01,9.608036e-01,-1.799963e+02
5.24807,9.923938e-01,-3.951290e+00,2.345972e-03,1.716337e+02,2.464430e-04,8.770198e+01,9.608036e-01,-1.799965e+02
5.75440,9.923104e-01,-4.332124e+00,2.348232e-03,1.708315e+02,2.701745e-04,8.748026e+01,9.608036e-01,-1.799968e+02
6.30957,9.922102e-01,-4.749579e+00,2.350945e-03,1.699537e+02,2.961814e-04,8.723727e+01,9.608037e-01,-1.799970e+02
6.91831,9.920898e-01,-5.207150e+00,2.354198e-03,1.689933e+02,3.246786e-04,8.697097e+01,9.608037e-01,-1.799972e+02
7.58578,9.919452e-01,-5.708659e+00,2.358100e-03,1.679432e+02,3.559005e-04,8.667916e+01,9.608037e-01,-1.799974e+02
8.31764,9.917715e-01,-6.258276e+00,2.362777e-03,1.667955e+02,3.901021e-04,8.635941e+01,9.608037e-01,-1.799975e+02
9.12011,9.915630e-01,-6.860556e+00,2.368379e-03,1.655420e+02,4.275606e-04,8.600911e+01,9.608037e-01,-1.799976e+02
10.00000,9.913128e-01,-7.520465e+00,2.375084e-03,1.641740e+02,4.685768e-04,8.562538e+01,9.608038e-01,-1.799978e+02
10.96478,9.910124e-01,-8.243413e+00,2.383102e-03,1.626823e+02,5.134762e-04,8.520511e+01,9.608038e-01,-1.799978e+02
12.02264,9.906522e-01,-9.035282e+00,2.392682e-03,1.610575e+02,5.626102e-04,8.474492e+01,9.608038e-01,-1.799979e+02
13.18257,9.902203e-01,-9.902463e+00,2.404112e-03,1.592899e+02,6.163568e-04,8.424115e+01,9.608039e-01,-1.799980e+02
14.45440,9.897028e-01,-1.085188e+01,2.417732e-03,1.573697e+02,6.751212e-04,8.368984e+01,9.608040e-01,-1.799980e+02
15.84893,9.890831e-01,-1.189101e+01,2.433931e-03,1.552875e+02,7.393353e-04,8.308675e+01,9.608040e-01,-1.799980e+02
17.37801,9.883416e-01,-1.302794e+01,2.453160e-03,1.530339e+02,8.094566e-04,8.242731e+01,9.608041e-01,-1.799980e+02
19.05461,9.874552e-01,-1.427132e+01,2.475931e-03,1.506006e+02,8.859663e-04,8.170663e+01,9.608042e-01,-1.799980e+02
20.89296,9.863968e-01,-1.563044e+01,2.502824e-03,1.479801e+02,9.693654e-04,8.091956e+01,9.608044e-01,-1.799980e+02
22.90868,9.851348e-01,-1.711514e+01,2.534480e-03,1.451665e+02,1.060169e-03,8.006065e+01,9.608045e-01,-1.799979e+02
25.11886,9.836324e-01,-1.873584e+01,2.571607e-03,1.421557e+02,1.158897e-03,7.912421e+01,9.608047e-01,-1.799979e+02
27.54229,9.818472e-01,-2.050347e+01,2.614965e-03,1.389461e+02,1.266067e-03,7.810437e+01,9.608049e-01,-1.799978e+02
30.19952,9.797310e-01,-2.242937e+01,2.665352e-03,1.355387e+02,1.382173e-03,7.699515e+01,9.608051e-01,-1.799977e+02
33.11311,9.772289e-01,-2.452512e+01,2.723585e-03,1.319377e+02,1.507671e-03,7.579060e+01,9.608054e-01,-1.799976e+02
36.30781,9.742803e-01,-2.680244e+01,2.790471e-03,1.281505e+02,1.642953e-03,7.448491e+01,9.608058e-01,-1.799974e+02
39.81072,9.708182e-01,-2.927284e+01,2.866762e-03,1.241878e+02,1.788317e-03,7.307264e+01,9.608062e-01,-1.799973e+02
43.65158,9.667714e-01,-3.194738e+01,2.953116e-03,1.200635e+02,1.943934e-03,7.154891e+01,9.608067e-01,-1.799971e+02
47.86301,9.620651e-01,-3.483619e+01,3.050035e-03,1.157944e+02,2.109803e-03,6.990976e+01,9.608072e-01,-1.799969e+02
52.48075,9.566246e-01,-3.794807e+01,3.157814e-03,1.113995e+02,2.285714e-03,6.815242e+01,9.608079e-01,-1.799967e+02
57.54399,9.503783e-01,-4.128982e+01,3.276474e-03,1.068999e+02,2.471199e-03,6.627569e+01,9.608086e-01,-1.799964e+02
63.09573,9.432633e-01,-4.486567e+01,3.405716e-03,1.023182e+02,2.665496e-03,6.428040e+01,9.608094e-01,-1.799962e+02
69.18310,9.352307e-01,-4.867658e+01,3.544871e-03,9.767766e+01,2.867512e-03,6.216972e+01,9.608103e-01,-1.799959e+02
75.85776,9.262532e-01,-5.271951e+01,3.692879e-03,9.300210e+01,3.075809e-03,5.994957e+01,9.608114e-01,-1.799956e+02
83.17638,9.163315e-01,-5.698684e+01,3.848286e-03,8.831567e+01,3.288610e-03,5.762885e+01,9.608125e-01,-1.799952e+02
91.20108,9.055008e-01,-6.146578e+01,4.009275e-03,8.364260e+01,3.503827e-03,5.521960e+01,9.608137e-01,-1.799949e+02
100.00000,8.938356e-01,-6.613808e+01,4.173730e-03,7.900708e+01,3.719134e-03,5.273693e+01,9.608150e-01,-1.799945e+02
109.64782,8.814515e-01,-7.097994e+01,4.339324e-03,7.443313e+01,3.932050e-03,5.019878e+01,9.608164e-01,-1.799940e+02
120.22644,8.685032e-01,-7.596226e+01,4.503644e-03,6.994430e+01,4.140069e-03,4.762539e+01,9.608178e-01,-1.799935e+02
131.82567,8.551789e-01,-8.105124e+01,4.664319e-03,6.556340e+01,4.340781e-03,4.503863e+01,9.608192e-01,-1.799930e+02
144.54398,8.416899e-01,-8.620930e+01,4.819156e-03,6.131195e+01,4.532014e-03,4.246114e+01,9.608207e-01,-1.799925e+02
158.48932,8.282579e-01,-9.139636e+01,4.966252e-03,5.720972e+01,4.711936e-03,3.991543e+01,9.608221e-01,-1.799919e+02
173.78008,8.151010e-01,-9.657119e+01,5.104083e-03,5.327417e+01,4.879148e-03,3.742294e+01,9.608236e-01,-1.799912e+02
190.54607,8.024194e-01,-1.016930e+02,5.231553e-03,4.952001e+01,5.032717e-03,3.500327e+01,9.608249e-01,-1.799905e+02
208.92961,7.903848e-01,-1.067230e+02,5.348007e-03,4.595889e+01,5.172189e-03,3.267359e+01,9.608263e-01,-1.799897e+02
229.08677,7.791318e-01,-1.116256e+02,5.453204e-03,4.259920e+01,5.297549e-03,3.044816e+01,9.608275e-01,-1.799888e+02
251.18864,7.687547e-01,-1.163694e+02,5.547266e-03,3.944615e+01,5.409162e-03,2.833824e+01,9.608288e-01,-1.799879e+02
275.42287,7.593074e-01,-1.209283e+02,5.630612e-03,3.650190e+01,5.507697e-03,2.635207e+01,9.608300e-01,-1.799868e+02
301.99517,7.508071e-01,-1.252815e+02,5.703884e-03,3.376591e+01,5.594044e-03,2.449510e+01,9.608311e-01,-1.799857e+02
331.13112,7.432395e-01,-1.294138e+02,5.767874e-03,3.123532e+01,5.669238e-03,2.277027e+01,9.608323e-01,-1.799844e+02
363.07805,7.365661e-01,-1.333153e+02,5.823463e-03,2.890540e+01,5.734387e-03,2.117840e+01,9.608334e-01,-1.799830e+02
398.10717,7.307307e-01,-1.369809e+02,5.871567e-03,2.676998e+01,5.790618e-03,1.971860e+01,9.608346e-01,-1.799814e+02
436.51583,7.256658e-01,-1.404100e+02,5.913098e-03,2.482186e+01,5.839037e-03,1.838867e+01,9.608358e-01,-1.799797e+02
478.63009,7.212981e-01,-1.436051e+02,5.948935e-03,2.305322e+01,5.880698e-03,1.718544e+01,9.608372e-01,-1.799779e+02
524.80746,7.175532e-01,-1.465719e+02,5.979912e-03,2.145591e+01,5.916586e-03,1.610514e+01,9.608387e-01,-1.799758e+02
575.43994,7.143580e-01,-1.493184e+02,6.006801e-03,2.002176e+01,5.947612e-03,1.514362e+01,9.608403e-01,-1.799736e+02
630.95734,7.116438e-01,-1.518539e+02,6.030316e-03,1.874273e+01,5.974606e-03,1.429663e+01,9.608423e-01,-1.799711e+02
691.83097,7.093471e-01,-1.541889e+02,6.051112e-03,1.761115e+01,5.998326e-03,1.355995e+01,9.608445e-01,-1.799684e+02
758.57758,7.074106e-01,-1.563346e+02,6.069795e-03,1.661981e+01,6.019467e-03,1.292957e+01,9.608471e-01,-1.799654e+02
831.76377,7.057831e-01,-1.583024e+02,6.086926e-03,1.576203e+01,6.038663e-03,1.240176e+01,9.608501e-01,-1.799621e+02
912.01084,7.044199e-01,-1.601038e+02,6.103033e-03,1.503174e+01,6.056511e-03,1.197317e+01,9.608538e-01,-1.799585e+02
1000.00000,7.032820e-01,-1.617499e+02,6.118626e-03,1.442350e+01,6.073573e-03,1.164083e+01,9.608581e-01,-1.799546e+02
1096.47820,7.023360e-01,-1.632516e+02,6.134204e-03,1.393250e+01,6.090395e-03,1.140222e+01,9.608632e-01,-1.799503e+02
1202.26443,7.015533e-01,-1.646190e+02,6.150270e-03,1.355454e+01,6.107522e-03,1.125525e+01,9.608694e-01,-1.799455e+02
1318.25674,7.009101e-01,-1.658620e+02,6.167346e-03,1.328602e+01,6.125509e-03,1.119820e+01,9.608768e-01,-1.799403e+02
1445.43977,7.003861e-01,-1.669897e+02,6.185986e-03,1.312384e+01,6.144941e-03,1.122974e+01,9.608856e-01,-1.799346e+02
1584.89319,6.999648e-01,-1.680106e+02,6.206792e-03,1.306536e+01,6.166444e-03,1.134882e+01,9.608963e-01,-1.799284e+02
1737.80083,6.996328e-01,-1.689325e+02,6.230428e-03,1.310826e+01,6.190708e-03,1.155459e+01,9.609090e-01,-1.799216e+02
1905.46072,6.993792e-01,-1.697625e+02,6.257643e-03,1.325046e+01,6.218499e-03,1.184629e+01,9.609243e-01,-1.799141e+02
2089.29613,6.991960e-01,-1.705074e+02,6.289283e-03,1.348989e+01,6.250682e-03,1.222305e+01,9.609426e-01,-1.799059e+02
2290.86765,6.990771e-01,-1.711730e+02,6.326312e-03,1.382437e+01,6.288238e-03,1.268378e+01,9.609646e-01,-1.798969e+02
2511.88643,6.990186e-01,-1.717648e+02,6.369835e-03,1.425128e+01,6.332287e-03,1.322683e+01,9.609909e-01,-1.798872e+02
2754.22870,6.990185e-01,-1.722877e+02,6.421112e-03,1.476733e+01,6.384105e-03,1.384979e+01,9.610225e-01,-1.798765e+02
3019.95172,6.990767e-01,-1.727461e+02,6.481581e-03,1.536822e+01,6.445141e-03,1.454910e+01,9.610604e-01,-1.798648e+02
3311.31121,6.991952e-01,-1.731438e+02,6.552871e-03,1.604820e+01,6.517039e-03,1.531971e+01,9.611058e-01,-1.798521e+02
3630.78055,6.993776e-01,-1.734842e+02,6.636815e-03,1.679972e+01,6.601643e-03,1.615463e+01,9.611600e-01,-1.798382e+02
3981.07171,6.996298e-01,-1.737704e+02,6.735452e-03,1.761296e+01,6.701004e-03,1.704454e+01,9.612249e-01,-1.798231e+02
4365.15832,6.999596e-01,-1.740050e+02,6.851026e-03,1.847542e+01,6.817376e-03,1.797733e+01,9.613024e-01,-1.798068e+02
4786.30092,7.003773e-01,-1.741904e+02,6.985965e-03,1.937156e+01,6.953195e-03,1.893780e+01,9.613948e-01,-1.797890e+02
5248.07460,7.008959e-01,-1.743285e+02,7.142846e-03,2.028249e+01,7.111045e-03,1.990734e+01,9.615049e-01,-1.797699e+02
5754.39937,7.015310e-01,-1.744210e+02,7.324342e-03,2.118592e+01,7.293602e-03,2.086388e+01,9.616357e-01,-1.797492e+02
6309.57344,7.023016e-01,-1.744695e+02,7.533139e-03,2.205622e+01,7.503554e-03,2.178199e+01,9.617908e-01,-1.797270e+02
6918.30971,7.032299e-01,-1.744754e+02,7.771839e-03,2.286474e+01,7.743497e-03,2.263322e+01,9.619744e-01,-1.797032e+02
7585.77575,7.043423e-01,-1.744399e+02,8.042820e-03,2.358044e+01,8.015808e-03,2.338675e+01,9.621908e-01,-1.796779e+02
8317.63771,7.056689e-01,-1.743642e+02,8.348086e-03,2.417074e+01,8.322477e-03,2.401020e+01,9.624451e-01,-1.796511e+02
9120.10839,7.072444e-01,-1.742497e+02,8.689079e-03,2.460253e+01,8.664937e-03,2.447075e+01,9.627426e-01,-1.796229e+02
10000.00000,7.091080e-01,-1.740978e+02,9.066481e-03,2.484339e+01,9.043853e-03,2.473626e+01,9.630890e-01,-1.795935e+02
