! ! 
! S ! 
! ! 
! # MHz  S  MA  R  50.00000
! ! ===================================================================
1.00000,9.922111e-01,-7.685035e-01,3.988125e-03,1.788784e+02,4.702170e-05,8.956114e+01,9.608036e-01,-1.799834e+02
1.09648,9.922079e-01,-8.426444e-01,3.988158e-03,1.787686e+02,5.155794e-05,8.951727e+01,9.608036e-01,-1.799848e+02
1.20226,9.922041e-01,-9.239373e-01,3.988196e-03,1.786483e+02,5.653174e-05,8.946929e+01,9.608036e-01,-1.799861e+02
1.31826,9.921995e-01,-1.013072e+00,3.988243e-03,1.785166e+02,6.198525e-05,8.941682e+01,9.608036e-01,-1.799873e+02
1.44544,9.921941e-01,-1.110805e+00,3.988299e-03,1.783724e+02,6.796474e-05,8.935940e+01,9.608036e-01,-1.799884e+02
1.58489,9.921875e-01,-1.217965e+00,3.988366e-03,1.782143e+02,7.452087e-05,8.929654e+01,9.608036e-01,-1.799894e+02
1.73780,9.921795e-01,-1.335461e+00,3.988447e-03,1.780410e+02,8.170922e-05,8.922771e+01,9.608036e-01,-1.799904e+02
1.90546,9.921700e-01,-1.464289e+00,3.988545e-03,1.778512e+02,8.959068e-05,8.915232e+01,9.608036e-01,-1.799912e+02
2.08930,9.921586e-01,-1.605541e+00,3.988662e-03,1.776431e+02,9.823199e-05,8.906975e+01,9.608036e-01,-1.799919e+02
2.29087,9.921448e-01,-1.760416e+00,3.988802e-03,1.774150e+02,1.077063e-04,8.897928e+01,9.608036e-01,-1.799926e+02
2.51189,9.921282e-01,-1.930224e+00,3.988972e-03,1.771651e+02,1.180937e-04,8.888016e+01,9.608036e-01,-1.799932e+02
2.75423,9.921083e-01,-2.116404e+00,3.989175e-03,1.768911e+02,1.294820e-04,8.877154e+01,9.608036e-01,-1.799938e+02
3.01995,9.920844e-01,-2.320532e+00,3.989419e-03,1.765907e+02,1.419675e-04,8.865251e+01,9.608036e-01,-1.799943e+02
3.31131,9.920556e-01,-2.544336e+00,3.989713e-03,1.762616e+02,1.556553e-04,8.852206e+01,9.608036e-01,-1.799948e+02
3.63078,9.920211e-01,-2.789708e+00,3.990066e-03,1.759007e+02,1.706609e-04,8.837908e+01,9.608036e-01,-1.799952e+02
3.98107,9.919795e-01,-3.058720e+00,3.990490e-03,1.755053e+02,1.871105e-04,8.822237e+01,9.608037e-01,-1.799956e+02
4.36516,9.919296e-01,-3.353644e+00,3.990999e-03,1.750718e+02,2.051422e-04,8.805061e+01,9.608037e-01,-1.799959e+02
4.78630,9.918695e-01,-3.676965e+00,3.991612e-03,1.745967e+02,2.249070e-04,8.786236e+01,9.608037e-01,-1.799962e+02
5.24807,9.917974e-01,-4.031406e+00,3.992348e-03,1.740761e+02,2.465702e-04,8.765603e+01,9.608037e-01,-1.799965e+02
5.75440,9.917108e-01,-4.419946e+00,3.993231e-03,1.735056e+02,2.703122e-04,8.742990e+01,9.608037e-01,-1.799968e+02
6.30957,9.916066e-01,-4.845843e+00,3.994293e-03,1.728805e+02,2.963299e-04,8.718207e+01,9.608037e-01,-1.799970e+02
6.91831,9.914815e-01,-5.312662e+00,3.995568e-03,1.721957e+02,3.248382e-04,8.691047e+01,9.608037e-01,-1.799972e+02
7.58578,9.913313e-01,-5.824295e+00,3.997098e-03,1.714456e+02,3.560713e-04,8.661286e+01,9.608037e-01,-1.799973e+02
8.31764,9.911509e-01,-6.384998e+00,3.998935e-03,1.706241e+02,3.902839e-04,8.628678e+01,9.608038e-01,-1.799975e+02
9.12011,9.909343e-01,-6.999412e+00,4.001138e-03,1.697246e+02,4.277527e-04,8.592953e+01,9.608038e-01,-1.799976e+02
10.00000,9.906743e-01,-7.672595e+00,4.003781e-03,1.687400e+02,4.687779e-04,8.553822e+01,9.608038e-01,-1.799977e+02
10.96478,9.903623e-01,-8.410059e+00,4.006948e-03,1.676626e+02,5.136841e-04,8.510966e+01,9.608039e-01,-1.799978e+02
12.02264,9.899881e-01,-9.217795e+00,4.010743e-03,1.664841e+02,5.628216e-04,8.464041e+01,9.608039e-01,-1.799979e+02
13.18257,9.895396e-01,-1.010230e+01,4.015285e-03,1.651957e+02,6.165670e-04,8.412677e+01,9.608040e-01,-1.799979e+02
14.45440,9.890022e-01,-1.107063e+01,4.020718e-03,1.637878e+02,6.753232e-04,8.356469e+01,9.608041e-01,-1.799980e+02
15.84893,9.883587e-01,-1.213040e+01,4.027208e-03,1.622506e+02,7.395196e-04,8.294988e+01,9.608042e-01,-1.799980e+02
17.37801,9.875890e-01,-1.328979e+01,4.034954e-03,1.605734e+02,8.096102e-04,8.227769e+01,9.608043e-01,-1.799980e+02
19.05461,9.866691e-01,-1.455761e+01,4.044184e-03,1.587453e+02,8.860713e-04,8.154319e+01,9.608044e-01,-1.799980e+02
20.89296,9.855710e-01,-1.594326e+01,4.055163e-03,1.567550e+02,9.693979e-04,8.074115e+01,9.608045e-01,-1.799979e+02
22.90868,9.842620e-01,-1.745673e+01,4.068195e-03,1.545910e+02,1.060097e-03,7.986606e+01,9.608047e-01,-1.799979e+02
25.11886,9.827043e-01,-1.910854e+01,4.083628e-03,1.522419e+02,1.158680e-03,7.891220e+01,9.608049e-01,-1.799978e+02
27.54229,9.808543e-01,-2.090973e+01,4.101849e-03,1.496965e+02,1.265649e-03,7.787366e+01,9.608052e-01,-1.799977e+02
30.19952,9.786624e-01,-2.287170e+01,4.123290e-03,1.469446e+02,1.381483e-03,7.674446e+01,9.608055e-01,-1.799976e+02
33.11311,9.760725e-01,-2.500608e+01,4.148419e-03,1.439768e+02,1.506619e-03,7.551866e+01,9.608059e-01,-1.799975e+02
36.30781,9.730228e-01,-2.732457e+01,4.177734e-03,1.407856e+02,1.641424e-03,7.419053e+01,9.608063e-01,-1.799973e+02
39.81072,9.694452e-01,-2.983861e+01,4.211745e-03,1.373655e+02,1.786165e-03,7.275472e+01,9.608068e-01,-1.799972e+02
43.65158,9.652677e-01,-3.255911e+01,4.250961e-03,1.337143e+02,1.940977e-03,7.120653e+01,9.608073e-01,-1.799970e+02
47.86301,9.604155e-01,-3.549594e+01,4.295852e-03,1.298329e+02,2.105820e-03,6.954221e+01,9.608080e-01,-1.799968e+02
52.48075,9.548141e-01,-3.865752e+01,4.346823e-03,1.257267e+02,2.280436e-03,6.775932e+01,9.608088e-01,-1.799966e+02
57.54399,9.483936e-01,-4.205016e+01,4.404164e-03,1.214058e+02,2.464306e-03,6.585707e+01,9.608096e-01,-1.799963e+02
63.09573,9.410936e-01,-4.567743e+01,4.468009e-03,1.168853e+02,2.656615e-03,6.383675e+01,9.608106e-01,-1.799960e+02
69.18310,9.328694e-01,-4.953948e+01,4.538285e-03,1.121860e+02,2.856219e-03,6.170211e+01,9.608117e-01,-1.799957e+02
75.85776,9.236991e-01,-5.363232e+01,4.614679e-03,1.073335e+02,3.061633e-03,5.945969e+01,9.608129e-01,-1.799954e+02
83.17638,9.135906e-01,-5.794725e+01,4.696605e-03,1.023586e+02,3.271046e-03,5.711907e+01,9.608142e-01,-1.799951e+02
91.20108,9.025870e-01,-6.247030e+01,4.783200e-03,9.729609e+01,3.482354e-03,5.469297e+01,9.608157e-01,-1.799947e+02
100.00000,8.907718e-01,-6.718202e+01,4.873345e-03,9.218391e+01,3.693232e-03,5.219716e+01,9.608172e-01,-1.799943e+02
109.64782,8.782690e-01,-7.205741e+01,4.965710e-03,8.706189e+01,3.901231e-03,4.965011e+01,9.608188e-01,-1.799938e+02
120.22644,8.652412e-01,-7.706628e+01,5.058829e-03,8.197036e+01,4.103903e-03,4.707249e+01,9.608204e-01,-1.799934e+02
131.82567,8.518822e-01,-8.217391e+01,5.151186e-03,7.694877e+01,4.298924e-03,4.448641e+01,9.608221e-01,-1.799929e+02
144.54398,8.384064e-01,-8.734206e+01,5.241314e-03,7.203431e+01,4.484227e-03,4.191458e+01,9.608238e-01,-1.799923e+02
158.48932,8.250358e-01,-9.253025e+01,5.327888e-03,6.726076e+01,4.658102e-03,3.937934e+01,9.608254e-01,-1.799917e+02
173.78008,8.119851e-01,-9.769723e+01,5.409792e-03,6.265757e+01,4.819273e-03,3.690181e+01,9.608270e-01,-1.799910e+02
190.54607,7.994492e-01,-1.028025e+02,5.486173e-03,5.824924e+01,4.966928e-03,3.450113e+01,9.608286e-01,-1.799903e+02
208.92961,7.875918e-01,-1.078079e+02,5.556460e-03,5.405503e+01,5.100719e-03,3.219385e+01,9.608301e-01,-1.799895e+02
229.08677,7.765388e-01,-1.126785e+02,5.620354e-03,5.008896e+01,5.220717e-03,2.999361e+01,9.608315e-01,-1.799886e+02
251.18864,7.663755e-01,-1.173843e+02,5.677807e-03,4.636009e+01,5.327351e-03,2.791102e+01,9.608329e-01,-1.799877e+02
275.42287,7.571474e-01,-1.219001e+02,5.728976e-03,4.287296e+01,5.421333e-03,2.595370e+01,9.608342e-01,-1.799866e+02
301.99517,7.488642e-01,-1.262064e+02,5.774180e-03,3.962821e+01,5.503571e-03,2.412654e+01,9.608355e-01,-1.799855e+02
331.13112,7.415059e-01,-1.302892e+02,5.813852e-03,3.662321e+01,5.575101e-03,2.243198e+01,9.608367e-01,-1.799842e+02
363.07805,7.350294e-01,-1.341398e+02,5.848497e-03,3.385278e+01,5.637019e-03,2.087048e+01,9.608379e-01,-1.799828e+02
398.10717,7.293758e-01,-1.377539e+02,5.878659e-03,3.130976e+01,5.690429e-03,1.944083e+01,9.608392e-01,-1.799813e+02
436.51583,7.244760e-01,-1.411318e+02,5.904892e-03,2.898564e+01,5.736407e-03,1.814060e+01,9.608405e-01,-1.799796e+02
478.63009,7.202562e-01,-1.442768e+02,5.927739e-03,2.687104e+01,5.775973e-03,1.696650e+01,9.608419e-01,-1.799777e+02
524.80746,7.166421e-01,-1.471951e+02,5.947724e-03,2.495613e+01,5.810078e-03,1.591467e+01,9.608434e-01,-1.799757e+02
575.43994,7.135615e-01,-1.498950e+02,5.965345e-03,2.323100e+01,5.839598e-03,1.498093e+01,9.608451e-01,-1.799734e+02
630.95734,7.109470e-01,-1.523861e+02,5.981068e-03,2.168589e+01,5.865334e-03,1.416105e+01,9.608471e-01,-1.799709e+02
691.83097,7.087362e-01,-1.546793e+02,5.995334e-03,2.031141e+01,5.888014e-03,1.345087e+01,9.608494e-01,-1.799682e+02
758.57758,7.068734e-01,-1.567856e+02,6.008560e-03,1.909869e+01,5.908306e-03,1.284647e+01,9.608520e-01,-1.799652e+02
831.76377,7.053088e-01,-1.587166e+02,6.021147e-03,1.803951e+01,5.926826e-03,1.234420e+01,9.608551e-01,-1.799619e+02
912.01084,7.039990e-01,-1.604837e+02,6.033487e-03,1.712630e+01,5.944149e-03,1.194084e+01,9.608588e-01,-1.799583e+02
1000.00000,7.029065e-01,-1.620980e+02,6.045972e-03,1.635224e+01,5.960824e-03,1.163355e+01,9.608632e-01,-1.799544e+02
1096.47820,7.019988e-01,-1.635702e+02,6.059003e-03,1.571124e+01,5.977387e-03,1.141993e+01,9.608684e-01,-1.799500e+02
1202.26443,7.012484e-01,-1.649104e+02,6.073005e-03,1.519789e+01,5.994374e-03,1.129801e+01,9.608746e-01,-1.799453e+02
1318.25674,7.006324e-01,-1.661283e+02,6.088431e-03,1.480748e+01,6.012338e-03,1.126623e+01,9.608821e-01,-1.799400e+02
1445.43977,7.001313e-01,-1.672329e+02,6.105780e-03,1.453587e+01,6.031859e-03,1.132334e+01,9.608910e-01,-1.799343e+02
1584.89319,6.997293e-01,-1.682325e+02,6.125613e-03,1.437947e+01,6.053569e-03,1.146841e+01,9.609017e-01,-1.799280e+02
1737.80083,6.994135e-01,-1.691349e+02,6.148561e-03,1.433507e+01,6.078161e-03,1.170067e+01,9.609146e-01,-1.799212e+02
1905.46072,6.991737e-01,-1.699470e+02,6.175346e-03,1.439974e+01,6.106409e-03,1.201940e+01,9.609300e-01,-1.799137e+02
2089.29613,6.990021e-01,-1.706754e+02,6.206797e-03,1.457064e+01,6.139190e-03,1.242377e+01,9.609485e-01,-1.799054e+02
2290.86765,6.988930e-01,-1.713260e+02,6.243868e-03,1.484481e+01,6.177501e-03,1.291264e+01,9.609707e-01,-1.798964e+02
2511.88643,6.988429e-01,-1.719040e+02,6.287659e-03,1.521890e+01,6.222476e-03,1.348430e+01,9.609973e-01,-1.798866e+02
2754.22870,6.988502e-01,-1.724142e+02,6.339430e-03,1.568888e+01,6.275410e-03,1.413618e+01,9.610292e-01,-1.798759e+02
3019.95172,6.989149e-01,-1.728608e+02,6.400622e-03,1.624971e+01,6.337777e-03,1.486450e+01,9.610675e-01,-1.798642e+02
3311.31121,6.990391e-01,-1.732478e+02,6.472872e-03,1.689488e+01,6.411242e-03,1.566390e+01,9.611132e-01,-1.798514e+02
3630.78055,6.992267e-01,-1.735784e+02,6.558022e-03,1.761605e+01,6.497671e-03,1.652699e+01,9.611680e-01,-1.798375e+02
3981.07171,6.994838e-01,-1.738556e+02,6.658121e-03,1.840260e+01,6.599138e-03,1.744395e+01,9.612335e-01,-1.798223e+02
4365.15832,6.998183e-01,-1.740820e+02,6.775423e-03,1.924116e+01,6.717917e-03,1.840210e+01,9.613117e-01,-1.798059e+02
4786.30092,7.002407e-01,-1.742597e+02,6.912362e-03,2.011533e+01,6.856459e-03,1.938557e+01,9.614050e-01,-1.797881e+02
5248.07460,7.007641e-01,-1.743907e+02,7.071516e-03,2.100536e+01,7.017355e-03,2.037509e+01,9.615160e-01,-1.797688e+02
5754.39937,7.014043e-01,-1.744768e+02,7.255552e-03,2.188810e+01,7.203280e-03,2.134789e+01,9.616480e-01,-1.797481e+02
6309.57344,7.021803e-01,-1.745193e+02,7.467146e-03,2.273713e+01,7.416911e-03,2.227788e+01,9.618046e-01,-1.797258e+02
6918.30971,7.031146e-01,-1.745196e+02,7.708873e-03,2.352314e+01,7.660819e-03,2.313609e+01,9.619897e-01,-1.797019e+02
7585.77575,7.042336e-01,-1.744790e+02,7.983078e-03,2.421453e+01,7.937338e-03,2.389130e+01,9.622080e-01,-1.796766e+02
8317.63771,7.055676e-01,-1.743985e+02,8.291716e-03,2.477835e+01,8.248410e-03,2.451093e+01,9.624644e-01,-1.796497e+02
9120.10839,7.071514e-01,-1.742797e+02,8.636173e-03,2.518129e+01,8.595396e-03,2.496218e+01,9.627643e-01,-1.796214e+02
10000.00000,7.090243e-01,-1.741238e+02,9.017057e-03,2.539094e+01,8.978883e-03,2.521315e+01,9.631134e-01,-1.795920e+02
