! ! 
! S ! 
! ! 
! # MHz  S  MA  R  50.00000
! ! ===================================================================
1.00000,9.923751e-01,-7.645266e-01,3.536536e-03,1.787945e+02,4.701613e-05,8.956342e+01,9.608036e-01,-1.799834e+02
1.09648,9.923720e-01,-8.382839e-01,3.536578e-03,1.786766e+02,5.155184e-05,8.951977e+01,9.608036e-01,-1.799848e+02
1.20226,9.923683e-01,-9.191563e-01,3.536629e-03,1.785475e+02,5.652505e-05,8.947204e+01,9.608036e-01,-1.799861e+02
1.31826,9.923637e-01,-1.007830e+00,3.536691e-03,1.784061e+02,6.197793e-05,8.941982e+01,9.608036e-01,-1.799874e+02
1.44544,9.923583e-01,-1.105057e+00,3.536764e-03,1.782512e+02,6.795671e-05,8.936269e+01,9.608036e-01,-1.799884e+02
1.58489,9.923518e-01,-1.211663e+00,3.536853e-03,1.780814e+02,7.451209e-05,8.930015e+01,9.608036e-01,-1.799894e+02
1.73780,9.923439e-01,-1.328551e+00,3.536960e-03,1.778953e+02,8.169960e-05,8.923167e+01,9.608036e-01,-1.799904e+02
1.90546,9.923345e-01,-1.456712e+00,3.537088e-03,1.776914e+02,8.958015e-05,8.915667e+01,9.608036e-01,-1.799912e+02
2.08930,9.923231e-01,-1.597234e+00,3.537242e-03,1.774680e+02,9.822046e-05,8.907451e+01,9.608036e-01,-1.799919e+02
2.29087,9.923095e-01,-1.751307e+00,3.537427e-03,1.772230e+02,1.076937e-04,8.898450e+01,9.608036e-01,-1.799926e+02
2.51189,9.922931e-01,-1.920237e+00,3.537650e-03,1.769546e+02,1.180799e-04,8.888589e+01,9.608036e-01,-1.799933e+02
2.75423,9.922734e-01,-2.105455e+00,3.537917e-03,1.766603e+02,1.294670e-04,8.877782e+01,9.608036e-01,-1.799938e+02
3.01995,9.922497e-01,-2.308528e+00,3.538239e-03,1.763378e+02,1.419510e-04,8.865939e+01,9.608036e-01,-1.799943e+02
3.31131,9.922212e-01,-2.531174e+00,3.538625e-03,1.759843e+02,1.556374e-04,8.852960e+01,9.608036e-01,-1.799948e+02
3.63078,9.921870e-01,-2.775278e+00,3.539090e-03,1.755969e+02,1.706414e-04,8.838735e+01,9.608036e-01,-1.799952e+02
3.98107,9.921459e-01,-3.042900e+00,3.539648e-03,1.751722e+02,1.870892e-04,8.823144e+01,9.608036e-01,-1.799956e+02
4.36516,9.920964e-01,-3.336300e+00,3.540319e-03,1.747068e+02,2.051191e-04,8.806055e+01,9.608036e-01,-1.799959e+02
4.78630,9.920370e-01,-3.657952e+00,3.541125e-03,1.741968e+02,2.248820e-04,8.787325e+01,9.608037e-01,-1.799962e+02
5.24807,9.919656e-01,-4.010563e+00,3.542093e-03,1.736379e+02,2.465431e-04,8.766797e+01,9.608037e-01,-1.799965e+02
5.75440,9.918797e-01,-4.397098e+00,3.543256e-03,1.730256e+02,2.702829e-04,8.744298e+01,9.608037e-01,-1.799968e+02
6.30957,9.917766e-01,-4.820799e+00,3.544652e-03,1.723547e+02,2.962985e-04,8.719641e+01,9.608037e-01,-1.799970e+02
6.91831,9.916528e-01,-5.285212e+00,3.546329e-03,1.716200e+02,3.248046e-04,8.692619e+01,9.608037e-01,-1.799972e+02
7.58578,9.915040e-01,-5.794212e+00,3.548341e-03,1.708153e+02,3.560355e-04,8.663009e+01,9.608037e-01,-1.799974e+02
8.31764,9.913253e-01,-6.352031e+00,3.550757e-03,1.699342e+02,3.902461e-04,8.630565e+01,9.608038e-01,-1.799975e+02
9.12011,9.911108e-01,-6.963288e+00,3.553653e-03,1.689699e+02,4.277131e-04,8.595021e+01,9.608038e-01,-1.799976e+02
10.00000,9.908534e-01,-7.633019e+00,3.557127e-03,1.679147e+02,4.687370e-04,8.556086e+01,9.608038e-01,-1.799977e+02
10.96478,9.905444e-01,-8.366707e+00,3.561288e-03,1.667606e+02,5.136426e-04,8.513446e+01,9.608039e-01,-1.799978e+02
12.02264,9.901739e-01,-9.170316e+00,3.566272e-03,1.654990e+02,5.627804e-04,8.466756e+01,9.608039e-01,-1.799979e+02
13.18257,9.897297e-01,-1.005032e+01,3.572234e-03,1.641205e+02,6.165274e-04,8.415648e+01,9.608040e-01,-1.799979e+02
14.45440,9.891975e-01,-1.101373e+01,3.579362e-03,1.626155e+02,6.752873e-04,8.359721e+01,9.608040e-01,-1.799980e+02
15.84893,9.885602e-01,-1.206813e+01,3.587873e-03,1.609737e+02,7.394899e-04,8.298544e+01,9.608041e-01,-1.799980e+02
17.37801,9.877978e-01,-1.322168e+01,3.598021e-03,1.591844e+02,8.095903e-04,8.231656e+01,9.608042e-01,-1.799980e+02
19.05461,9.868866e-01,-1.448315e+01,3.610102e-03,1.572367e+02,8.860661e-04,8.158565e+01,9.608043e-01,-1.799980e+02
20.89296,9.857988e-01,-1.586190e+01,3.624458e-03,1.551194e+02,9.694137e-04,8.078749e+01,9.608045e-01,-1.799979e+02
22.90868,9.845021e-01,-1.736789e+01,3.641476e-03,1.528214e+02,1.060142e-03,7.991660e+01,9.608047e-01,-1.799979e+02
25.11886,9.829588e-01,-1.901162e+01,3.661599e-03,1.503321e+02,1.158766e-03,7.896726e+01,9.608049e-01,-1.799978e+02
27.54229,9.811256e-01,-2.080409e+01,3.685318e-03,1.476414e+02,1.265790e-03,7.793356e+01,9.608051e-01,-1.799977e+02
30.19952,9.789533e-01,-2.275669e+01,3.713171e-03,1.447404e+02,1.381698e-03,7.680955e+01,9.608054e-01,-1.799976e+02
33.11311,9.763863e-01,-2.488104e+01,3.745741e-03,1.416219e+02,1.506932e-03,7.558926e+01,9.608057e-01,-1.799975e+02
36.30781,9.733627e-01,-2.718884e+01,3.783636e-03,1.382806e+02,1.641864e-03,7.426694e+01,9.608061e-01,-1.799974e+02
39.81072,9.698151e-01,-2.969157e+01,3.827474e-03,1.347142e+02,1.786772e-03,7.283721e+01,9.608066e-01,-1.799972e+02
43.65158,9.656714e-01,-3.240014e+01,3.877851e-03,1.309236e+02,1.941798e-03,7.129535e+01,9.608072e-01,-1.799970e+02
47.86301,9.608569e-01,-3.532454e+01,3.935311e-03,1.269136e+02,2.106912e-03,6.963754e+01,9.608078e-01,-1.799968e+02
52.48075,9.552971e-01,-3.847325e+01,4.000292e-03,1.226936e+02,2.281870e-03,6.786124e+01,9.608085e-01,-1.799966e+02
57.54399,9.489215e-01,-4.185273e+01,4.073081e-03,1.182773e+02,2.466165e-03,6.596557e+01,9.608093e-01,-1.799964e+02
63.09573,9.416690e-01,-4.546671e+01,4.153757e-03,1.136836e+02,2.658996e-03,6.395169e+01,9.608103e-01,-1.799961e+02
69.18310,9.334939e-01,-4.931556e+01,4.242141e-03,1.089359e+02,2.859231e-03,6.182319e+01,9.608113e-01,-1.799958e+02
75.85776,9.243729e-01,-5.339555e+01,4.337753e-03,1.040621e+02,3.065399e-03,5.958647e+01,9.608125e-01,-1.799955e+02
83.17638,9.143118e-01,-5.769824e+01,4.439786e-03,9.909383e+01,3.275695e-03,5.725093e+01,9.608138e-01,-1.799951e+02
91.20108,9.033519e-01,-6.220998e+01,4.547112e-03,9.406566e+01,3.488020e-03,5.482911e+01,9.608151e-01,-1.799947e+02
100.00000,8.915743e-01,-6.691162e+01,4.658311e-03,8.901413e+01,3.700047e-03,5.233660e+01,9.608166e-01,-1.799943e+02
109.64782,8.791008e-01,-7.177848e+01,4.771736e-03,8.397663e+01,3.909320e-03,4.979175e+01,9.608181e-01,-1.799939e+02
120.22644,8.660920e-01,-7.678065e+01,4.885602e-03,7.899027e+01,4.113373e-03,4.721512e+01,9.608197e-01,-1.799934e+02
131.82567,8.527403e-01,-8.188363e+01,4.998092e-03,7.409072e+01,4.309863e-03,4.462876e+01,9.608213e-01,-1.799929e+02
144.54398,8.392594e-01,-8.704935e+01,5.107474e-03,6.931120e+01,4.496692e-03,4.205537e+01,9.608229e-01,-1.799923e+02
158.48932,8.258713e-01,-9.223743e+01,5.212200e-03,6.468156e+01,4.672121e-03,3.951733e+01,9.608245e-01,-1.799917e+02
173.78008,8.127917e-01,-9.740662e+01,5.310991e-03,6.022758e+01,4.834841e-03,3.703586e+01,9.608261e-01,-1.799911e+02
190.54607,8.002169e-01,-1.025164e+02,5.402881e-03,5.597049e+01,4.984010e-03,3.463020e+01,9.608276e-01,-1.799903e+02
208.92961,7.883126e-01,-1.075282e+02,5.487244e-03,5.192679e+01,5.119253e-03,3.231707e+01,9.608291e-01,-1.799896e+02
229.08677,7.772071e-01,-1.124073e+02,5.563775e-03,4.810826e+01,5.240620e-03,3.011028e+01,9.608304e-01,-1.799887e+02
251.18864,7.669880e-01,-1.171230e+02,5.632460e-03,4.452222e+01,5.348523e-03,2.802060e+01,9.608318e-01,-1.799877e+02
275.42287,7.577028e-01,-1.216500e+02,5.693522e-03,4.117193e+01,5.443664e-03,2.605581e+01,9.608330e-01,-1.799867e+02
301.99517,7.493633e-01,-1.259685e+02,5.747371e-03,3.805716e+01,5.526947e-03,2.422094e+01,9.608343e-01,-1.799855e+02
331.13112,7.419508e-01,-1.300641e+02,5.794544e-03,3.517475e+01,5.599408e-03,2.251857e+01,9.608355e-01,-1.799843e+02
363.07805,7.354236e-01,-1.339278e+02,5.835656e-03,3.251923e+01,5.662146e-03,2.094923e+01,9.608367e-01,-1.799829e+02
398.10717,7.297231e-01,-1.375553e+02,5.871363e-03,3.008338e+01,5.716271e-03,1.951181e+01,9.608379e-01,-1.799813e+02
436.51583,7.247808e-01,-1.409464e+02,5.902326e-03,2.785878e+01,5.762868e-03,1.820393e+01,9.608392e-01,-1.799796e+02
478.63009,7.205230e-01,-1.441043e+02,5.929194e-03,2.583628e+01,5.802964e-03,1.702232e+01,9.608406e-01,-1.799778e+02
524.80746,7.168753e-01,-1.470351e+02,5.952583e-03,2.400632e+01,5.837521e-03,1.596315e+01,9.608421e-01,-1.799757e+02
575.43994,7.137654e-01,-1.497470e+02,5.973075e-03,2.235933e+01,5.867422e-03,1.502226e+01,9.608438e-01,-1.799735e+02
630.95734,7.111253e-01,-1.522495e+02,5.991214e-03,2.088592e+01,5.893476e-03,1.419539e+01,9.608458e-01,-1.799710e+02
691.83097,7.088925e-01,-1.545534e+02,6.007506e-03,1.957709e+01,5.916418e-03,1.347838e+01,9.608480e-01,-1.799683e+02
758.57758,7.070108e-01,-1.566699e+02,6.022427e-03,1.842435e+01,5.936924e-03,1.286728e+01,9.608507e-01,-1.799653e+02
831.76377,7.054301e-01,-1.586104e+02,6.036427e-03,1.741987e+01,5.955615e-03,1.235843e+01,9.608538e-01,-1.799620e+02
912.01084,7.041067e-01,-1.603863e+02,6.049941e-03,1.655644e+01,5.973069e-03,1.194855e+01,9.608574e-01,-1.799584e+02
1000.00000,7.030025e-01,-1.620087e+02,6.063396e-03,1.582759e+01,5.989841e-03,1.163479e+01,9.608618e-01,-1.799544e+02
1096.47820,7.020850e-01,-1.634884e+02,6.077227e-03,1.522756e+01,6.006468e-03,1.141472e+01,9.608670e-01,-1.799501e+02
1202.26443,7.013264e-01,-1.648356e+02,6.091879e-03,1.475126e+01,6.023489e-03,1.128632e+01,9.608732e-01,-1.799453e+02
1318.25674,7.007034e-01,-1.660600e+02,6.107829e-03,1.439426e+01,6.041456e-03,1.124800e+01,9.608806e-01,-1.799401e+02
1445.43977,7.001965e-01,-1.671705e+02,6.125595e-03,1.415271e+01,6.060953e-03,1.129850e+01,9.608896e-01,-1.799344e+02
1584.89319,6.997896e-01,-1.681756e+02,6.145748e-03,1.402325e+01,6.082607e-03,1.143684e+01,9.609002e-01,-1.799281e+02
1737.80083,6.994696e-01,-1.690829e+02,6.168932e-03,1.400293e+01,6.107113e-03,1.166224e+01,9.609131e-01,-1.799213e+02
1905.46072,6.992263e-01,-1.698997e+02,6.195877e-03,1.408905e+01,6.135241e-03,1.197396e+01,9.609285e-01,-1.799138e+02
2089.29613,6.990517e-01,-1.706323e+02,6.227419e-03,1.427896e+01,6.167867e-03,1.237118e+01,9.609469e-01,-1.799056e+02
2290.86765,6.989401e-01,-1.712867e+02,6.264515e-03,1.456991e+01,6.205981e-03,1.285276e+01,9.609691e-01,-1.798966e+02
2511.88643,6.988879e-01,-1.718683e+02,6.308267e-03,1.495876e+01,6.250715e-03,1.341701e+01,9.609956e-01,-1.798868e+02
2754.22870,6.988933e-01,-1.723817e+02,6.359937e-03,1.544168e+01,6.303360e-03,1.406140e+01,9.610274e-01,-1.798760e+02
3019.95172,6.989563e-01,-1.728314e+02,6.420966e-03,1.601381e+01,6.365382e-03,1.478222e+01,9.610656e-01,-1.798643e+02
3311.31121,6.990791e-01,-1.732211e+02,6.492990e-03,1.666886e+01,6.438441e-03,1.557418e+01,9.611113e-01,-1.798516e+02
3630.78055,6.992654e-01,-1.735542e+02,6.577848e-03,1.739870e+01,6.524397e-03,1.642999e+01,9.611659e-01,-1.798376e+02
3981.07171,6.995212e-01,-1.738337e+02,6.677588e-03,1.819291e+01,6.625320e-03,1.733997e+01,9.612312e-01,-1.798225e+02
4365.15832,6.998545e-01,-1.740622e+02,6.794462e-03,1.903835e+01,6.743477e-03,1.829159e+01,9.613093e-01,-1.798061e+02
4786.30092,7.002758e-01,-1.742419e+02,6.930903e-03,1.991885e+01,6.881316e-03,1.926916e+01,9.614023e-01,-1.797883e+02
5248.07460,7.007980e-01,-1.743747e+02,7.089489e-03,2.081488e+01,7.041427e-03,2.025356e+01,9.615131e-01,-1.797691e+02
5754.39937,7.014368e-01,-1.744624e+02,7.272889e-03,2.170353e+01,7.226484e-03,2.122222e+01,9.616448e-01,-1.797484e+02
6309.57344,7.022115e-01,-1.745065e+02,7.483782e-03,2.255856e+01,7.439167e-03,2.214921e+01,9.618010e-01,-1.797261e+02
6918.30971,7.031443e-01,-1.745082e+02,7.724749e-03,2.335084e+01,7.682055e-03,2.300570e+01,9.619857e-01,-1.797023e+02
7585.77575,7.042616e-01,-1.744689e+02,7.998145e-03,2.404892e+01,7.957494e-03,2.376055e+01,9.622035e-01,-1.796769e+02
8317.63771,7.055937e-01,-1.743897e+02,8.305937e-03,2.461993e+01,8.267435e-03,2.438125e+01,9.624594e-01,-1.796500e+02
9120.10839,7.071754e-01,-1.742719e+02,8.649526e-03,2.503064e+01,8.613262e-03,2.483498e+01,9.627587e-01,-1.796218e+02
10000.00000,7.090459e-01,-1.741171e+02,9.029538e-03,2.524861e+01,8.995578e-03,2.508977e+01,9.631071e-01,-1.795924e+02
