! ! 
! S ! 
! ! 
! # MHz  S  MA  R  50.00000
! ! ===================================================================
1.00000,9.928244e-01,-7.526814e-01,2.281284e-03,1.783826e+02,4.699678e-05,8.957022e+01,9.608040e-01,-1.799834e+02
1.09648,9.928214e-01,-8.252960e-01,2.281369e-03,1.782251e+02,5.153064e-05,8.952722e+01,9.608040e-01,-1.799848e+02
1.20226,9.928177e-01,-9.049156e-01,2.281472e-03,1.780525e+02,5.650181e-05,8.948021e+01,9.608040e-01,-1.799861e+02
1.31826,9.928134e-01,-9.922155e-01,2.281595e-03,1.778633e+02,6.195246e-05,8.942879e+01,9.608040e-01,-1.799874e+02
1.44544,9.928081e-01,-1.087937e+00,2.281743e-03,1.776561e+02,6.792881e-05,8.937252e+01,9.608040e-01,-1.799885e+02
1.58489,9.928017e-01,-1.192891e+00,2.281922e-03,1.774290e+02,7.448152e-05,8.931092e+01,9.608040e-01,-1.799895e+02
1.73780,9.927941e-01,-1.307968e+00,2.282136e-03,1.771801e+02,8.166613e-05,8.924348e+01,9.608040e-01,-1.799904e+02
1.90546,9.927850e-01,-1.434145e+00,2.282394e-03,1.769074e+02,8.954350e-05,8.916962e+01,9.608040e-01,-1.799912e+02
2.08930,9.927740e-01,-1.572490e+00,2.282703e-03,1.766085e+02,9.818035e-05,8.908871e+01,9.608040e-01,-1.799919e+02
2.29087,9.927607e-01,-1.724177e+00,2.283075e-03,1.762809e+02,1.076498e-04,8.900007e+01,9.608040e-01,-1.799926e+02
2.51189,9.927448e-01,-1.890491e+00,2.283523e-03,1.759218e+02,1.180319e-04,8.890295e+01,9.608040e-01,-1.799933e+02
2.75423,9.927257e-01,-2.072841e+00,2.284060e-03,1.755284e+02,1.294145e-04,8.879653e+01,9.608040e-01,-1.799938e+02
3.01995,9.927027e-01,-2.272770e+00,2.284707e-03,1.750972e+02,1.418937e-04,8.867991e+01,9.608040e-01,-1.799943e+02
3.31131,9.926751e-01,-2.491971e+00,2.285483e-03,1.746248e+02,1.555748e-04,8.855209e+01,9.608040e-01,-1.799948e+02
3.63078,9.926418e-01,-2.732296e+00,2.286416e-03,1.741072e+02,1.705731e-04,8.841201e+01,9.608040e-01,-1.799952e+02
3.98107,9.926019e-01,-2.995777e+00,2.287537e-03,1.735401e+02,1.870148e-04,8.825847e+01,9.608040e-01,-1.799956e+02
4.36516,9.925539e-01,-3.284639e+00,2.288883e-03,1.729190e+02,2.050381e-04,8.809019e+01,9.608040e-01,-1.799959e+02
4.78630,9.924962e-01,-3.601317e+00,2.290500e-03,1.722387e+02,2.247940e-04,8.790574e+01,9.608040e-01,-1.799963e+02
5.24807,9.924269e-01,-3.948478e+00,2.292441e-03,1.714939e+02,2.464477e-04,8.770358e+01,9.608040e-01,-1.799965e+02
5.75440,9.923436e-01,-4.329042e+00,2.294772e-03,1.706786e+02,2.701798e-04,8.748202e+01,9.608040e-01,-1.799968e+02
6.30957,9.922435e-01,-4.746200e+00,2.297568e-03,1.697864e+02,2.961873e-04,8.723919e+01,9.608040e-01,-1.799970e+02
6.91831,9.921233e-01,-5.203448e+00,2.300923e-03,1.688105e+02,3.246851e-04,8.697308e+01,9.608041e-01,-1.799972e+02
7.58578,9.919789e-01,-5.704600e+00,2.304946e-03,1.677436e+02,3.559078e-04,8.668147e+01,9.608041e-01,-1.799974e+02
8.31764,9.918055e-01,-6.253828e+00,2.309767e-03,1.665777e+02,3.901103e-04,8.636194e+01,9.608041e-01,-1.799975e+02
9.12011,9.915973e-01,-6.855683e+00,2.315541e-03,1.653046e+02,4.275699e-04,8.601188e+01,9.608041e-01,-1.799976e+02
10.00000,9.913473e-01,-7.515126e+00,2.322451e-03,1.639154e+02,4.685873e-04,8.562842e+01,9.608042e-01,-1.799978e+02
10.96478,9.910474e-01,-8.237564e+00,2.330714e-03,1.624011e+02,5.134881e-04,8.520844e+01,9.608042e-01,-1.799978e+02
12.02264,9.906876e-01,-9.028877e+00,2.340584e-03,1.607521e+02,5.626238e-04,8.474856e+01,9.608042e-01,-1.799979e+02
13.18257,9.902563e-01,-9.895448e+00,2.352357e-03,1.589589e+02,6.163725e-04,8.424513e+01,9.608043e-01,-1.799980e+02
14.45440,9.897395e-01,-1.084420e+01,2.366382e-03,1.570118e+02,6.751393e-04,8.369421e+01,9.608043e-01,-1.799980e+02
15.84893,9.891205e-01,-1.188261e+01,2.383057e-03,1.549014e+02,7.393564e-04,8.309152e+01,9.608044e-01,-1.799980e+02
17.37801,9.883800e-01,-1.301875e+01,2.402845e-03,1.526187e+02,8.094813e-04,8.243252e+01,9.608045e-01,-1.799980e+02
19.05461,9.874947e-01,-1.426127e+01,2.426268e-03,1.501556e+02,8.859956e-04,8.171233e+01,9.608046e-01,-1.799980e+02
20.89296,9.864377e-01,-1.561945e+01,2.453916e-03,1.475050e+02,9.694002e-04,8.092578e+01,9.608047e-01,-1.799980e+02
22.90868,9.851772e-01,-1.710314e+01,2.486445e-03,1.446615e+02,1.060211e-03,8.006744e+01,9.608049e-01,-1.799979e+02
25.11886,9.836767e-01,-1.872275e+01,2.524571e-03,1.416217e+02,1.158948e-03,7.913160e+01,9.608051e-01,-1.799979e+02
27.54229,9.818937e-01,-2.048921e+01,2.569064e-03,1.383847e+02,1.266128e-03,7.811241e+01,9.608053e-01,-1.799978e+02
30.19952,9.797800e-01,-2.241383e+01,2.620731e-03,1.349521e+02,1.382248e-03,7.700390e+01,9.608055e-01,-1.799977e+02
33.11311,9.772809e-01,-2.450823e+01,2.680394e-03,1.313291e+02,1.507763e-03,7.580009e+01,9.608058e-01,-1.799976e+02
36.30781,9.743356e-01,-2.678409e+01,2.748860e-03,1.275237e+02,1.643067e-03,7.449518e+01,9.608062e-01,-1.799974e+02
39.81072,9.708775e-01,-2.925295e+01,2.826879e-03,1.235473e+02,1.788458e-03,7.308373e+01,9.608066e-01,-1.799973e+02
43.65158,9.668350e-01,-3.192587e+01,2.915101e-03,1.194145e+02,1.944108e-03,7.156087e+01,9.608071e-01,-1.799971e+02
47.86301,9.621337e-01,-3.481299e+01,3.014016e-03,1.151422e+02,2.110019e-03,6.992260e+01,9.608076e-01,-1.799969e+02
52.48075,9.566986e-01,-3.792310e+01,3.123901e-03,1.107498e+02,2.285982e-03,6.816615e+01,9.608082e-01,-1.799967e+02
57.54399,9.504582e-01,-4.126305e+01,3.244758e-03,1.062584e+02,2.471530e-03,6.629033e+01,9.608090e-01,-1.799965e+02
63.09573,9.433493e-01,-4.483708e+01,3.376263e-03,1.016900e+02,2.665904e-03,6.429592e+01,9.608098e-01,-1.799962e+02
69.18310,9.353232e-01,-4.864617e+01,3.517722e-03,9.706748e+01,2.868011e-03,6.218609e+01,9.608107e-01,-1.799959e+02
75.85776,9.263522e-01,-5.268732e+01,3.668047e-03,9.241402e+01,3.076417e-03,5.996672e+01,9.608117e-01,-1.799956e+02
83.17638,9.164367e-01,-5.695294e+01,3.825760e-03,8.775297e+01,3.289343e-03,5.764671e+01,9.608128e-01,-1.799952e+02
91.20108,9.056118e-01,-6.143030e+01,3.989019e-03,8.310776e+01,3.504706e-03,5.523807e+01,9.608140e-01,-1.799949e+02
100.00000,8.939515e-01,-6.610118e+01,4.155682e-03,7.850179e+01,3.720176e-03,5.275588e+01,9.608153e-01,-1.799945e+02
109.64782,8.815712e-01,-7.094182e+01,4.323403e-03,7.395832e+01,3.933274e-03,5.021806e+01,9.608167e-01,-1.799940e+02
120.22644,8.686254e-01,-7.592316e+01,4.489752e-03,6.950027e+01,4.141488e-03,4.764484e+01,9.608181e-01,-1.799935e+02
131.82567,8.553020e-01,-8.101144e+01,4.652342e-03,6.514985e+01,4.342410e-03,4.505807e+01,9.608195e-01,-1.799930e+02
144.54398,8.418122e-01,-8.616911e+01,4.808967e-03,6.092817e+01,4.533860e-03,4.248040e+01,9.608210e-01,-1.799925e+02
158.48932,8.283777e-01,-9.135608e+01,4.957718e-03,5.685464e+01,4.714004e-03,3.993433e+01,9.608224e-01,-1.799919e+02
173.78008,8.152166e-01,-9.653115e+01,5.097065e-03,5.294647e+01,4.881436e-03,3.744133e+01,9.608238e-01,-1.799912e+02
190.54607,8.025295e-01,-1.016535e+02,5.225910e-03,4.921821e+01,5.035222e-03,3.502101e+01,9.608252e-01,-1.799905e+02
208.92961,7.904883e-01,-1.066844e+02,5.343600e-03,4.568141e+01,5.174903e-03,3.269054e+01,9.608265e-01,-1.799897e+02
229.08677,7.792278e-01,-1.115880e+02,5.449899e-03,4.234443e+01,5.300460e-03,3.046423e+01,9.608278e-01,-1.799888e+02
251.18864,7.688428e-01,-1.163332e+02,5.544934e-03,3.921248e+01,5.412255e-03,2.835336e+01,9.608290e-01,-1.799879e+02
275.42287,7.593873e-01,-1.208936e+02,5.629134e-03,3.628776e+01,5.510958e-03,2.636618e+01,9.608302e-01,-1.799868e+02
301.99517,7.508789e-01,-1.252484e+02,5.703150e-03,3.356978e+01,5.597457e-03,2.450816e+01,9.608314e-01,-1.799857e+02
331.13112,7.433036e-01,-1.293824e+02,5.767784e-03,3.105577e+01,5.672785e-03,2.278226e+01,9.608325e-01,-1.799844e+02
363.07805,7.366230e-01,-1.332858e+02,5.823927e-03,2.874107e+01,5.738053e-03,2.118932e+01,9.608336e-01,-1.799830e+02
398.10717,7.307808e-01,-1.369533e+02,5.872505e-03,2.661959e+01,5.794388e-03,1.972845e+01,9.608348e-01,-1.799814e+02
436.51583,7.257097e-01,-1.403841e+02,5.914439e-03,2.468423e+01,5.842897e-03,1.839746e+01,9.608361e-01,-1.799798e+02
478.63009,7.213366e-01,-1.435810e+02,5.950620e-03,2.292725e+01,5.884635e-03,1.719320e+01,9.608374e-01,-1.799779e+02
524.80746,7.175868e-01,-1.465496e+02,5.981887e-03,2.134058e+01,5.920590e-03,1.611189e+01,9.608389e-01,-1.799758e+02
575.43994,7.143874e-01,-1.492977e+02,6.009020e-03,1.991612e+01,5.951671e-03,1.514938e+01,9.608406e-01,-1.799736e+02
630.95734,7.116695e-01,-1.518347e+02,6.032740e-03,1.864592e+01,5.978711e-03,1.430143e+01,9.608425e-01,-1.799711e+02
691.83097,7.093697e-01,-1.541713e+02,6.053709e-03,1.752237e+01,6.002471e-03,1.356381e+01,9.608447e-01,-1.799684e+02
758.57758,7.074304e-01,-1.563184e+02,6.072535e-03,1.653832e+01,6.023642e-03,1.293250e+01,9.608473e-01,-1.799654e+02
831.76377,7.058006e-01,-1.582876e+02,6.089785e-03,1.568715e+01,6.042865e-03,1.240379e+01,9.608504e-01,-1.799621e+02
912.01084,7.044353e-01,-1.600902e+02,6.105991e-03,1.496284e+01,6.060732e-03,1.197429e+01,9.608540e-01,-1.799586e+02
1000.00000,7.032958e-01,-1.617374e+02,6.121665e-03,1.436001e+01,6.077808e-03,1.164106e+01,9.608583e-01,-1.799546e+02
1096.47820,7.023483e-01,-1.632401e+02,6.137309e-03,1.387389e+01,6.094641e-03,1.140156e+01,9.608635e-01,-1.799503e+02
1202.26443,7.015645e-01,-1.646085e+02,6.153428e-03,1.350033e+01,6.111774e-03,1.125369e+01,9.608696e-01,-1.799455e+02
1318.25674,7.009202e-01,-1.658524e+02,6.170545e-03,1.323576e+01,6.129763e-03,1.119574e+01,9.608770e-01,-1.799404e+02
1445.43977,7.003954e-01,-1.669810e+02,6.189217e-03,1.307710e+01,6.149192e-03,1.122636e+01,9.608859e-01,-1.799347e+02
1584.89319,6.999734e-01,-1.680026e+02,6.210045e-03,1.302176e+01,6.170689e-03,1.134451e+01,9.608965e-01,-1.799284e+02
1737.80083,6.996408e-01,-1.689252e+02,6.233697e-03,1.306746e+01,6.194942e-03,1.154934e+01,9.609092e-01,-1.799216e+02
1905.46072,6.993868e-01,-1.697559e+02,6.260919e-03,1.321211e+01,6.222718e-03,1.184006e+01,9.609245e-01,-1.799141e+02
2089.29613,6.992031e-01,-1.705013e+02,6.292558e-03,1.345371e+01,6.254880e-03,1.221584e+01,9.609428e-01,-1.799059e+02
2290.86765,6.990838e-01,-1.711675e+02,6.329581e-03,1.379008e+01,6.292412e-03,1.267555e+01,9.609648e-01,-1.798970e+02
2511.88643,6.990250e-01,-1.717598e+02,6.373090e-03,1.421863e+01,6.336429e-03,1.321757e+01,9.609911e-01,-1.798872e+02
2754.22870,6.990246e-01,-1.722832e+02,6.424346e-03,1.473610e+01,6.388208e-03,1.383948e+01,9.610227e-01,-1.798765e+02
3019.95172,6.990827e-01,-1.727419e+02,6.484787e-03,1.533819e+01,6.449200e-03,1.453775e+01,9.610606e-01,-1.798648e+02
3311.31121,6.992010e-01,-1.731400e+02,6.556041e-03,1.601921e+01,6.521044e-03,1.530731e+01,9.611059e-01,-1.798521e+02
3630.78055,6.993832e-01,-1.734807e+02,6.639940e-03,1.677162e+01,6.605585e-03,1.614120e+01,9.611602e-01,-1.798382e+02
3981.07171,6.996352e-01,-1.737673e+02,6.738524e-03,1.758563e+01,6.704874e-03,1.703011e+01,9.612250e-01,-1.798232e+02
4365.15832,6.999649e-01,-1.740022e+02,6.854037e-03,1.844877e+01,6.821164e-03,1.796196e+01,9.613025e-01,-1.798068e+02
4786.30092,7.003825e-01,-1.741878e+02,6.988905e-03,1.934552e+01,6.956889e-03,1.892157e+01,9.613949e-01,-1.797891e+02
5248.07460,7.009009e-01,-1.743262e+02,7.145705e-03,2.025704e+01,7.114635e-03,1.989035e+01,9.615049e-01,-1.797699e+02
5754.39937,7.015359e-01,-1.744189e+02,7.327111e-03,2.116105e+01,7.297076e-03,2.084626e+01,9.616357e-01,-1.797492e+02
6309.57344,7.023063e-01,-1.744677e+02,7.535810e-03,2.203196e+01,7.506901e-03,2.176388e+01,9.617908e-01,-1.797270e+02
6918.30971,7.032345e-01,-1.744737e+02,7.774402e-03,2.284113e+01,7.746708e-03,2.261480e+01,9.619743e-01,-1.797032e+02
7585.77575,7.043467e-01,-1.744383e+02,8.045270e-03,2.355756e+01,8.018873e-03,2.336819e+01,9.621906e-01,-1.796779e+02
8317.63771,7.056732e-01,-1.743628e+02,8.350417e-03,2.414867e+01,8.325391e-03,2.399171e+01,9.624449e-01,-1.796511e+02
9120.10839,7.072485e-01,-1.742485e+02,8.691288e-03,2.458137e+01,8.667694e-03,2.445251e+01,9.627423e-01,-1.796230e+02
10000.00000,7.091119e-01,-1.740967e+02,9.068566e-03,2.482321e+01,9.046451e-03,2.471846e+01,9.630886e-01,-1.795936e+02
