! ! 
! S ! 
! ! 
! # MHz  S  MA  R  50.00000
! ! ===================================================================
1.00000,9.930131e-01,-7.468874e-01,1.734272e-03,1.780139e+02,4.698625e-05,8.957355e+01,9.608036e-01,-1.799834e+02
1.09648,9.930101e-01,-8.189431e-01,1.734391e-03,1.778209e+02,5.151909e-05,8.953087e+01,9.608036e-01,-1.799848e+02
1.20226,9.930065e-01,-8.979498e-01,1.734535e-03,1.776093e+02,5.648916e-05,8.948421e+01,9.608036e-01,-1.799861e+02
1.31826,9.930022e-01,-9.845779e-01,1.734708e-03,1.773775e+02,6.193860e-05,8.943318e+01,9.608036e-01,-1.799874e+02
1.44544,9.929970e-01,-1.079562e+00,1.734916e-03,1.771235e+02,6.791362e-05,8.937733e+01,9.608036e-01,-1.799885e+02
1.58489,9.929907e-01,-1.183709e+00,1.735166e-03,1.768452e+02,7.446488e-05,8.931620e+01,9.608036e-01,-1.799895e+02
1.73780,9.929832e-01,-1.297901e+00,1.735466e-03,1.765402e+02,8.164790e-05,8.924927e+01,9.608036e-01,-1.799904e+02
1.90546,9.929742e-01,-1.423106e+00,1.735827e-03,1.762060e+02,8.952354e-05,8.917596e+01,9.608036e-01,-1.799912e+02
2.08930,9.929634e-01,-1.560387e+00,1.736261e-03,1.758397e+02,9.815849e-05,8.909567e+01,9.608036e-01,-1.799919e+02
2.29087,9.929503e-01,-1.710907e+00,1.736782e-03,1.754384e+02,1.076259e-04,8.900770e+01,9.608036e-01,-1.799926e+02
2.51189,9.929346e-01,-1.875941e+00,1.737409e-03,1.749986e+02,1.180057e-04,8.891132e+01,9.608036e-01,-1.799933e+02
2.75423,9.929158e-01,-2.056888e+00,1.738161e-03,1.745169e+02,1.293859e-04,8.880570e+01,9.608036e-01,-1.799938e+02
3.01995,9.928931e-01,-2.255279e+00,1.739066e-03,1.739891e+02,1.418624e-04,8.868996e+01,9.608036e-01,-1.799943e+02
3.31131,9.928659e-01,-2.472794e+00,1.740153e-03,1.734111e+02,1.555406e-04,8.856311e+01,9.608036e-01,-1.799948e+02
3.63078,9.928332e-01,-2.711272e+00,1.741458e-03,1.727780e+02,1.705358e-04,8.842409e+01,9.608036e-01,-1.799952e+02
3.98107,9.927938e-01,-2.972727e+00,1.743025e-03,1.720850e+02,1.869742e-04,8.827172e+01,9.608036e-01,-1.799956e+02
4.36516,9.927466e-01,-3.259369e+00,1.744907e-03,1.713264e+02,2.049938e-04,8.810471e+01,9.608036e-01,-1.799960e+02
4.78630,9.926897e-01,-3.573614e+00,1.747166e-03,1.704964e+02,2.247459e-04,8.792166e+01,9.608036e-01,-1.799963e+02
5.24807,9.926214e-01,-3.918109e+00,1.749877e-03,1.695885e+02,2.463955e-04,8.772104e+01,9.608036e-01,-1.799965e+02
5.75440,9.925394e-01,-4.295751e+00,1.753129e-03,1.685961e+02,2.701232e-04,8.750115e+01,9.608036e-01,-1.799968e+02
6.30957,9.924408e-01,-4.709710e+00,1.757027e-03,1.675117e+02,2.961261e-04,8.726016e+01,9.608036e-01,-1.799970e+02
6.91831,9.923223e-01,-5.163451e+00,1.761699e-03,1.663278e+02,3.246193e-04,8.699606e+01,9.608036e-01,-1.799972e+02
7.58578,9.921801e-01,-5.660765e+00,1.767293e-03,1.650361e+02,3.558371e-04,8.670665e+01,9.608037e-01,-1.799974e+02
8.31764,9.920092e-01,-6.205789e+00,1.773987e-03,1.636284e+02,3.900349e-04,8.638954e+01,9.608037e-01,-1.799975e+02
9.12011,9.918040e-01,-6.803043e+00,1.781990e-03,1.620958e+02,4.274899e-04,8.604211e+01,9.608037e-01,-1.799977e+02
10.00000,9.915578e-01,-7.457453e+00,1.791547e-03,1.604297e+02,4.685032e-04,8.566153e+01,9.608037e-01,-1.799978e+02
10.96478,9.912622e-01,-8.174387e+00,1.802946e-03,1.586211e+02,5.134006e-04,8.524470e+01,9.608038e-01,-1.799979e+02
12.02264,9.909077e-01,-8.959682e+00,1.816520e-03,1.566616e+02,5.625341e-04,8.478827e+01,9.608038e-01,-1.799979e+02
13.18257,9.904827e-01,-9.819681e+00,1.832657e-03,1.545430e+02,6.162822e-04,8.428860e+01,9.608039e-01,-1.799980e+02
14.45440,9.899734e-01,-1.076126e+01,1.851799e-03,1.522581e+02,6.750510e-04,8.374176e+01,9.608039e-01,-1.799980e+02
15.84893,9.893634e-01,-1.179184e+01,1.874454e-03,1.498008e+02,7.392734e-04,8.314354e+01,9.608040e-01,-1.799980e+02
17.37801,9.886335e-01,-1.291946e+01,1.901190e-03,1.471664e+02,8.094086e-04,8.248938e+01,9.608041e-01,-1.799980e+02
19.05461,9.877610e-01,-1.415271e+01,1.932643e-03,1.443523e+02,8.859396e-04,8.177445e+01,9.608042e-01,-1.799980e+02
20.89296,9.867190e-01,-1.550081e+01,1.969510e-03,1.413581e+02,9.693698e-04,8.099361e+01,9.608043e-01,-1.799980e+02
22.90868,9.854763e-01,-1.697357e+01,2.012543e-03,1.381860e+02,1.060218e-03,8.014142e+01,9.608044e-01,-1.799980e+02
25.11886,9.839967e-01,-1.858136e+01,2.062544e-03,1.348413e+02,1.159008e-03,7.921223e+01,9.608046e-01,-1.799979e+02
27.54229,9.822383e-01,-2.033506e+01,2.120339e-03,1.313318e+02,1.266261e-03,7.820017e+01,9.608048e-01,-1.799978e+02
30.19952,9.801533e-01,-2.224597e+01,2.186763e-03,1.276683e+02,1.382481e-03,7.709927e+01,9.608050e-01,-1.799977e+02
33.11311,9.776876e-01,-2.432566e+01,2.262629e-03,1.238640e+02,1.508129e-03,7.590357e+01,9.608053e-01,-1.799976e+02
36.30781,9.747808e-01,-2.658585e+01,2.348688e-03,1.199343e+02,1.643610e-03,7.460725e+01,9.608056e-01,-1.799975e+02
39.81072,9.713667e-01,-2.903808e+01,2.445596e-03,1.158957e+02,1.789233e-03,7.320481e+01,9.608060e-01,-1.799973e+02
43.65158,9.673741e-01,-3.169345e+01,2.553859e-03,1.117655e+02,1.945184e-03,7.169132e+01,9.608064e-01,-1.799971e+02
47.86301,9.627287e-01,-3.456223e+01,2.673792e-03,1.075609e+02,2.111479e-03,7.006272e+01,9.608070e-01,-1.799970e+02
52.48075,9.573553e-01,-3.765332e+01,2.805463e-03,1.032989e+02,2.287928e-03,6.831610e+01,9.608076e-01,-1.799967e+02
57.54399,9.511821e-01,-4.097376e+01,2.948645e-03,9.899545e+01,2.474084e-03,6.645013e+01,9.608082e-01,-1.799965e+02
63.09573,9.441448e-01,-4.452803e+01,3.102777e-03,9.466583e+01,2.669208e-03,6.446541e+01,9.608090e-01,-1.799962e+02
69.18310,9.361933e-01,-4.831741e+01,3.266927e-03,9.032449e+01,2.872228e-03,6.236490e+01,9.608099e-01,-1.799959e+02
75.85776,9.272977e-01,-5.233928e+01,3.439781e-03,8.598553e+01,3.081728e-03,6.015424e+01,9.608108e-01,-1.799956e+02
83.17638,9.174560e-01,-5.658644e+01,3.619646e-03,8.166304e+01,3.295944e-03,5.784206e+01,9.608119e-01,-1.799953e+02
91.20108,9.067001e-01,-6.104659e+01,3.804486e-03,7.737155e+01,3.512800e-03,5.544011e+01,9.608130e-01,-1.799949e+02
100.00000,8.951006e-01,-6.570201e+01,3.991988e-03,7.312636e+01,3.729967e-03,5.296323e+01,9.608142e-01,-1.799945e+02
109.64782,8.827697e-01,-7.052938e+01,4.179655e-03,6.894368e+01,3.944955e-03,5.042911e+01,9.608155e-01,-1.799941e+02
120.22644,8.698586e-01,-7.550008e+01,4.364926e-03,6.484054e+01,4.155233e-03,4.785782e+01,9.608168e-01,-1.799936e+02
131.82567,8.565530e-01,-8.058069e+01,4.545312e-03,6.083449e+01,4.358358e-03,4.527109e+01,9.608182e-01,-1.799931e+02
144.54398,8.430627e-01,-8.573397e+01,4.718525e-03,5.694309e+01,4.552111e-03,4.269154e+01,9.608196e-01,-1.799925e+02
158.48932,8.296091e-01,-9.091997e+01,4.882597e-03,5.318329e+01,4.734613e-03,4.014173e+01,9.608210e-01,-1.799919e+02
173.78008,8.164112e-01,-9.609753e+01,5.035970e-03,4.957073e+01,4.904408e-03,3.764322e+01,9.608223e-01,-1.799913e+02
190.54607,8.036718e-01,-1.012258e+02,5.177540e-03,4.611916e+01,5.060514e-03,3.521582e+01,9.608236e-01,-1.799905e+02
208.92961,7.915654e-01,-1.062656e+02,5.306674e-03,4.283990e+01,5.202431e-03,3.287691e+01,9.608249e-01,-1.799897e+02
229.08677,7.802304e-01,-1.111811e+02,5.423176e-03,3.974154e+01,5.330103e-03,3.064105e+01,9.608261e-01,-1.799889e+02
251.18864,7.697648e-01,-1.159406e+02,5.527236e-03,3.682988e+01,5.443868e-03,2.851976e+01,9.608273e-01,-1.799879e+02
275.42287,7.602262e-01,-1.205173e+02,5.619359e-03,3.410791e+01,5.544376e-03,2.652154e+01,9.608284e-01,-1.799869e+02
301.99517,7.516348e-01,-1.248899e+02,5.700281e-03,3.157611e+01,5.632507e-03,2.465209e+01,9.608295e-01,-1.799857e+02
331.13112,7.439792e-01,-1.290429e+02,5.770896e-03,2.923271e+01,5.709294e-03,2.291454e+01,9.608306e-01,-1.799844e+02
363.07805,7.372226e-01,-1.329657e+02,5.832191e-03,2.707411e+01,5.775850e-03,2.130990e+01,9.608318e-01,-1.799830e+02
398.10717,7.313101e-01,-1.366530e+02,5.885181e-03,2.509526e+01,5.833311e-03,1.983740e+01,9.608329e-01,-1.799815e+02
436.51583,7.261751e-01,-1.401035e+02,5.930879e-03,2.329007e+01,5.882797e-03,1.849494e+01,9.608341e-01,-1.799798e+02
478.63009,7.217445e-01,-1.433198e+02,5.970255e-03,2.165177e+01,5.925374e-03,1.727942e+01,9.608355e-01,-1.799780e+02
524.80746,7.179437e-01,-1.463072e+02,6.004225e-03,2.017321e+01,5.962043e-03,1.618711e+01,9.608369e-01,-1.799759e+02
575.43994,7.146996e-01,-1.490733e+02,6.033636e-03,1.884713e+01,5.993728e-03,1.521387e+01,9.608386e-01,-1.799737e+02
630.95734,7.119428e-01,-1.516275e+02,6.059269e-03,1.766636e+01,6.021275e-03,1.435543e+01,9.608405e-01,-1.799712e+02
691.83097,7.096093e-01,-1.539803e+02,6.081839e-03,1.662403e+01,6.045453e-03,1.360758e+01,9.608427e-01,-1.799685e+02
758.57758,7.076411e-01,-1.561427e+02,6.101999e-03,1.571365e+01,6.066967e-03,1.296625e+01,9.608453e-01,-1.799655e+02
831.76377,7.059866e-01,-1.581262e+02,6.120356e-03,1.492921e+01,6.086464e-03,1.242768e+01,9.608483e-01,-1.799622e+02
912.01084,7.046004e-01,-1.599421e+02,6.137475e-03,1.426528e+01,6.104546e-03,1.198846e+01,9.608519e-01,-1.799586e+02
1000.00000,7.034431e-01,-1.616018e+02,6.153896e-03,1.371695e+01,6.121781e-03,1.164558e+01,9.608562e-01,-1.799547e+02
1096.47820,7.024806e-01,-1.631159e+02,6.170143e-03,1.327993e+01,6.138723e-03,1.139647e+01,9.608614e-01,-1.799504e+02
1202.26443,7.016841e-01,-1.644950e+02,6.186742e-03,1.295051e+01,6.155917e-03,1.123897e+01,9.608675e-01,-1.799457e+02
1318.25674,7.010291e-01,-1.657486e+02,6.204232e-03,1.272549e+01,6.173923e-03,1.117132e+01,9.608749e-01,-1.799405e+02
1445.43977,7.004953e-01,-1.668862e+02,6.223179e-03,1.260216e+01,6.193324e-03,1.119213e+01,9.608837e-01,-1.799348e+02
1584.89319,7.000657e-01,-1.679161e+02,6.244197e-03,1.257825e+01,6.214748e-03,1.130032e+01,9.608942e-01,-1.799286e+02
1737.80083,6.997267e-01,-1.688462e+02,6.267958e-03,1.265178e+01,6.238881e-03,1.149500e+01,9.609069e-01,-1.799217e+02
1905.46072,6.994673e-01,-1.696839e+02,6.295214e-03,1.282095e+01,6.266486e-03,1.177536e+01,9.609221e-01,-1.799143e+02
2089.29613,6.992791e-01,-1.704358e+02,6.326814e-03,1.308403e+01,6.298424e-03,1.214057e+01,9.609404e-01,-1.799061e+02
2290.86765,6.991559e-01,-1.711078e+02,6.363725e-03,1.343908e+01,6.335671e-03,1.258950e+01,9.609623e-01,-1.798972e+02
2511.88643,6.990938e-01,-1.717055e+02,6.407049e-03,1.388379e+01,6.379339e-03,1.312055e+01,9.609885e-01,-1.798874e+02
2754.22870,6.990906e-01,-1.722339e+02,6.458043e-03,1.441513e+01,6.430694e-03,1.373137e+01,9.610200e-01,-1.798767e+02
3019.95172,6.991461e-01,-1.726971e+02,6.518142e-03,1.502907e+01,6.491180e-03,1.441849e+01,9.610577e-01,-1.798651e+02
3311.31121,6.992621e-01,-1.730994e+02,6.588968e-03,1.572018e+01,6.562428e-03,1.517697e+01,9.611029e-01,-1.798524e+02
3630.78055,6.994423e-01,-1.734440e+02,6.672348e-03,1.648120e+01,6.646274e-03,1.600000e+01,9.611570e-01,-1.798385e+02
3981.07171,6.996924e-01,-1.737340e+02,6.770318e-03,1.730264e+01,6.744759e-03,1.687844e+01,9.612216e-01,-1.798235e+02
4365.15832,7.000202e-01,-1.739722e+02,6.885114e-03,1.817234e+01,6.860128e-03,1.780045e+01,9.612988e-01,-1.798071e+02
4786.30092,7.004360e-01,-1.741608e+02,7.019161e-03,1.907510e+01,6.994811e-03,1.875106e+01,9.613908e-01,-1.797894e+02
5248.07460,7.009525e-01,-1.743019e+02,7.175033e-03,1.999241e+01,7.151388e-03,1.971198e+01,9.615005e-01,-1.797703e+02
5754.39937,7.015856e-01,-1.743972e+02,7.355405e-03,2.090231e+01,7.332535e-03,2.066142e+01,9.616308e-01,-1.797496e+02
6309.57344,7.023539e-01,-1.744482e+02,7.562969e-03,2.177949e+01,7.540944e-03,2.157423e+01,9.617854e-01,-1.797275e+02
6918.30971,7.032798e-01,-1.744564e+02,7.800333e-03,2.259560e+01,7.779223e-03,2.242218e+01,9.619682e-01,-1.797037e+02
7585.77575,7.043894e-01,-1.744231e+02,8.069893e-03,2.331983e+01,8.049761e-03,2.317463e+01,9.621839e-01,-1.796785e+02
8317.63771,7.057130e-01,-1.743494e+02,8.373670e-03,2.391975e+01,8.354575e-03,2.379932e+01,9.624373e-01,-1.796517e+02
9120.10839,7.072852e-01,-1.742367e+02,8.713133e-03,2.436234e+01,8.695122e-03,2.426340e+01,9.627338e-01,-1.796235e+02
10000.00000,7.091449e-01,-1.740866e+02,9.088991e-03,2.461516e+01,9.072101e-03,2.453467e+01,9.630790e-01,-1.795942e+02
