! ! 
! S ! 
! ! 
! # MHz  S  MA  R  50.00000
! ! ===================================================================
1.00000,9.935665e-01,-7.399851e-01,1.164227e-03,1.772577e+02,4.697961e-05,8.957746e+01,9.608036e-01,-1.799834e+02
1.09648,9.935636e-01,-8.113750e-01,1.164413e-03,1.769919e+02,5.151182e-05,8.953516e+01,9.608036e-01,-1.799848e+02
1.20226,9.935600e-01,-8.896517e-01,1.164637e-03,1.767006e+02,5.648119e-05,8.948891e+01,9.608036e-01,-1.799861e+02
1.31826,9.935558e-01,-9.754793e-01,1.164905e-03,1.763815e+02,6.192988e-05,8.943833e+01,9.608036e-01,-1.799874e+02
1.44544,9.935507e-01,-1.069586e+00,1.165229e-03,1.760319e+02,6.790407e-05,8.938298e+01,9.608036e-01,-1.799885e+02
1.58489,9.935445e-01,-1.172770e+00,1.165617e-03,1.756488e+02,7.445443e-05,8.932239e+01,9.608036e-01,-1.799895e+02
1.73780,9.935372e-01,-1.285907e+00,1.166084e-03,1.752291e+02,8.163646e-05,8.925606e+01,9.608036e-01,-1.799904e+02
1.90546,9.935283e-01,-1.409956e+00,1.166645e-03,1.747694e+02,8.951102e-05,8.918341e+01,9.608036e-01,-1.799912e+02
2.08930,9.935176e-01,-1.545969e+00,1.167319e-03,1.742659e+02,9.814481e-05,8.910383e+01,9.608036e-01,-1.799920e+02
2.29087,9.935048e-01,-1.695098e+00,1.168128e-03,1.737145e+02,1.076109e-04,8.901665e+01,9.608036e-01,-1.799926e+02
2.51189,9.934894e-01,-1.858608e+00,1.169101e-03,1.731108e+02,1.179894e-04,8.892113e+01,9.608036e-01,-1.799933e+02
2.75423,9.934709e-01,-2.037884e+00,1.170269e-03,1.724500e+02,1.293680e-04,8.881646e+01,9.608036e-01,-1.799938e+02
3.01995,9.934486e-01,-2.234443e+00,1.171671e-03,1.717268e+02,1.418430e-04,8.870176e+01,9.608036e-01,-1.799943e+02
3.31131,9.934218e-01,-2.449949e+00,1.173355e-03,1.709358e+02,1.555195e-04,8.857605e+01,9.608036e-01,-1.799948e+02
3.63078,9.933896e-01,-2.686225e+00,1.175376e-03,1.700709e+02,1.705128e-04,8.843827e+01,9.608036e-01,-1.799952e+02
3.98107,9.933509e-01,-2.945268e+00,1.177800e-03,1.691257e+02,1.869492e-04,8.828726e+01,9.608036e-01,-1.799956e+02
4.36516,9.933044e-01,-3.229265e+00,1.180706e-03,1.680935e+02,2.049668e-04,8.812175e+01,9.608036e-01,-1.799960e+02
4.78630,9.932485e-01,-3.540611e+00,1.184190e-03,1.669670e+02,2.247167e-04,8.794034e+01,9.608036e-01,-1.799963e+02
5.24807,9.931814e-01,-3.881930e+00,1.188363e-03,1.657389e+02,2.463641e-04,8.774151e+01,9.608036e-01,-1.799965e+02
5.75440,9.931007e-01,-4.256091e+00,1.193358e-03,1.644014e+02,2.700896e-04,8.752359e+01,9.608036e-01,-1.799968e+02
6.30957,9.930037e-01,-4.666237e+00,1.199331e-03,1.629466e+02,2.960903e-04,8.728476e+01,9.608036e-01,-1.799970e+02
6.91831,9.928872e-01,-5.115802e+00,1.206467e-03,1.613666e+02,3.245814e-04,8.702302e+01,9.608036e-01,-1.799972e+02
7.58578,9.927473e-01,-5.608541e+00,1.214982e-03,1.596537e+02,3.557975e-04,8.673619e+01,9.608036e-01,-1.799974e+02
8.31764,9.925792e-01,-6.148558e+00,1.225129e-03,1.578004e+02,3.899938e-04,8.642191e+01,9.608037e-01,-1.799975e+02
9.12011,9.923774e-01,-6.740330e+00,1.237201e-03,1.558002e+02,4.274480e-04,8.607758e+01,9.608037e-01,-1.799977e+02
10.00000,9.921352e-01,-7.388742e+00,1.251534e-03,1.536471e+02,4.684614e-04,8.570038e+01,9.608037e-01,-1.799978e+02
10.96478,9.918445e-01,-8.099116e+00,1.268517e-03,1.513368e+02,5.133603e-04,8.528725e+01,9.608037e-01,-1.799979e+02
12.02264,9.914958e-01,-8.877240e+00,1.288588e-03,1.488666e+02,5.624970e-04,8.483486e+01,9.608038e-01,-1.799979e+02
13.18257,9.910777e-01,-9.729404e+00,1.312240e-03,1.462357e+02,6.162509e-04,8.433959e+01,9.608038e-01,-1.799980e+02
14.45440,9.905766e-01,-1.066243e+01,1.340022e-03,1.434460e+02,6.750289e-04,8.379756e+01,9.608039e-01,-1.799980e+02
15.84893,9.899765e-01,-1.168369e+01,1.372538e-03,1.405019e+02,7.392653e-04,8.320457e+01,9.608039e-01,-1.799981e+02
17.37801,9.892583e-01,-1.280113e+01,1.410440e-03,1.374106e+02,8.094208e-04,8.255610e+01,9.608040e-01,-1.799981e+02
19.05461,9.883997e-01,-1.402332e+01,1.454426e-03,1.341820e+02,8.859805e-04,8.184735e+01,9.608041e-01,-1.799980e+02
20.89296,9.873742e-01,-1.535941e+01,1.505228e-03,1.308288e+02,9.694505e-04,8.107320e+01,9.608042e-01,-1.799980e+02
22.90868,9.861510e-01,-1.681914e+01,1.563600e-03,1.273652e+02,1.060353e-03,8.022825e+01,9.608043e-01,-1.799980e+02
25.11886,9.846944e-01,-1.841282e+01,1.630301e-03,1.238072e+02,1.159216e-03,7.930686e+01,9.608045e-01,-1.799979e+02
27.54229,9.829630e-01,-2.015130e+01,1.706078e-03,1.201711e+02,1.266568e-03,7.830318e+01,9.608047e-01,-1.799978e+02
30.19952,9.809094e-01,-2.204581e+01,1.791641e-03,1.164731e+02,1.382917e-03,7.721125e+01,9.608049e-01,-1.799977e+02
33.11311,9.784802e-01,-2.410795e+01,1.887644e-03,1.127280e+02,1.508737e-03,7.602510e+01,9.608052e-01,-1.799976e+02
36.30781,9.756155e-01,-2.634938e+01,1.994648e-03,1.089492e+02,1.644441e-03,7.473887e+01,9.608055e-01,-1.799975e+02
39.81072,9.722496e-01,-2.878171e+01,2.113098e-03,1.051476e+02,1.790352e-03,7.334704e+01,9.608058e-01,-1.799974e+02
43.65158,9.683114e-01,-3.141608e+01,2.243283e-03,1.013319e+02,1.946672e-03,7.184462e+01,9.608062e-01,-1.799972e+02
47.86301,9.637269e-01,-3.426286e+01,2.385301e-03,9.750849e+01,2.113436e-03,7.022742e+01,9.608067e-01,-1.799970e+02
52.48075,9.584206e-01,-3.733112e+01,2.539014e-03,9.368186e+01,2.290475e-03,6.849242e+01,9.608073e-01,-1.799968e+02
57.54399,9.523201e-01,-4.062811e+01,2.704012e-03,8.985506e+01,2.477366e-03,6.663810e+01,9.608079e-01,-1.799965e+02
63.09573,9.453600e-01,-4.415859e+01,2.879570e-03,8.603050e+01,2.673392e-03,6.466488e+01,9.608086e-01,-1.799963e+02
69.18310,9.374883e-01,-4.792420e+01,3.064624e-03,8.221070e+01,2.877508e-03,6.257543e+01,9.608094e-01,-1.799960e+02
75.85776,9.286729e-01,-5.192274e+01,3.257747e-03,7.839901e+01,3.088318e-03,6.037514e+01,9.608103e-01,-1.799957e+02
83.17638,9.189086e-01,-5.614748e+01,3.457156e-03,7.460033e+01,3.304078e-03,5.807233e+01,9.608113e-01,-1.799953e+02
91.20108,9.082237e-01,-6.058669e+01,3.660743e-03,7.082160e+01,3.522720e-03,5.567843e+01,9.608123e-01,-1.799950e+02
100.00000,8.966851e-01,-6.522316e+01,3.866136e-03,6.707210e+01,3.741917e-03,5.320799e+01,9.608135e-01,-1.799946e+02
109.64782,8.844007e-01,-7.003417e+01,4.070787e-03,6.336355e+01,3.959167e-03,5.067843e+01,9.608147e-01,-1.799941e+02
120.22644,8.715184e-01,-7.499161e+01,4.272090e-03,5.970979e+01,4.171914e-03,4.810960e+01,9.608160e-01,-1.799937e+02
131.82567,8.582212e-01,-8.006251e+01,4.467516e-03,5.612638e+01,4.377679e-03,4.552311e+01,9.608172e-01,-1.799932e+02
144.54398,8.447172e-01,-8.520996e+01,4.654744e-03,5.262984e+01,4.574196e-03,4.294154e+01,9.608185e-01,-1.799926e+02
158.48932,8.312277e-01,-9.039425e+01,4.831781e-03,4.923688e+01,4.759530e-03,4.038748e+01,9.608198e-01,-1.799920e+02
173.78008,8.179730e-01,-9.557428e+01,4.997051e-03,4.596353e+01,4.932166e-03,3.788262e+01,9.608211e-01,-1.799913e+02
190.54607,8.051582e-01,-1.007091e+02,5.149453e-03,4.282440e+01,5.091067e-03,3.544699e+01,9.608224e-01,-1.799906e+02
208.92961,7.929616e-01,-1.057593e+02,5.288363e-03,3.983199e+01,5.235679e-03,3.309821e+01,9.608236e-01,-1.799898e+02
229.08677,7.815255e-01,-1.106887e+02,5.413618e-03,3.699635e+01,5.365906e-03,3.085114e+01,9.608248e-01,-1.799889e+02
251.18864,7.709523e-01,-1.154650e+02,5.525451e-03,3.432481e+01,5.482051e-03,2.871759e+01,9.608259e-01,-1.799880e+02
275.42287,7.613036e-01,-1.200611e+02,5.624422e-03,3.182196e+01,5.584744e-03,2.670635e+01,9.608270e-01,-1.799869e+02
301.99517,7.526032e-01,-1.244550e+02,5.711335e-03,2.948987e+01,5.674852e-03,2.482338e+01,9.608281e-01,-1.799858e+02
331.13112,7.448424e-01,-1.286306e+02,5.787156e-03,2.732834e+01,5.753407e-03,2.307204e+01,9.608291e-01,-1.799845e+02
363.07805,7.379868e-01,-1.325769e+02,5.852946e-03,2.533522e+01,5.821525e-03,2.145353e+01,9.608302e-01,-1.799831e+02
398.10717,7.319828e-01,-1.362880e+02,5.909797e-03,2.350686e+01,5.880355e-03,1.996723e+01,9.608314e-01,-1.799816e+02
436.51583,7.267645e-01,-1.397624e+02,5.958792e-03,2.183845e+01,5.931026e-03,1.861114e+01,9.608326e-01,-1.799799e+02
478.63009,7.222593e-01,-1.430020e+02,6.000973e-03,2.032440e+01,5.974622e-03,1.738225e+01,9.608339e-01,-1.799780e+02
524.80746,7.183925e-01,-1.460121e+02,6.037317e-03,1.895865e+01,6.012161e-03,1.627684e+01,9.608353e-01,-1.799760e+02
575.43994,7.150905e-01,-1.488001e+02,6.068731e-03,1.773491e+01,6.044582e-03,1.529083e+01,9.608370e-01,-1.799737e+02
630.95734,7.122833e-01,-1.513752e+02,6.096046e-03,1.664694e+01,6.072745e-03,1.441993e+01,9.608388e-01,-1.799713e+02
691.83097,7.099063e-01,-1.537477e+02,6.120021e-03,1.568866e+01,6.097434e-03,1.365989e+01,9.608410e-01,-1.799686e+02
758.57758,7.079009e-01,-1.559287e+02,6.141351e-03,1.485433e+01,6.119366e-03,1.300662e+01,9.608436e-01,-1.799656e+02
831.76377,7.062145e-01,-1.579296e+02,6.160674e-03,1.413860e+01,6.139199e-03,1.245632e+01,9.608466e-01,-1.799623e+02
912.01084,7.048012e-01,-1.597617e+02,6.178586e-03,1.353664e+01,6.157542e-03,1.200552e+01,9.608502e-01,-1.799587e+02
1000.00000,7.036209e-01,-1.614364e+02,6.195649e-03,1.304411e+01,6.174973e-03,1.165116e+01,9.608545e-01,-1.799548e+02
1096.47820,7.026390e-01,-1.629645e+02,6.212409e-03,1.265720e+01,6.192049e-03,1.139059e+01,9.608596e-01,-1.799505e+02
1202.26443,7.018261e-01,-1.643565e+02,6.229407e-03,1.237264e+01,6.209322e-03,1.122162e+01,9.608657e-01,-1.799458e+02
1318.25674,7.011574e-01,-1.656221e+02,6.247193e-03,1.218765e+01,6.227351e-03,1.114241e+01,9.608730e-01,-1.799406e+02
1445.43977,7.006119e-01,-1.667706e+02,6.266347e-03,1.209990e+01,6.246721e-03,1.115154e+01,9.608818e-01,-1.799349e+02
1584.89319,7.001726e-01,-1.678105e+02,6.287486e-03,1.210744e+01,6.268060e-03,1.124785e+01,9.608923e-01,-1.799287e+02
1737.80083,6.998253e-01,-1.687500e+02,6.311289e-03,1.220861e+01,6.292052e-03,1.143043e+01,9.609049e-01,-1.799219e+02
1905.46072,6.995590e-01,-1.695962e+02,6.338509e-03,1.240193e+01,6.319455e-03,1.169845e+01,9.609201e-01,-1.799145e+02
2089.29613,6.993649e-01,-1.703558e+02,6.369997e-03,1.268592e+01,6.351127e-03,1.205105e+01,9.609382e-01,-1.799063e+02
2290.86765,6.992368e-01,-1.710350e+02,6.406717e-03,1.305892e+01,6.388036e-03,1.248711e+01,9.609600e-01,-1.798974e+02
2511.88643,6.991704e-01,-1.716393e+02,6.449767e-03,1.351889e+01,6.431286e-03,1.300508e+01,9.609862e-01,-1.798876e+02
2754.22870,6.991635e-01,-1.721737e+02,6.500401e-03,1.406307e+01,6.482136e-03,1.360264e+01,9.610175e-01,-1.798770e+02
3019.95172,6.992158e-01,-1.726425e+02,6.560045e-03,1.468772e+01,6.542018e-03,1.427643e+01,9.610550e-01,-1.798654e+02
3311.31121,6.993290e-01,-1.730498e+02,6.630317e-03,1.538769e+01,6.612554e-03,1.502164e+01,9.611000e-01,-1.798527e+02
3630.78055,6.995066e-01,-1.733990e+02,6.713036e-03,1.615604e+01,6.695567e-03,1.583164e+01,9.611538e-01,-1.798389e+02
3981.07171,6.997542e-01,-1.736934e+02,6.810227e-03,1.698362e+01,6.793090e-03,1.669751e+01,9.612182e-01,-1.798239e+02
4365.15832,7.000798e-01,-1.739355e+02,6.924123e-03,1.785863e+01,6.907357e-03,1.760766e+01,9.612950e-01,-1.798076e+02
4786.30092,7.004933e-01,-1.741277e+02,7.057141e-03,1.876623e+01,7.040791e-03,1.854742e+01,9.613867e-01,-1.797899e+02
5248.07460,7.010076e-01,-1.742721e+02,7.211854e-03,1.968830e+01,7.195966e-03,1.949882e+01,9.614958e-01,-1.797708e+02
5754.39937,7.016382e-01,-1.743705e+02,7.390936e-03,2.060326e+01,7.375558e-03,2.044038e+01,9.616256e-01,-1.797502e+02
6309.57344,7.024040e-01,-1.744244e+02,7.597083e-03,2.148616e+01,7.582264e-03,2.134725e+01,9.617795e-01,-1.797280e+02
6918.30971,7.033271e-01,-1.744352e+02,7.832915e-03,2.230894e+01,7.818703e-03,2.219149e+01,9.619616e-01,-1.797043e+02
7585.77575,7.044337e-01,-1.744043e+02,8.100842e-03,2.304106e+01,8.087282e-03,2.294265e+01,9.621763e-01,-1.796791e+02
8317.63771,7.057539e-01,-1.743328e+02,8.402909e-03,2.365027e+01,8.390039e-03,2.356856e+01,9.624287e-01,-1.796524e+02
9120.10839,7.073222e-01,-1.742222e+02,8.740611e-03,2.410361e+01,8.728465e-03,2.403642e+01,9.627241e-01,-1.796243e+02
10000.00000,7.091778e-01,-1.740740e+02,9.114691e-03,2.436863e+01,9.103296e-03,2.431392e+01,9.630680e-01,-1.795949e+02
