! ! 
! S ! 
! ! 
! # MHz  S  MA  R  50.00000
! ! ===================================================================
1.00000,9.927815e-01,-7.533874e-01,2.352261e-03,1.784179e+02,4.699551e-05,8.956982e+01,9.608036e-01,-1.799834e+02
1.09648,9.927784e-01,-8.260701e-01,2.352343e-03,1.782637e+02,5.152924e-05,8.952678e+01,9.608036e-01,-1.799848e+02
1.20226,9.927748e-01,-9.057643e-01,2.352442e-03,1.780948e+02,5.650027e-05,8.947973e+01,9.608036e-01,-1.799861e+02
1.31826,9.927704e-01,-9.931462e-01,2.352560e-03,1.779098e+02,6.195078e-05,8.942826e+01,9.608036e-01,-1.799874e+02
1.44544,9.927651e-01,-1.088957e+00,2.352703e-03,1.777070e+02,6.792696e-05,8.937193e+01,9.608036e-01,-1.799885e+02
1.58489,9.927588e-01,-1.194010e+00,2.352874e-03,1.774848e+02,7.447949e-05,8.931028e+01,9.608036e-01,-1.799895e+02
1.73780,9.927511e-01,-1.309195e+00,2.353080e-03,1.772413e+02,8.166390e-05,8.924278e+01,9.608036e-01,-1.799904e+02
1.90546,9.927420e-01,-1.435490e+00,2.353327e-03,1.769745e+02,8.954106e-05,8.916885e+01,9.608036e-01,-1.799912e+02
2.08930,9.927309e-01,-1.573965e+00,2.353624e-03,1.766820e+02,9.817766e-05,8.908787e+01,9.608036e-01,-1.799919e+02
2.29087,9.927177e-01,-1.725794e+00,2.353982e-03,1.763615e+02,1.076468e-04,8.899915e+01,9.608036e-01,-1.799926e+02
2.51189,9.927017e-01,-1.892264e+00,2.354411e-03,1.760102e+02,1.180287e-04,8.890194e+01,9.608036e-01,-1.799933e+02
2.75423,9.926826e-01,-2.074785e+00,2.354927e-03,1.756252e+02,1.294109e-04,8.879542e+01,9.608036e-01,-1.799938e+02
3.01995,9.926595e-01,-2.274901e+00,2.355548e-03,1.752033e+02,1.418898e-04,8.867869e+01,9.608036e-01,-1.799943e+02
3.31131,9.926319e-01,-2.494307e+00,2.356293e-03,1.747410e+02,1.555705e-04,8.855076e+01,9.608036e-01,-1.799948e+02
3.63078,9.925986e-01,-2.734858e+00,2.357189e-03,1.742345e+02,1.705683e-04,8.841055e+01,9.608036e-01,-1.799952e+02
3.98107,9.925586e-01,-2.998586e+00,2.358265e-03,1.736795e+02,1.870096e-04,8.825687e+01,9.608036e-01,-1.799956e+02
4.36516,9.925105e-01,-3.287718e+00,2.359558e-03,1.730716e+02,2.050323e-04,8.808843e+01,9.608036e-01,-1.799959e+02
4.78630,9.924527e-01,-3.604693e+00,2.361110e-03,1.724059e+02,2.247876e-04,8.790382e+01,9.608036e-01,-1.799963e+02
5.24807,9.923833e-01,-3.952179e+00,2.362975e-03,1.716768e+02,2.464407e-04,8.770148e+01,9.608036e-01,-1.799965e+02
5.75440,9.922998e-01,-4.333098e+00,2.365213e-03,1.708787e+02,2.701720e-04,8.747971e+01,9.608036e-01,-1.799968e+02
6.30957,9.921996e-01,-4.750647e+00,2.367899e-03,1.700052e+02,2.961786e-04,8.723666e+01,9.608037e-01,-1.799970e+02
6.91831,9.920792e-01,-5.208321e+00,2.371121e-03,1.690497e+02,3.246755e-04,8.697030e+01,9.608037e-01,-1.799972e+02
7.58578,9.919345e-01,-5.709941e+00,2.374986e-03,1.680047e+02,3.558970e-04,8.667843e+01,9.608037e-01,-1.799974e+02
8.31764,9.917608e-01,-6.259681e+00,2.379618e-03,1.668627e+02,3.900982e-04,8.635861e+01,9.608037e-01,-1.799975e+02
9.12011,9.915522e-01,-6.862096e+00,2.385166e-03,1.656153e+02,4.275563e-04,8.600823e+01,9.608037e-01,-1.799976e+02
10.00000,9.913018e-01,-7.522153e+00,2.391807e-03,1.642538e+02,4.685720e-04,8.562442e+01,9.608038e-01,-1.799978e+02
10.96478,9.910014e-01,-8.245262e+00,2.399750e-03,1.627691e+02,5.134708e-04,8.520406e+01,9.608038e-01,-1.799978e+02
12.02264,9.906410e-01,-9.037307e+00,2.409240e-03,1.611517e+02,5.626041e-04,8.474377e+01,9.608038e-01,-1.799979e+02
13.18257,9.902089e-01,-9.904680e+00,2.420564e-03,1.593920e+02,6.163499e-04,8.423989e+01,9.608039e-01,-1.799980e+02
14.45440,9.896912e-01,-1.085431e+01,2.434057e-03,1.574802e+02,6.751133e-04,8.368847e+01,9.608040e-01,-1.799980e+02
15.84893,9.890712e-01,-1.189367e+01,2.450108e-03,1.554068e+02,7.393262e-04,8.308524e+01,9.608040e-01,-1.799980e+02
17.37801,9.883294e-01,-1.303085e+01,2.469164e-03,1.531623e+02,8.094462e-04,8.242566e+01,9.608041e-01,-1.799980e+02
19.05461,9.874427e-01,-1.427450e+01,2.491733e-03,1.507382e+02,8.859542e-04,8.170483e+01,9.608042e-01,-1.799980e+02
20.89296,9.863839e-01,-1.563391e+01,2.518389e-03,1.481271e+02,9.693512e-04,8.091760e+01,9.608044e-01,-1.799980e+02
22.90868,9.851214e-01,-1.711893e+01,2.549774e-03,1.453228e+02,1.060152e-03,8.005851e+01,9.608045e-01,-1.799979e+02
25.11886,9.836184e-01,-1.873998e+01,2.586589e-03,1.423212e+02,1.158878e-03,7.912188e+01,9.608047e-01,-1.799979e+02
27.54229,9.818325e-01,-2.050798e+01,2.629591e-03,1.391202e+02,1.266043e-03,7.810183e+01,9.608049e-01,-1.799978e+02
30.19952,9.797154e-01,-2.243428e+01,2.679577e-03,1.357209e+02,1.382144e-03,7.699239e+01,9.608052e-01,-1.799977e+02
33.11311,9.772125e-01,-2.453046e+01,2.737363e-03,1.321270e+02,1.507637e-03,7.578760e+01,9.608054e-01,-1.799976e+02
36.30781,9.742627e-01,-2.680824e+01,2.803752e-03,1.283457e+02,1.642911e-03,7.448167e+01,9.608058e-01,-1.799974e+02
39.81072,9.707995e-01,-2.927913e+01,2.879500e-03,1.243875e+02,1.788267e-03,7.306913e+01,9.608062e-01,-1.799973e+02
43.65158,9.667512e-01,-3.195417e+01,2.965264e-03,1.202662e+02,1.943872e-03,7.154514e+01,9.608067e-01,-1.799971e+02
47.86301,9.620434e-01,-3.484353e+01,3.061553e-03,1.159983e+02,2.109728e-03,6.990571e+01,9.608072e-01,-1.799969e+02
52.48075,9.566012e-01,-3.795596e+01,3.168664e-03,1.116029e+02,2.285622e-03,6.814808e+01,9.608079e-01,-1.799967e+02
57.54399,9.503531e-01,-4.129828e+01,3.286628e-03,1.071011e+02,2.471087e-03,6.627107e+01,9.608086e-01,-1.799964e+02
63.09573,9.432360e-01,-4.487471e+01,3.415150e-03,1.025155e+02,2.665359e-03,6.427550e+01,9.608094e-01,-1.799962e+02
69.18310,9.352015e-01,-4.868619e+01,3.553572e-03,9.786949e+01,2.867345e-03,6.216455e+01,9.608104e-01,-1.799959e+02
75.85776,9.262220e-01,-5.272968e+01,3.700841e-03,9.318721e+01,3.075608e-03,5.994415e+01,9.608114e-01,-1.799956e+02
83.17638,9.162983e-01,-5.699755e+01,3.855511e-03,8.849299e+01,3.288367e-03,5.762320e+01,9.608125e-01,-1.799952e+02
91.20108,9.054657e-01,-6.147699e+01,4.015776e-03,8.381131e+01,3.503539e-03,5.521376e+01,9.608137e-01,-1.799949e+02
100.00000,8.937990e-01,-6.614974e+01,4.179523e-03,7.916663e+01,3.718793e-03,5.273095e+01,9.608150e-01,-1.799945e+02
109.64782,8.814136e-01,-7.099199e+01,4.344435e-03,7.458318e+01,3.931651e-03,5.019269e+01,9.608164e-01,-1.799940e+02
120.22644,8.684646e-01,-7.597461e+01,4.508105e-03,7.008474e+01,4.139607e-03,4.761925e+01,9.608178e-01,-1.799935e+02
131.82567,8.551400e-01,-8.106381e+01,4.668166e-03,6.569428e+01,4.340253e-03,4.503249e+01,9.608193e-01,-1.799930e+02
144.54398,8.416512e-01,-8.622201e+01,4.822429e-03,6.143349e+01,4.531416e-03,4.245506e+01,9.608207e-01,-1.799925e+02
158.48932,8.282201e-01,-9.140909e+01,4.968993e-03,5.732222e+01,4.711268e-03,3.990946e+01,9.608222e-01,-1.799919e+02
173.78008,8.150644e-01,-9.658385e+01,5.106338e-03,5.337804e+01,4.878409e-03,3.741713e+01,9.608236e-01,-1.799912e+02
190.54607,8.023846e-01,-1.017055e+02,5.233367e-03,4.961572e+01,5.031909e-03,3.499767e+01,9.608250e-01,-1.799905e+02
208.92961,7.903521e-01,-1.067353e+02,5.349424e-03,4.604691e+01,5.171315e-03,3.266823e+01,9.608263e-01,-1.799897e+02
229.08677,7.791015e-01,-1.116375e+02,5.454266e-03,4.268004e+01,5.296612e-03,3.044308e+01,9.608276e-01,-1.799888e+02
251.18864,7.687269e-01,-1.163808e+02,5.548016e-03,3.952031e+01,5.408167e-03,2.833346e+01,9.608288e-01,-1.799879e+02
275.42287,7.592822e-01,-1.209392e+02,5.631088e-03,3.656988e+01,5.506649e-03,2.634762e+01,9.608300e-01,-1.799868e+02
301.99517,7.507844e-01,-1.252919e+02,5.704121e-03,3.382818e+01,5.592949e-03,2.449098e+01,9.608312e-01,-1.799856e+02
331.13112,7.432192e-01,-1.294237e+02,5.767904e-03,3.129234e+01,5.668100e-03,2.276649e+01,9.608323e-01,-1.799844e+02
363.07805,7.365482e-01,-1.333246e+02,5.823315e-03,2.895759e+01,5.733211e-03,2.117495e+01,9.608334e-01,-1.799830e+02
398.10717,7.307149e-01,-1.369897e+02,5.871267e-03,2.681775e+01,5.789409e-03,1.971549e+01,9.608346e-01,-1.799814e+02
436.51583,7.256519e-01,-1.404181e+02,5.912667e-03,2.486558e+01,5.837799e-03,1.838589e+01,9.608359e-01,-1.799797e+02
478.63009,7.212860e-01,-1.436127e+02,5.948395e-03,2.309324e+01,5.879436e-03,1.718299e+01,9.608372e-01,-1.799779e+02
524.80746,7.175425e-01,-1.465790e+02,5.979278e-03,2.149255e+01,5.915303e-03,1.610301e+01,9.608387e-01,-1.799758e+02
575.43994,7.143487e-01,-1.493249e+02,6.006089e-03,2.005532e+01,5.946311e-03,1.514180e+01,9.608404e-01,-1.799736e+02
630.95734,7.116357e-01,-1.518599e+02,6.029538e-03,1.877349e+01,5.973290e-03,1.429512e+01,9.608423e-01,-1.799711e+02
691.83097,7.093400e-01,-1.541944e+02,6.050279e-03,1.763936e+01,5.996999e-03,1.355874e+01,9.608445e-01,-1.799684e+02
758.57758,7.074043e-01,-1.563397e+02,6.068916e-03,1.664570e+01,6.018129e-03,1.292865e+01,9.608471e-01,-1.799654e+02
831.76377,7.057776e-01,-1.583072e+02,6.086008e-03,1.578582e+01,6.037317e-03,1.240113e+01,9.608502e-01,-1.799621e+02
912.01084,7.044150e-01,-1.601081e+02,6.102084e-03,1.505363e+01,6.055159e-03,1.197282e+01,9.608538e-01,-1.799585e+02
1000.00000,7.032776e-01,-1.617539e+02,6.117651e-03,1.444366e+01,6.072216e-03,1.164076e+01,9.608581e-01,-1.799546e+02
1096.47820,7.023321e-01,-1.632552e+02,6.133208e-03,1.395111e+01,6.089035e-03,1.140244e+01,9.608633e-01,-1.799503e+02
1202.26443,7.015498e-01,-1.646223e+02,6.149257e-03,1.357176e+01,6.106160e-03,1.125574e+01,9.608695e-01,-1.799455e+02
1318.25674,7.009069e-01,-1.658651e+02,6.166319e-03,1.330199e+01,6.124146e-03,1.119898e+01,9.608768e-01,-1.799403e+02
1445.43977,7.003832e-01,-1.669925e+02,6.184949e-03,1.313869e+01,6.143579e-03,1.123081e+01,9.608857e-01,-1.799346e+02
1584.89319,6.999621e-01,-1.680131e+02,6.205747e-03,1.307921e+01,6.165084e-03,1.135019e+01,9.608963e-01,-1.799284e+02
1737.80083,6.996302e-01,-1.689348e+02,6.229379e-03,1.312122e+01,6.189351e-03,1.155626e+01,9.609090e-01,-1.799216e+02
1905.46072,6.993769e-01,-1.697646e+02,6.256591e-03,1.326263e+01,6.217147e-03,1.184826e+01,9.609243e-01,-1.799141e+02
2089.29613,6.991938e-01,-1.705093e+02,6.288230e-03,1.350138e+01,6.249336e-03,1.222534e+01,9.609426e-01,-1.799059e+02
2290.86765,6.990750e-01,-1.711748e+02,6.325262e-03,1.383525e+01,6.286900e-03,1.268639e+01,9.609646e-01,-1.798969e+02
2511.88643,6.990165e-01,-1.717664e+02,6.368789e-03,1.426164e+01,6.330959e-03,1.322977e+01,9.609910e-01,-1.798872e+02
2754.22870,6.990165e-01,-1.722892e+02,6.420072e-03,1.477725e+01,6.382789e-03,1.385306e+01,9.610226e-01,-1.798765e+02
3019.95172,6.990749e-01,-1.727474e+02,6.480550e-03,1.537775e+01,6.443839e-03,1.455271e+01,9.610605e-01,-1.798648e+02
3311.31121,6.991934e-01,-1.731450e+02,6.551851e-03,1.605739e+01,6.515754e-03,1.532365e+01,9.611058e-01,-1.798521e+02
3630.78055,6.993759e-01,-1.734853e+02,6.635809e-03,1.680863e+01,6.600377e-03,1.615889e+01,9.611601e-01,-1.798382e+02
3981.07171,6.996281e-01,-1.737714e+02,6.734462e-03,1.762163e+01,6.699761e-03,1.704911e+01,9.612250e-01,-1.798231e+02
4365.15832,6.999579e-01,-1.740059e+02,6.850056e-03,1.848388e+01,6.816159e-03,1.798221e+01,9.613025e-01,-1.798068e+02
4786.30092,7.003757e-01,-1.741912e+02,6.985017e-03,1.937982e+01,6.952007e-03,1.894294e+01,9.613949e-01,-1.797890e+02
5248.07460,7.008943e-01,-1.743292e+02,7.141923e-03,2.029057e+01,7.109890e-03,1.991272e+01,9.615050e-01,-1.797698e+02
5754.39937,7.015295e-01,-1.744217e+02,7.323446e-03,2.119382e+01,7.292482e-03,2.086947e+01,9.616358e-01,-1.797492e+02
6309.57344,7.023001e-01,-1.744701e+02,7.532274e-03,2.206392e+01,7.502473e-03,2.178773e+01,9.617910e-01,-1.797270e+02
6918.30971,7.032285e-01,-1.744759e+02,7.771007e-03,2.287223e+01,7.742460e-03,2.263907e+01,9.619745e-01,-1.797032e+02
7585.77575,7.043409e-01,-1.744403e+02,8.042023e-03,2.358770e+01,8.014815e-03,2.339264e+01,9.621910e-01,-1.796779e+02
8317.63771,7.056675e-01,-1.743646e+02,8.347325e-03,2.417774e+01,8.321532e-03,2.401608e+01,9.624453e-01,-1.796511e+02
9120.10839,7.072431e-01,-1.742501e+02,8.688357e-03,2.460926e+01,8.664041e-03,2.447655e+01,9.627428e-01,-1.796229e+02
10000.00000,7.091068e-01,-1.740982e+02,9.065796e-03,2.484980e+01,9.043005e-03,2.474192e+01,9.630892e-01,-1.795935e+02
