! ! 
! S ! 
! ! 
! # MHz  S  MA  R  50.00000
! ! ===================================================================
1.00000,9.927617e-01,-7.537110e-01,2.385024e-03,1.784334e+02,4.699470e-05,8.956963e+01,9.608036e-01,-1.799834e+02
1.09648,9.927587e-01,-8.264250e-01,2.385104e-03,1.782808e+02,5.152836e-05,8.952658e+01,9.608036e-01,-1.799848e+02
1.20226,9.927550e-01,-9.061534e-01,2.385201e-03,1.781135e+02,5.649931e-05,8.947950e+01,9.608036e-01,-1.799861e+02
1.31826,9.927506e-01,-9.935728e-01,2.385317e-03,1.779303e+02,6.194972e-05,8.942801e+01,9.608036e-01,-1.799874e+02
1.44544,9.927454e-01,-1.089425e+00,2.385457e-03,1.777295e+02,6.792580e-05,8.937167e+01,9.608036e-01,-1.799885e+02
1.58489,9.927390e-01,-1.194523e+00,2.385625e-03,1.775095e+02,7.447822e-05,8.930999e+01,9.608036e-01,-1.799895e+02
1.73780,9.927314e-01,-1.309757e+00,2.385827e-03,1.772683e+02,8.166250e-05,8.924246e+01,9.608036e-01,-1.799904e+02
1.90546,9.927222e-01,-1.436107e+00,2.386069e-03,1.770041e+02,8.953952e-05,8.916850e+01,9.608036e-01,-1.799912e+02
2.08930,9.927112e-01,-1.574641e+00,2.386361e-03,1.767145e+02,9.817598e-05,8.908748e+01,9.608036e-01,-1.799919e+02
2.29087,9.926979e-01,-1.726536e+00,2.386712e-03,1.763970e+02,1.076450e-04,8.899873e+01,9.608036e-01,-1.799926e+02
2.51189,9.926819e-01,-1.893077e+00,2.387134e-03,1.760492e+02,1.180266e-04,8.890148e+01,9.608036e-01,-1.799933e+02
2.75423,9.926628e-01,-2.075676e+00,2.387640e-03,1.756679e+02,1.294087e-04,8.879492e+01,9.608036e-01,-1.799938e+02
3.01995,9.926397e-01,-2.275878e+00,2.388249e-03,1.752502e+02,1.418873e-04,8.867814e+01,9.608036e-01,-1.799943e+02
3.31131,9.926120e-01,-2.495378e+00,2.388981e-03,1.747923e+02,1.555678e-04,8.855015e+01,9.608036e-01,-1.799948e+02
3.63078,9.925787e-01,-2.736032e+00,2.389860e-03,1.742907e+02,1.705654e-04,8.840988e+01,9.608036e-01,-1.799952e+02
3.98107,9.925387e-01,-2.999874e+00,2.390916e-03,1.737411e+02,1.870063e-04,8.825614e+01,9.608036e-01,-1.799956e+02
4.36516,9.924905e-01,-3.289130e+00,2.392185e-03,1.731391e+02,2.050287e-04,8.808763e+01,9.608036e-01,-1.799959e+02
4.78630,9.924327e-01,-3.606240e+00,2.393709e-03,1.724797e+02,2.247837e-04,8.790294e+01,9.608036e-01,-1.799963e+02
5.24807,9.923632e-01,-3.953875e+00,2.395539e-03,1.717576e+02,2.464363e-04,8.770051e+01,9.608036e-01,-1.799965e+02
5.75440,9.922797e-01,-4.334957e+00,2.397736e-03,1.709671e+02,2.701671e-04,8.747865e+01,9.608036e-01,-1.799968e+02
6.30957,9.921794e-01,-4.752685e+00,2.400373e-03,1.701019e+02,2.961732e-04,8.723550e+01,9.608037e-01,-1.799970e+02
6.91831,9.920589e-01,-5.210555e+00,2.403537e-03,1.691553e+02,3.246696e-04,8.696903e+01,9.608037e-01,-1.799972e+02
7.58578,9.919141e-01,-5.712390e+00,2.407331e-03,1.681201e+02,3.558904e-04,8.667703e+01,9.608037e-01,-1.799974e+02
8.31764,9.917402e-01,-6.262365e+00,2.411878e-03,1.669886e+02,3.900909e-04,8.635709e+01,9.608037e-01,-1.799975e+02
9.12011,9.915315e-01,-6.865037e+00,2.417326e-03,1.657526e+02,4.275481e-04,8.600656e+01,9.608037e-01,-1.799976e+02
10.00000,9.912809e-01,-7.525375e+00,2.423847e-03,1.644034e+02,4.685629e-04,8.562259e+01,9.608038e-01,-1.799978e+02
10.96478,9.909802e-01,-8.248791e+00,2.431648e-03,1.629318e+02,5.134605e-04,8.520205e+01,9.608038e-01,-1.799978e+02
12.02264,9.906196e-01,-9.041172e+00,2.440968e-03,1.613285e+02,5.625925e-04,8.474157e+01,9.608038e-01,-1.799979e+02
13.18257,9.901872e-01,-9.908912e+00,2.452091e-03,1.595838e+02,6.163367e-04,8.423749e+01,9.608039e-01,-1.799980e+02
14.45440,9.896690e-01,-1.085894e+01,2.465348e-03,1.576878e+02,6.750983e-04,8.368584e+01,9.608040e-01,-1.799980e+02
15.84893,9.890486e-01,-1.189874e+01,2.481119e-03,1.556308e+02,7.393090e-04,8.308237e+01,9.608040e-01,-1.799980e+02
17.37801,9.883062e-01,-1.303639e+01,2.499847e-03,1.534034e+02,8.094263e-04,8.242251e+01,9.608041e-01,-1.799980e+02
19.05461,9.874188e-01,-1.428057e+01,2.522033e-03,1.509970e+02,8.859312e-04,8.170140e+01,9.608042e-01,-1.799980e+02
20.89296,9.863592e-01,-1.564053e+01,2.548245e-03,1.484036e+02,9.693243e-04,8.091385e+01,9.608044e-01,-1.799980e+02
22.90868,9.850957e-01,-1.712616e+01,2.579116e-03,1.456171e+02,1.060120e-03,8.005442e+01,9.608045e-01,-1.799979e+02
25.11886,9.835916e-01,-1.874787e+01,2.615341e-03,1.426328e+02,1.158840e-03,7.911742e+01,9.608047e-01,-1.799979e+02
27.54229,9.818044e-01,-2.051659e+01,2.657671e-03,1.394484e+02,1.265999e-03,7.809698e+01,9.608049e-01,-1.799978e+02
30.19952,9.796858e-01,-2.244365e+01,2.706897e-03,1.360644e+02,1.382091e-03,7.698712e+01,9.608052e-01,-1.799977e+02
33.11311,9.771811e-01,-2.454066e+01,2.763832e-03,1.324841e+02,1.507572e-03,7.578188e+01,9.608055e-01,-1.799976e+02
36.30781,9.742293e-01,-2.681931e+01,2.829278e-03,1.287143e+02,1.642833e-03,7.447547e+01,9.608058e-01,-1.799974e+02
39.81072,9.707637e-01,-2.929112e+01,2.903991e-03,1.247650e+02,1.788171e-03,7.306244e+01,9.608062e-01,-1.799973e+02
43.65158,9.667128e-01,-3.196715e+01,2.988634e-03,1.206496e+02,1.943755e-03,7.153793e+01,9.608067e-01,-1.799971e+02
47.86301,9.620020e-01,-3.485753e+01,3.083720e-03,1.163844e+02,2.109584e-03,6.989797e+01,9.608073e-01,-1.799969e+02
52.48075,9.565565e-01,-3.797102e+01,3.189558e-03,1.119884e+02,2.285446e-03,6.813979e+01,9.608079e-01,-1.799967e+02
57.54399,9.503048e-01,-4.131442e+01,3.306189e-03,1.074828e+02,2.470872e-03,6.626225e+01,9.608086e-01,-1.799964e+02
63.09573,9.431841e-01,-4.489195e+01,3.433335e-03,1.028901e+02,2.665097e-03,6.426614e+01,9.608095e-01,-1.799962e+02
69.18310,9.351456e-01,-4.870453e+01,3.570350e-03,9.823415e+01,2.867027e-03,6.215468e+01,9.608104e-01,-1.799959e+02
75.85776,9.261622e-01,-5.274910e+01,3.716201e-03,9.353940e+01,3.075222e-03,5.993380e+01,9.608114e-01,-1.799956e+02
83.17638,9.162348e-01,-5.701799e+01,3.869457e-03,8.883063e+01,3.287905e-03,5.761243e+01,9.608125e-01,-1.799952e+02
91.20108,9.053988e-01,-6.149839e+01,4.028327e-03,8.413281e+01,3.502987e-03,5.520262e+01,9.608138e-01,-1.799949e+02
100.00000,8.937290e-01,-6.617199e+01,4.190714e-03,7.947087e+01,3.718141e-03,5.271952e+01,9.608151e-01,-1.799944e+02
109.64782,8.813414e-01,-7.101497e+01,4.354314e-03,7.486948e+01,3.930890e-03,5.018107e+01,9.608164e-01,-1.799940e+02
120.22644,8.683909e-01,-7.599819e+01,4.516731e-03,7.035284e+01,4.138725e-03,4.760753e+01,9.608179e-01,-1.799935e+02
131.82567,8.550658e-01,-8.108781e+01,4.675609e-03,6.594426e+01,4.339245e-03,4.502077e+01,9.608193e-01,-1.799930e+02
144.54398,8.415775e-01,-8.624624e+01,4.828765e-03,6.166571e+01,4.530276e-03,4.244345e+01,9.608208e-01,-1.799925e+02
158.48932,8.281479e-01,-9.143337e+01,4.974306e-03,5.753727e+01,4.709993e-03,3.989806e+01,9.608222e-01,-1.799919e+02
173.78008,8.149947e-01,-9.660799e+01,5.110711e-03,5.357666e+01,4.876999e-03,3.740604e+01,9.608237e-01,-1.799912e+02
190.54607,8.023183e-01,-1.017293e+02,5.236889e-03,4.979876e+01,5.030368e-03,3.498698e+01,9.608250e-01,-1.799905e+02
208.92961,7.902898e-01,-1.067586e+02,5.352180e-03,4.621529e+01,5.169648e-03,3.265801e+01,9.608264e-01,-1.799897e+02
229.08677,7.790436e-01,-1.116601e+02,5.456340e-03,4.283472e+01,5.294826e-03,3.043339e+01,9.608277e-01,-1.799888e+02
251.18864,7.686738e-01,-1.164027e+02,5.549487e-03,3.966224e+01,5.406270e-03,2.832435e+01,9.608289e-01,-1.799879e+02
275.42287,7.592340e-01,-1.209602e+02,5.632030e-03,3.669999e+01,5.504651e-03,2.633912e+01,9.608301e-01,-1.799868e+02
301.99517,7.507411e-01,-1.253118e+02,5.704602e-03,3.394738e+01,5.590859e-03,2.448312e+01,9.608312e-01,-1.799856e+02
331.13112,7.431806e-01,-1.294425e+02,5.767987e-03,3.140149e+01,5.665928e-03,2.275927e+01,9.608324e-01,-1.799844e+02
363.07805,7.365139e-01,-1.333424e+02,5.823055e-03,2.905752e+01,5.730967e-03,2.116838e+01,9.608335e-01,-1.799830e+02
398.10717,7.306847e-01,-1.370064e+02,5.870713e-03,2.690920e+01,5.787102e-03,1.970956e+01,9.608347e-01,-1.799814e+02
436.51583,7.256254e-01,-1.404337e+02,5.911863e-03,2.494929e+01,5.835438e-03,1.838060e+01,9.608360e-01,-1.799797e+02
478.63009,7.212628e-01,-1.436272e+02,5.947378e-03,2.316986e+01,5.877028e-03,1.717832e+01,9.608373e-01,-1.799779e+02
524.80746,7.175223e-01,-1.465925e+02,5.978082e-03,2.156272e+01,5.912856e-03,1.609895e+01,9.608388e-01,-1.799758e+02
575.43994,7.143310e-01,-1.493374e+02,6.004741e-03,2.011959e+01,5.943830e-03,1.513834e+01,9.608405e-01,-1.799736e+02
630.95734,7.116202e-01,-1.518714e+02,6.028063e-03,1.883239e+01,5.970781e-03,1.429223e+01,9.608424e-01,-1.799711e+02
691.83097,7.093265e-01,-1.542051e+02,6.048698e-03,1.769338e+01,5.994466e-03,1.355642e+01,9.608446e-01,-1.799684e+02
758.57758,7.073924e-01,-1.563495e+02,6.067245e-03,1.669528e+01,6.015576e-03,1.292689e+01,9.608472e-01,-1.799654e+02
831.76377,7.057671e-01,-1.583161e+02,6.084264e-03,1.583138e+01,6.034750e-03,1.239992e+01,9.608503e-01,-1.799621e+02
912.01084,7.044057e-01,-1.601164e+02,6.100279e-03,1.509554e+01,6.052579e-03,1.197215e+01,9.608539e-01,-1.799585e+02
1000.00000,7.032693e-01,-1.617614e+02,6.115796e-03,1.448228e+01,6.069627e-03,1.164064e+01,9.608582e-01,-1.799546e+02
1096.47820,7.023246e-01,-1.632621e+02,6.131311e-03,1.398676e+01,6.086440e-03,1.140285e+01,9.608634e-01,-1.799503e+02
1202.26443,7.015431e-01,-1.646287e+02,6.147327e-03,1.360474e+01,6.103561e-03,1.125670e+01,9.608696e-01,-1.799455e+02
1318.25674,7.009008e-01,-1.658708e+02,6.164364e-03,1.333256e+01,6.121547e-03,1.120048e+01,9.608769e-01,-1.799403e+02
1445.43977,7.003776e-01,-1.669978e+02,6.182974e-03,1.316711e+01,6.140981e-03,1.123286e+01,9.608858e-01,-1.799346e+02
1584.89319,6.999569e-01,-1.680179e+02,6.203758e-03,1.310571e+01,6.162490e-03,1.135280e+01,9.608964e-01,-1.799284e+02
1737.80083,6.996254e-01,-1.689392e+02,6.227380e-03,1.314603e+01,6.186763e-03,1.155945e+01,9.609092e-01,-1.799216e+02
1905.46072,6.993724e-01,-1.697686e+02,6.254587e-03,1.328594e+01,6.214568e-03,1.185203e+01,9.609244e-01,-1.799141e+02
2089.29613,6.991895e-01,-1.705130e+02,6.286226e-03,1.352336e+01,6.246769e-03,1.222971e+01,9.609428e-01,-1.799059e+02
2290.86765,6.990709e-01,-1.711781e+02,6.323261e-03,1.385608e+01,6.284349e-03,1.269137e+01,9.609647e-01,-1.798969e+02
2511.88643,6.990127e-01,-1.717695e+02,6.366796e-03,1.428147e+01,6.328426e-03,1.323538e+01,9.609911e-01,-1.798871e+02
2754.22870,6.990128e-01,-1.722920e+02,6.418091e-03,1.479622e+01,6.380278e-03,1.385930e+01,9.610227e-01,-1.798764e+02
3019.95172,6.990713e-01,-1.727499e+02,6.478586e-03,1.539597e+01,6.441356e-03,1.455958e+01,9.610606e-01,-1.798648e+02
3311.31121,6.991899e-01,-1.731472e+02,6.549908e-03,1.607498e+01,6.513302e-03,1.533115e+01,9.611060e-01,-1.798520e+02
3630.78055,6.993725e-01,-1.734873e+02,6.633892e-03,1.682568e+01,6.597963e-03,1.616703e+01,9.611603e-01,-1.798382e+02
3981.07171,6.996248e-01,-1.737733e+02,6.732576e-03,1.763820e+01,6.697390e-03,1.705785e+01,9.612252e-01,-1.798231e+02
4365.15832,6.999547e-01,-1.740076e+02,6.848206e-03,1.850004e+01,6.813837e-03,1.799151e+01,9.613027e-01,-1.798067e+02
4786.30092,7.003726e-01,-1.741928e+02,6.983209e-03,1.939560e+01,6.949741e-03,1.895277e+01,9.613951e-01,-1.797890e+02
5248.07460,7.008913e-01,-1.743306e+02,7.140163e-03,2.030599e+01,7.107685e-03,1.992301e+01,9.615052e-01,-1.797698e+02
5754.39937,7.015265e-01,-1.744230e+02,7.321739e-03,2.120889e+01,7.290347e-03,2.088014e+01,9.616360e-01,-1.797492e+02
6309.57344,7.022972e-01,-1.744713e+02,7.530626e-03,2.207862e+01,7.500413e-03,2.179870e+01,9.617912e-01,-1.797269e+02
6918.30971,7.032257e-01,-1.744770e+02,7.769421e-03,2.288653e+01,7.740481e-03,2.265022e+01,9.619748e-01,-1.797032e+02
7585.77575,7.043382e-01,-1.744413e+02,8.040504e-03,2.360156e+01,8.012922e-03,2.340387e+01,9.621913e-01,-1.796779e+02
8317.63771,7.056650e-01,-1.743654e+02,8.345877e-03,2.419112e+01,8.319729e-03,2.402728e+01,9.624456e-01,-1.796511e+02
9120.10839,7.072407e-01,-1.742508e+02,8.686980e-03,2.462209e+01,8.662331e-03,2.448760e+01,9.627432e-01,-1.796229e+02
10000.00000,7.091044e-01,-1.740988e+02,9.064491e-03,2.486204e+01,9.041389e-03,2.475272e+01,9.630896e-01,-1.795935e+02
