! ! 
! S ! 
! ! 
! # MHz  S  MA  R  50.00000
! ! ===================================================================
1.00000,9.928234e-01,-7.527106e-01,2.284195e-03,1.783841e+02,4.699730e-05,8.957020e+01,9.608036e-01,-1.799834e+02
1.09648,9.928204e-01,-8.253280e-01,2.284281e-03,1.782267e+02,5.153121e-05,8.952720e+01,9.608036e-01,-1.799848e+02
1.20226,9.928167e-01,-9.049507e-01,2.284383e-03,1.780542e+02,5.650244e-05,8.948019e+01,9.608036e-01,-1.799861e+02
1.31826,9.928123e-01,-9.922541e-01,2.284506e-03,1.778653e+02,6.195315e-05,8.942876e+01,9.608036e-01,-1.799874e+02
1.44544,9.928071e-01,-1.087979e+00,2.284654e-03,1.776582e+02,6.792957e-05,8.937249e+01,9.608036e-01,-1.799885e+02
1.58489,9.928007e-01,-1.192937e+00,2.284832e-03,1.774313e+02,7.448235e-05,8.931089e+01,9.608036e-01,-1.799895e+02
1.73780,9.927931e-01,-1.308019e+00,2.285046e-03,1.771827e+02,8.166704e-05,8.924345e+01,9.608036e-01,-1.799904e+02
1.90546,9.927840e-01,-1.434201e+00,2.285303e-03,1.769102e+02,8.954450e-05,8.916958e+01,9.608036e-01,-1.799912e+02
2.08930,9.927729e-01,-1.572551e+00,2.285613e-03,1.766115e+02,9.818144e-05,8.908867e+01,9.608036e-01,-1.799919e+02
2.29087,9.927597e-01,-1.724244e+00,2.285984e-03,1.762842e+02,1.076510e-04,8.900003e+01,9.608036e-01,-1.799926e+02
2.51189,9.927438e-01,-1.890565e+00,2.286431e-03,1.759255e+02,1.180332e-04,8.890291e+01,9.608036e-01,-1.799933e+02
2.75423,9.927247e-01,-2.072921e+00,2.286968e-03,1.755324e+02,1.294159e-04,8.879648e+01,9.608036e-01,-1.799938e+02
3.01995,9.927017e-01,-2.272858e+00,2.287613e-03,1.751017e+02,1.418953e-04,8.867985e+01,9.608036e-01,-1.799943e+02
3.31131,9.926740e-01,-2.492067e+00,2.288388e-03,1.746297e+02,1.555765e-04,8.855203e+01,9.608036e-01,-1.799948e+02
3.63078,9.926408e-01,-2.732402e+00,2.289319e-03,1.741125e+02,1.705750e-04,8.841194e+01,9.608036e-01,-1.799952e+02
3.98107,9.926009e-01,-2.995894e+00,2.290438e-03,1.735459e+02,1.870169e-04,8.825840e+01,9.608036e-01,-1.799956e+02
4.36516,9.925529e-01,-3.284767e+00,2.291782e-03,1.729253e+02,2.050404e-04,8.809011e+01,9.608036e-01,-1.799959e+02
4.78630,9.924952e-01,-3.601457e+00,2.293396e-03,1.722457e+02,2.247965e-04,8.790566e+01,9.608036e-01,-1.799963e+02
5.24807,9.924259e-01,-3.948631e+00,2.295335e-03,1.715015e+02,2.464505e-04,8.770349e+01,9.608036e-01,-1.799965e+02
5.75440,9.923426e-01,-4.329209e+00,2.297661e-03,1.706869e+02,2.701828e-04,8.748192e+01,9.608036e-01,-1.799968e+02
6.30957,9.922425e-01,-4.746384e+00,2.300453e-03,1.697956e+02,2.961905e-04,8.723908e+01,9.608037e-01,-1.799970e+02
6.91831,9.921223e-01,-5.203649e+00,2.303803e-03,1.688205e+02,3.246887e-04,8.697296e+01,9.608037e-01,-1.799972e+02
7.58578,9.919778e-01,-5.704821e+00,2.307819e-03,1.677545e+02,3.559117e-04,8.668134e+01,9.608037e-01,-1.799974e+02
8.31764,9.918044e-01,-6.254070e+00,2.312632e-03,1.665896e+02,3.901146e-04,8.636181e+01,9.608037e-01,-1.799975e+02
9.12011,9.915962e-01,-6.855948e+00,2.318397e-03,1.653175e+02,4.275745e-04,8.601173e+01,9.608037e-01,-1.799976e+02
10.00000,9.913462e-01,-7.515417e+00,2.325296e-03,1.639295e+02,4.685924e-04,8.562825e+01,9.608038e-01,-1.799978e+02
10.96478,9.910462e-01,-8.237883e+00,2.333546e-03,1.624164e+02,5.134937e-04,8.520825e+01,9.608038e-01,-1.799978e+02
12.02264,9.906865e-01,-9.029226e+00,2.343399e-03,1.607688e+02,5.626299e-04,8.474836e+01,9.608038e-01,-1.799979e+02
13.18257,9.902551e-01,-9.895830e+00,2.355155e-03,1.589770e+02,6.163791e-04,8.424492e+01,9.608039e-01,-1.799980e+02
14.45440,9.897382e-01,-1.084462e+01,2.369157e-03,1.570314e+02,6.751465e-04,8.369397e+01,9.608040e-01,-1.799980e+02
15.84893,9.891192e-01,-1.188307e+01,2.385807e-03,1.549225e+02,7.393641e-04,8.309126e+01,9.608040e-01,-1.799980e+02
17.37801,9.883786e-01,-1.301925e+01,2.405564e-03,1.526414e+02,8.094898e-04,8.243223e+01,9.608041e-01,-1.799980e+02
19.05461,9.874933e-01,-1.426182e+01,2.428952e-03,1.501799e+02,8.860047e-04,8.171202e+01,9.608042e-01,-1.799980e+02
20.89296,9.864362e-01,-1.562005e+01,2.456560e-03,1.475309e+02,9.694101e-04,8.092544e+01,9.608043e-01,-1.799980e+02
22.90868,9.851757e-01,-1.710379e+01,2.489042e-03,1.446890e+02,1.060221e-03,8.006706e+01,9.608045e-01,-1.799979e+02
25.11886,9.836750e-01,-1.872347e+01,2.527114e-03,1.416508e+02,1.158959e-03,7.913120e+01,9.608047e-01,-1.799979e+02
27.54229,9.818919e-01,-2.048998e+01,2.571546e-03,1.384152e+02,1.266140e-03,7.811197e+01,9.608049e-01,-1.799978e+02
30.19952,9.797780e-01,-2.241467e+01,2.623144e-03,1.349840e+02,1.382260e-03,7.700342e+01,9.608051e-01,-1.799977e+02
33.11311,9.772788e-01,-2.450915e+01,2.682731e-03,1.313622e+02,1.507776e-03,7.579957e+01,9.608054e-01,-1.799976e+02
36.30781,9.743333e-01,-2.678509e+01,2.751112e-03,1.275577e+02,1.643080e-03,7.449462e+01,9.608058e-01,-1.799974e+02
39.81072,9.708750e-01,-2.925404e+01,2.829039e-03,1.235821e+02,1.788472e-03,7.308312e+01,9.608062e-01,-1.799973e+02
43.65158,9.668322e-01,-3.192704e+01,2.917161e-03,1.194496e+02,1.944122e-03,7.156021e+01,9.608067e-01,-1.799971e+02
47.86301,9.621306e-01,-3.481425e+01,3.015970e-03,1.151775e+02,2.110033e-03,6.992189e+01,9.608072e-01,-1.799969e+02
52.48075,9.566952e-01,-3.792446e+01,3.125743e-03,1.107850e+02,2.285995e-03,6.816539e+01,9.608078e-01,-1.799967e+02
57.54399,9.504545e-01,-4.126451e+01,3.246484e-03,1.062931e+02,2.471542e-03,6.628952e+01,9.608086e-01,-1.799965e+02
63.09573,9.433453e-01,-4.483864e+01,3.377869e-03,1.017239e+02,2.665914e-03,6.429506e+01,9.608094e-01,-1.799962e+02
69.18310,9.353188e-01,-4.864782e+01,3.519206e-03,9.710038e+01,2.868018e-03,6.218519e+01,9.608103e-01,-1.799959e+02
75.85776,9.263474e-01,-5.268907e+01,3.669410e-03,9.244569e+01,3.076420e-03,5.996578e+01,9.608113e-01,-1.799956e+02
83.17638,9.164315e-01,-5.695479e+01,3.827002e-03,8.778325e+01,3.289343e-03,5.764573e+01,9.608124e-01,-1.799952e+02
91.20108,9.056062e-01,-6.143223e+01,3.990141e-03,8.313652e+01,3.504700e-03,5.523705e+01,9.608136e-01,-1.799949e+02
100.00000,8.939457e-01,-6.610318e+01,4.156688e-03,7.852894e+01,3.720164e-03,5.275484e+01,9.608149e-01,-1.799945e+02
109.64782,8.815651e-01,-7.094389e+01,4.324298e-03,7.398381e+01,3.933254e-03,5.021700e+01,9.608163e-01,-1.799940e+02
120.22644,8.686192e-01,-7.592529e+01,4.490540e-03,6.952409e+01,4.141461e-03,4.764377e+01,9.608177e-01,-1.799935e+02
131.82567,8.552957e-01,-8.101360e+01,4.653030e-03,6.517203e+01,4.342373e-03,4.505700e+01,9.608191e-01,-1.799930e+02
144.54398,8.418058e-01,-8.617129e+01,4.809563e-03,6.094874e+01,4.533813e-03,4.247934e+01,9.608206e-01,-1.799925e+02
158.48932,8.283715e-01,-9.135827e+01,4.958227e-03,5.687366e+01,4.713947e-03,3.993329e+01,9.608220e-01,-1.799919e+02
173.78008,8.152106e-01,-9.653333e+01,5.097494e-03,5.296401e+01,4.881370e-03,3.744032e+01,9.608235e-01,-1.799912e+02
190.54607,8.025238e-01,-1.016557e+02,5.226268e-03,4.923437e+01,5.035146e-03,3.502003e+01,9.608248e-01,-1.799905e+02
208.92961,7.904828e-01,-1.066865e+02,5.343894e-03,4.569626e+01,5.174816e-03,3.268961e+01,9.608262e-01,-1.799897e+02
229.08677,7.792228e-01,-1.115901e+02,5.450135e-03,4.235806e+01,5.300364e-03,3.046335e+01,9.608274e-01,-1.799888e+02
251.18864,7.688381e-01,-1.163351e+02,5.545119e-03,3.922498e+01,5.412151e-03,2.835252e+01,9.608286e-01,-1.799879e+02
275.42287,7.593831e-01,-1.208954e+02,5.629275e-03,3.629921e+01,5.510845e-03,2.636540e+01,9.608298e-01,-1.799868e+02
301.99517,7.508751e-01,-1.252502e+02,5.703252e-03,3.358027e+01,5.597337e-03,2.450744e+01,9.608310e-01,-1.799857e+02
331.13112,7.433002e-01,-1.293841e+02,5.767852e-03,3.106537e+01,5.672659e-03,2.278160e+01,9.608321e-01,-1.799844e+02
363.07805,7.366199e-01,-1.332874e+02,5.823966e-03,2.874985e+01,5.737921e-03,2.118871e+01,9.608333e-01,-1.799830e+02
398.10717,7.307781e-01,-1.369548e+02,5.872519e-03,2.662762e+01,5.794251e-03,1.972790e+01,9.608344e-01,-1.799814e+02
436.51583,7.257074e-01,-1.403855e+02,5.914432e-03,2.469158e+01,5.842756e-03,1.839697e+01,9.608357e-01,-1.799798e+02
478.63009,7.213346e-01,-1.435823e+02,5.950595e-03,2.293397e+01,5.884490e-03,1.719276e+01,9.608370e-01,-1.799779e+02
524.80746,7.175850e-01,-1.465508e+02,5.981847e-03,2.134674e+01,5.920441e-03,1.611151e+01,9.608385e-01,-1.799758e+02
575.43994,7.143858e-01,-1.492988e+02,6.008968e-03,1.992176e+01,5.951520e-03,1.514906e+01,9.608402e-01,-1.799736e+02
630.95734,7.116682e-01,-1.518358e+02,6.032677e-03,1.865108e+01,5.978558e-03,1.430115e+01,9.608421e-01,-1.799711e+02
691.83097,7.093685e-01,-1.541722e+02,6.053637e-03,1.752711e+01,6.002316e-03,1.356358e+01,9.608443e-01,-1.799684e+02
758.57758,7.074293e-01,-1.563193e+02,6.072455e-03,1.654266e+01,6.023486e-03,1.293233e+01,9.608469e-01,-1.799654e+02
831.76377,7.057996e-01,-1.582884e+02,6.089699e-03,1.569114e+01,6.042707e-03,1.240366e+01,9.608500e-01,-1.799621e+02
912.01084,7.044345e-01,-1.600909e+02,6.105900e-03,1.496651e+01,6.060573e-03,1.197421e+01,9.608536e-01,-1.799586e+02
1000.00000,7.032950e-01,-1.617381e+02,6.121570e-03,1.436339e+01,6.077649e-03,1.164103e+01,9.608579e-01,-1.799546e+02
1096.47820,7.023477e-01,-1.632407e+02,6.137211e-03,1.387701e+01,6.094481e-03,1.140158e+01,9.608631e-01,-1.799503e+02
1202.26443,7.015639e-01,-1.646091e+02,6.153327e-03,1.350322e+01,6.111614e-03,1.125375e+01,9.608693e-01,-1.799455e+02
1318.25674,7.009197e-01,-1.658530e+02,6.170443e-03,1.323843e+01,6.129603e-03,1.119585e+01,9.608766e-01,-1.799403e+02
1445.43977,7.003949e-01,-1.669815e+02,6.189113e-03,1.307958e+01,6.149033e-03,1.122652e+01,9.608855e-01,-1.799347e+02
1584.89319,6.999729e-01,-1.680030e+02,6.209940e-03,1.302407e+01,6.170530e-03,1.134472e+01,9.608961e-01,-1.799284e+02
1737.80083,6.996403e-01,-1.689256e+02,6.233591e-03,1.306962e+01,6.194784e-03,1.154959e+01,9.609088e-01,-1.799216e+02
1905.46072,6.993863e-01,-1.697562e+02,6.260813e-03,1.321414e+01,6.222561e-03,1.184037e+01,9.609241e-01,-1.799141e+02
2089.29613,6.992027e-01,-1.705016e+02,6.292453e-03,1.345562e+01,6.254725e-03,1.221619e+01,9.609424e-01,-1.799059e+02
2290.86765,6.990835e-01,-1.711678e+02,6.329476e-03,1.379188e+01,6.292258e-03,1.267596e+01,9.609644e-01,-1.798970e+02
2511.88643,6.990246e-01,-1.717601e+02,6.372986e-03,1.422034e+01,6.336278e-03,1.321803e+01,9.609907e-01,-1.798872e+02
2754.22870,6.990243e-01,-1.722834e+02,6.424244e-03,1.473773e+01,6.388060e-03,1.384000e+01,9.610223e-01,-1.798765e+02
3019.95172,6.990824e-01,-1.727421e+02,6.484687e-03,1.533976e+01,6.449054e-03,1.453831e+01,9.610602e-01,-1.798648e+02
3311.31121,6.992006e-01,-1.731402e+02,6.555944e-03,1.602072e+01,6.520902e-03,1.530793e+01,9.611055e-01,-1.798521e+02
3630.78055,6.993829e-01,-1.734809e+02,6.639846e-03,1.677308e+01,6.605447e-03,1.614187e+01,9.611598e-01,-1.798382e+02
3981.07171,6.996349e-01,-1.737674e+02,6.738434e-03,1.758704e+01,6.704741e-03,1.703083e+01,9.612247e-01,-1.798232e+02
4365.15832,6.999646e-01,-1.740023e+02,6.853951e-03,1.845014e+01,6.821036e-03,1.796273e+01,9.613021e-01,-1.798068e+02
4786.30092,7.003822e-01,-1.741880e+02,6.988824e-03,1.934685e+01,6.956769e-03,1.892237e+01,9.613945e-01,-1.797891e+02
5248.07460,7.009006e-01,-1.743263e+02,7.145631e-03,2.025833e+01,7.114521e-03,1.989119e+01,9.615046e-01,-1.797699e+02
5754.39937,7.015356e-01,-1.744190e+02,7.327043e-03,2.116231e+01,7.296970e-03,2.084712e+01,9.616353e-01,-1.797492e+02
6309.57344,7.023061e-01,-1.744678e+02,7.535750e-03,2.203317e+01,7.506804e-03,2.176477e+01,9.617904e-01,-1.797270e+02
6918.30971,7.032343e-01,-1.744738e+02,7.774350e-03,2.284230e+01,7.746621e-03,2.261570e+01,9.619739e-01,-1.797032e+02
7585.77575,7.043465e-01,-1.744384e+02,8.045227e-03,2.355869e+01,8.018796e-03,2.336909e+01,9.621903e-01,-1.796779e+02
8317.63771,7.056730e-01,-1.743629e+02,8.350383e-03,2.414974e+01,8.325325e-03,2.399259e+01,9.624446e-01,-1.796511e+02
9120.10839,7.072484e-01,-1.742485e+02,8.691264e-03,2.458238e+01,8.667640e-03,2.445337e+01,9.627420e-01,-1.796229e+02
10000.00000,7.091118e-01,-1.740968e+02,9.068551e-03,2.482416e+01,9.046409e-03,2.471928e+01,9.630883e-01,-1.795936e+02
