! ! 
! S ! 
! ! 
! # MHz  S  MA  R  50.00000
! ! ===================================================================
1.00000,9.926828e-01,-7.566236e-01,2.681475e-03,1.785564e+02,4.700399e-05,8.956795e+01,9.608036e-01,-1.799834e+02
1.09648,9.926797e-01,-8.296185e-01,2.681543e-03,1.784156e+02,5.153854e-05,8.952474e+01,9.608036e-01,-1.799848e+02
1.20226,9.926761e-01,-9.096550e-01,2.681625e-03,1.782613e+02,5.651047e-05,8.947749e+01,9.608036e-01,-1.799861e+02
1.31826,9.926716e-01,-9.974122e-01,2.681723e-03,1.780923e+02,6.196195e-05,8.942580e+01,9.608036e-01,-1.799874e+02
1.44544,9.926663e-01,-1.093635e+00,2.681842e-03,1.779071e+02,6.793921e-05,8.936924e+01,9.608036e-01,-1.799885e+02
1.58489,9.926599e-01,-1.199138e+00,2.681984e-03,1.777042e+02,7.449292e-05,8.930733e+01,9.608036e-01,-1.799895e+02
1.73780,9.926522e-01,-1.314818e+00,2.682156e-03,1.774818e+02,8.167861e-05,8.923954e+01,9.608036e-01,-1.799904e+02
1.90546,9.926430e-01,-1.441656e+00,2.682362e-03,1.772381e+02,8.955717e-05,8.916530e+01,9.608036e-01,-1.799912e+02
2.08930,9.926318e-01,-1.580725e+00,2.682609e-03,1.769710e+02,9.819531e-05,8.908398e+01,9.608036e-01,-1.799919e+02
2.29087,9.926185e-01,-1.733207e+00,2.682906e-03,1.766782e+02,1.076662e-04,8.899489e+01,9.608036e-01,-1.799926e+02
2.51189,9.926024e-01,-1.900391e+00,2.683264e-03,1.763574e+02,1.180498e-04,8.889727e+01,9.608036e-01,-1.799933e+02
2.75423,9.925831e-01,-2.083695e+00,2.683694e-03,1.760057e+02,1.294341e-04,8.879030e+01,9.608036e-01,-1.799938e+02
3.01995,9.925598e-01,-2.284671e+00,2.684210e-03,1.756203e+02,1.419151e-04,8.867307e+01,9.608036e-01,-1.799943e+02
3.31131,9.925319e-01,-2.505018e+00,2.684831e-03,1.751980e+02,1.555982e-04,8.854460e+01,9.608036e-01,-1.799948e+02
3.63078,9.924984e-01,-2.746601e+00,2.685577e-03,1.747351e+02,1.705986e-04,8.840379e+01,9.608036e-01,-1.799952e+02
3.98107,9.924580e-01,-3.011460e+00,2.686473e-03,1.742279e+02,1.870426e-04,8.824946e+01,9.608036e-01,-1.799956e+02
4.36516,9.924096e-01,-3.301833e+00,2.687549e-03,1.736723e+02,2.050684e-04,8.808031e+01,9.608036e-01,-1.799959e+02
4.78630,9.923513e-01,-3.620166e+00,2.688843e-03,1.730635e+02,2.248270e-04,8.789492e+01,9.608036e-01,-1.799963e+02
5.24807,9.922813e-01,-3.969141e+00,2.690396e-03,1.723967e+02,2.464835e-04,8.769172e+01,9.608036e-01,-1.799965e+02
5.75440,9.921971e-01,-4.351692e+00,2.692261e-03,1.716665e+02,2.702186e-04,8.746902e+01,9.608037e-01,-1.799968e+02
6.30957,9.920961e-01,-4.771028e+00,2.694500e-03,1.708670e+02,2.962291e-04,8.722494e+01,9.608037e-01,-1.799970e+02
6.91831,9.919746e-01,-5.230660e+00,2.697187e-03,1.699918e+02,3.247302e-04,8.695746e+01,9.608037e-01,-1.799972e+02
7.58578,9.918288e-01,-5.734425e+00,2.700411e-03,1.690343e+02,3.559562e-04,8.666435e+01,9.608037e-01,-1.799974e+02
8.31764,9.916536e-01,-6.286512e+00,2.704276e-03,1.679869e+02,3.901619e-04,8.634319e+01,9.608037e-01,-1.799975e+02
9.12011,9.914433e-01,-6.891496e+00,2.708909e-03,1.668419e+02,4.276246e-04,8.599134e+01,9.608037e-01,-1.799976e+02
10.00000,9.911909e-01,-7.554364e+00,2.714458e-03,1.655909e+02,4.686449e-04,8.560592e+01,9.608038e-01,-1.799977e+02
10.96478,9.908879e-01,-8.280547e+00,2.721100e-03,1.642249e+02,5.135480e-04,8.518379e+01,9.608038e-01,-1.799978e+02
12.02264,9.905246e-01,-9.075952e+00,2.729043e-03,1.627347e+02,5.626853e-04,8.472158e+01,9.608039e-01,-1.799979e+02
13.18257,9.900890e-01,-9.946995e+00,2.738531e-03,1.611105e+02,6.164343e-04,8.421560e+01,9.608039e-01,-1.799980e+02
14.45440,9.895670e-01,-1.090063e+01,2.749852e-03,1.593422e+02,6.751998e-04,8.366189e+01,9.608040e-01,-1.799980e+02
15.84893,9.889420e-01,-1.194436e+01,2.763340e-03,1.574198e+02,7.394132e-04,8.305618e+01,9.608041e-01,-1.799980e+02
17.37801,9.881942e-01,-1.308630e+01,2.779380e-03,1.553330e+02,8.095312e-04,8.239389e+01,9.608041e-01,-1.799980e+02
19.05461,9.873003e-01,-1.433513e+01,2.798416e-03,1.530719e+02,8.860340e-04,8.167012e+01,9.608043e-01,-1.799980e+02
20.89296,9.862330e-01,-1.570016e+01,2.820955e-03,1.506273e+02,9.694211e-04,8.087971e+01,9.608044e-01,-1.799980e+02
22.90868,9.849605e-01,-1.719127e+01,2.847564e-03,1.479906e+02,1.060206e-03,8.001718e+01,9.608045e-01,-1.799979e+02
25.11886,9.834457e-01,-1.881892e+01,2.878874e-03,1.451548e+02,1.158907e-03,7.907684e+01,9.608047e-01,-1.799979e+02
27.54229,9.816460e-01,-2.059404e+01,2.915574e-03,1.421147e+02,1.266038e-03,7.805282e+01,9.608050e-01,-1.799978e+02
30.19952,9.795128e-01,-2.252798e+01,2.958402e-03,1.388670e+02,1.382089e-03,7.693913e+01,9.608052e-01,-1.799977e+02
33.11311,9.769911e-01,-2.463236e+01,3.008125e-03,1.354115e+02,1.507513e-03,7.572982e+01,9.608055e-01,-1.799976e+02
36.30781,9.740197e-01,-2.691888e+01,3.065521e-03,1.317510e+02,1.642696e-03,7.441910e+01,9.608059e-01,-1.799974e+02
39.81072,9.705317e-01,-2.939903e+01,3.131338e-03,1.278918e+02,1.787929e-03,7.300155e+01,9.608063e-01,-1.799973e+02
43.65158,9.664555e-01,-3.208384e+01,3.206255e-03,1.238437e+02,1.943374e-03,7.147233e+01,9.608068e-01,-1.799971e+02
47.86301,9.617163e-01,-3.498340e+01,3.290832e-03,1.196203e+02,2.109023e-03,6.982753e+01,9.608074e-01,-1.799969e+02
52.48075,9.562395e-01,-3.810641e+01,3.385449e-03,1.152389e+02,2.284655e-03,6.806444e+01,9.608081e-01,-1.799967e+02
57.54399,9.499538e-01,-4.145956e+01,3.490245e-03,1.107197e+02,2.469790e-03,6.618197e+01,9.608088e-01,-1.799964e+02
63.09573,9.427968e-01,-4.504696e+01,3.605062e-03,1.060859e+02,2.663653e-03,6.418103e+01,9.608097e-01,-1.799962e+02
69.18310,9.347206e-01,-4.886935e+01,3.729395e-03,1.013628e+02,2.865140e-03,6.206493e+01,9.608106e-01,-1.799959e+02
75.85776,9.256991e-01,-5.292352e+01,3.862359e-03,9.657759e+01,3.072803e-03,5.983972e+01,9.608117e-01,-1.799955e+02
83.17638,9.157345e-01,-5.720158e+01,4.002680e-03,9.175827e+01,3.284855e-03,5.751447e+01,9.608129e-01,-1.799952e+02
91.20108,9.048637e-01,-6.169050e+01,4.148721e-03,8.693371e+01,3.499207e-03,5.510137e+01,9.608141e-01,-1.799948e+02
100.00000,8.931634e-01,-6.637174e+01,4.298533e-03,8.213284e+01,3.713529e-03,5.261567e+01,9.608155e-01,-1.799944e+02
109.64782,8.807510e-01,-7.122124e+01,4.449948e-03,7.738434e+01,3.925350e-03,5.007543e+01,9.608169e-01,-1.799940e+02
120.22644,8.677831e-01,-7.620965e+01,4.600691e-03,7.271605e+01,4.132174e-03,4.750099e+01,9.608183e-01,-1.799935e+02
131.82567,8.544492e-01,-8.130297e+01,4.748508e-03,6.815456e+01,4.331611e-03,4.491429e+01,9.608198e-01,-1.799930e+02
144.54398,8.409612e-01,-8.646345e+01,4.891298e-03,6.372456e+01,4.521512e-03,4.233798e+01,9.608213e-01,-1.799924e+02
158.48932,8.275412e-01,-9.165092e+01,5.027228e-03,5.944836e+01,4.700074e-03,3.979453e+01,9.608228e-01,-1.799918e+02
173.78008,8.144064e-01,-9.682416e+01,5.154814e-03,5.534535e+01,4.865922e-03,3.730532e+01,9.608243e-01,-1.799912e+02
190.54607,8.017560e-01,-1.019424e+02,5.272980e-03,5.143160e+01,5.018154e-03,3.488986e+01,9.608257e-01,-1.799904e+02
208.92961,7.897598e-01,-1.069670e+02,5.381064e-03,4.771965e+01,5.156340e-03,3.256515e+01,9.608271e-01,-1.799896e+02
229.08677,7.785506e-01,-1.118626e+02,5.478798e-03,4.421839e+01,5.280483e-03,3.034534e+01,9.608284e-01,-1.799888e+02
251.18864,7.682206e-01,-1.165979e+02,5.566262e-03,4.093320e+01,5.390966e-03,2.824153e+01,9.608296e-01,-1.799878e+02
275.42287,7.588219e-01,-1.211472e+02,5.643820e-03,3.786619e+01,5.488465e-03,2.626183e+01,9.608308e-01,-1.799868e+02
301.99517,7.503699e-01,-1.254899e+02,5.712051e-03,3.501659e+01,5.573876e-03,2.441155e+01,9.608320e-01,-1.799856e+02
331.13112,7.428490e-01,-1.296112e+02,5.771679e-03,3.238119e+01,5.648235e-03,2.269352e+01,9.608332e-01,-1.799843e+02
363.07805,7.362197e-01,-1.335013e+02,5.823514e-03,2.995482e+01,5.712646e-03,2.110847e+01,9.608343e-01,-1.799829e+02
398.10717,7.304250e-01,-1.371554e+02,5.868404e-03,2.773083e+01,5.768233e-03,1.965546e+01,9.608355e-01,-1.799814e+02
436.51583,7.253971e-01,-1.405729e+02,5.907196e-03,2.570155e+01,5.816094e-03,1.833221e+01,9.608368e-01,-1.799797e+02
478.63009,7.210628e-01,-1.437567e+02,5.940709e-03,2.385864e+01,5.857275e-03,1.713554e+01,9.608382e-01,-1.799778e+02
524.80746,7.173472e-01,-1.467127e+02,5.969720e-03,2.219348e+01,5.892756e-03,1.606165e+01,9.608397e-01,-1.799758e+02
575.43994,7.141779e-01,-1.494486e+02,5.994952e-03,2.069741e+01,5.923436e-03,1.510638e+01,9.608413e-01,-1.799735e+02
630.95734,7.114862e-01,-1.519741e+02,6.017076e-03,1.936196e+01,5.950142e-03,1.426549e+01,9.608433e-01,-1.799711e+02
691.83097,7.092089e-01,-1.542997e+02,6.036707e-03,1.817903e+01,5.973624e-03,1.353478e+01,9.608455e-01,-1.799684e+02
758.57758,7.072890e-01,-1.564365e+02,6.054417e-03,1.714101e+01,5.994569e-03,1.291024e+01,9.608481e-01,-1.799654e+02
831.76377,7.056758e-01,-1.583960e+02,6.070739e-03,1.624086e+01,6.013610e-03,1.238817e+01,9.608512e-01,-1.799621e+02
912.01084,7.043246e-01,-1.601897e+02,6.086179e-03,1.547218e+01,6.031337e-03,1.196525e+01,9.608548e-01,-1.799585e+02
1000.00000,7.031970e-01,-1.618286e+02,6.101223e-03,1.482921e+01,6.048309e-03,1.163853e+01,9.608592e-01,-1.799545e+02
1096.47820,7.022596e-01,-1.633236e+02,6.116354e-03,1.430686e+01,6.065071e-03,1.140553e+01,9.608643e-01,-1.799502e+02
1202.26443,7.014843e-01,-1.646849e+02,6.132061e-03,1.390067e+01,6.082164e-03,1.126417e+01,9.608705e-01,-1.799455e+02
1318.25674,7.008472e-01,-1.659222e+02,6.148853e-03,1.360678e+01,6.100144e-03,1.121278e+01,9.608779e-01,-1.799403e+02
1445.43977,7.003284e-01,-1.670447e+02,6.167277e-03,1.342187e+01,6.119595e-03,1.125004e+01,9.608868e-01,-1.799346e+02
1584.89319,6.999115e-01,-1.680608e+02,6.187926e-03,1.334311e+01,6.141143e-03,1.137493e+01,9.608974e-01,-1.799283e+02
1737.80083,6.995831e-01,-1.689782e+02,6.211460e-03,1.336798e+01,6.165480e-03,1.158663e+01,9.609102e-01,-1.799215e+02
1905.46072,6.993327e-01,-1.698042e+02,6.238622e-03,1.349421e+01,6.193372e-03,1.188437e+01,9.609255e-01,-1.799140e+02
2089.29613,6.991521e-01,-1.705453e+02,6.270256e-03,1.371959e+01,6.225689e-03,1.226730e+01,9.609439e-01,-1.799058e+02
2290.86765,6.990355e-01,-1.712076e+02,6.307328e-03,1.404176e+01,6.263414e-03,1.273431e+01,9.609659e-01,-1.798968e+02
2511.88643,6.989788e-01,-1.717963e+02,6.350939e-03,1.445794e+01,6.307670e-03,1.328376e+01,9.609923e-01,-1.798870e+02
2754.22870,6.989804e-01,-1.723163e+02,6.402352e-03,1.496470e+01,6.359738e-03,1.391318e+01,9.610240e-01,-1.798763e+02
3019.95172,6.990401e-01,-1.727720e+02,6.463006e-03,1.555755e+01,6.421073e-03,1.461898e+01,9.610619e-01,-1.798646e+02
3311.31121,6.991599e-01,-1.731672e+02,6.534532e-03,1.623061e+01,6.493323e-03,1.539603e+01,9.611074e-01,-1.798519e+02
3630.78055,6.993435e-01,-1.735054e+02,6.618766e-03,1.697614e+01,6.578337e-03,1.623726e+01,9.611618e-01,-1.798380e+02
3981.07171,6.995968e-01,-1.737896e+02,6.717751e-03,1.778414e+01,6.678172e-03,1.713323e+01,9.612268e-01,-1.798229e+02
4365.15832,6.999277e-01,-1.740224e+02,6.833732e-03,1.864194e+01,6.795087e-03,1.807171e+01,9.613045e-01,-1.798066e+02
4786.30092,7.003466e-01,-1.742060e+02,6.969139e-03,1.953379e+01,6.931520e-03,1.903735e+01,9.613971e-01,-1.797888e+02
5248.07460,7.008663e-01,-1.743425e+02,7.126551e-03,2.044062e+01,7.090057e-03,2.001139e+01,9.615074e-01,-1.797696e+02
5754.39937,7.015026e-01,-1.744336e+02,7.308639e-03,2.133995e+01,7.273374e-03,2.097161e+01,9.616384e-01,-1.797489e+02
6309.57344,7.022744e-01,-1.744807e+02,7.518088e-03,2.220595e+01,7.484158e-03,2.189242e+01,9.617939e-01,-1.797267e+02
6918.30971,7.032042e-01,-1.744853e+02,7.757492e-03,2.300985e+01,7.725000e-03,2.274526e+01,9.619778e-01,-1.797029e+02
7585.77575,7.043181e-01,-1.744486e+02,8.029223e-03,2.372048e+01,7.998264e-03,2.349920e+01,9.621947e-01,-1.796776e+02
8317.63771,7.056464e-01,-1.743718e+02,8.335275e-03,2.430516e+01,8.305933e-03,2.412184e+01,9.624495e-01,-1.796508e+02
9120.10839,7.072239e-01,-1.742563e+02,8.677075e-03,2.473075e+01,8.649421e-03,2.458033e+01,9.627476e-01,-1.796226e+02
10000.00000,7.090897e-01,-1.741036e+02,9.055289e-03,2.496483e+01,9.029377e-03,2.484260e+01,9.630945e-01,-1.795932e+02
