! ! 
! S ! 
! ! 
! # MHz  S  MA  R  50.00000
! ! ===================================================================
1.00000,9.937354e-01,-7.367937e-01,9.373360e-04,1.766997e+02,4.697391e-05,8.957928e+01,9.608036e-01,-1.799834e+02
1.09648,9.937324e-01,-8.078757e-01,9.375698e-04,1.763803e+02,5.150557e-05,8.953716e+01,9.608036e-01,-1.799848e+02
1.20226,9.937289e-01,-8.858148e-01,9.378508e-04,1.760303e+02,5.647434e-05,8.949110e+01,9.608036e-01,-1.799861e+02
1.31826,9.937247e-01,-9.712723e-01,9.381886e-04,1.756470e+02,6.192237e-05,8.944073e+01,9.608036e-01,-1.799874e+02
1.44544,9.937197e-01,-1.064973e+00,9.385944e-04,1.752271e+02,6.789584e-05,8.938561e+01,9.608036e-01,-1.799885e+02
1.58489,9.937136e-01,-1.167713e+00,9.390821e-04,1.747671e+02,7.444541e-05,8.932528e+01,9.608036e-01,-1.799895e+02
1.73780,9.937063e-01,-1.280361e+00,9.396681e-04,1.742634e+02,8.162659e-05,8.925922e+01,9.608036e-01,-1.799904e+02
1.90546,9.936975e-01,-1.403875e+00,9.403721e-04,1.737119e+02,8.950021e-05,8.918688e+01,9.608036e-01,-1.799912e+02
2.08930,9.936869e-01,-1.539302e+00,9.412176e-04,1.731081e+02,9.813297e-05,8.910764e+01,9.608036e-01,-1.799920e+02
2.29087,9.936742e-01,-1.687788e+00,9.422332e-04,1.724473e+02,1.075979e-04,8.902083e+01,9.608036e-01,-1.799926e+02
2.51189,9.936589e-01,-1.850594e+00,9.434525e-04,1.717244e+02,1.179752e-04,8.892571e+01,9.608036e-01,-1.799933e+02
2.75423,9.936405e-01,-2.029096e+00,9.449162e-04,1.709338e+02,1.293525e-04,8.882148e+01,9.608036e-01,-1.799938e+02
3.01995,9.936184e-01,-2.224809e+00,9.466727e-04,1.700695e+02,1.418260e-04,8.870726e+01,9.608036e-01,-1.799943e+02
3.31131,9.935918e-01,-2.439386e+00,9.487797e-04,1.691254e+02,1.555010e-04,8.858208e+01,9.608036e-01,-1.799948e+02
3.63078,9.935599e-01,-2.674644e+00,9.513062e-04,1.680947e+02,1.704926e-04,8.844489e+01,9.608036e-01,-1.799952e+02
3.98107,9.935215e-01,-2.932571e+00,9.543339e-04,1.669705e+02,1.869272e-04,8.829452e+01,9.608036e-01,-1.799956e+02
4.36516,9.934754e-01,-3.215345e+00,9.579602e-04,1.657454e+02,2.049428e-04,8.812970e+01,9.608036e-01,-1.799960e+02
4.78630,9.934199e-01,-3.525351e+00,9.623001e-04,1.644121e+02,2.246906e-04,8.794906e+01,9.608036e-01,-1.799963e+02
5.24807,9.933533e-01,-3.865201e+00,9.674896e-04,1.629630e+02,2.463358e-04,8.775107e+01,9.608036e-01,-1.799965e+02
5.75440,9.932733e-01,-4.237753e+00,9.736885e-04,1.613905e+02,2.700589e-04,8.753407e+01,9.608036e-01,-1.799968e+02
6.30957,9.931771e-01,-4.646136e+00,9.810842e-04,1.596876e+02,2.960572e-04,8.729624e+01,9.608036e-01,-1.799970e+02
6.91831,9.930615e-01,-5.093769e+00,9.898952e-04,1.578474e+02,3.245457e-04,8.703560e+01,9.608036e-01,-1.799972e+02
7.58578,9.929227e-01,-5.584394e+00,1.000375e-03,1.558641e+02,3.557592e-04,8.674998e+01,9.608036e-01,-1.799974e+02
8.31764,9.927560e-01,-6.122095e+00,1.012816e-03,1.537328e+02,3.899529e-04,8.643702e+01,9.608037e-01,-1.799975e+02
9.12011,9.925558e-01,-6.711332e+00,1.027553e-03,1.514503e+02,4.274047e-04,8.609413e+01,9.608037e-01,-1.799977e+02
10.00000,9.923155e-01,-7.356970e+00,1.044965e-03,1.490151e+02,4.684158e-04,8.571852e+01,9.608037e-01,-1.799978e+02
10.96478,9.920272e-01,-8.064310e+00,1.065479e-03,1.464280e+02,5.133128e-04,8.530711e+01,9.608037e-01,-1.799979e+02
12.02264,9.916812e-01,-8.839118e+00,1.089572e-03,1.436925e+02,5.624483e-04,8.485660e+01,9.608038e-01,-1.799979e+02
13.18257,9.912664e-01,-9.687659e+00,1.117765e-03,1.408145e+02,6.162019e-04,8.436339e+01,9.608038e-01,-1.799980e+02
14.45440,9.907693e-01,-1.061673e+01,1.150629e-03,1.378031e+02,6.749809e-04,8.382361e+01,9.608039e-01,-1.799980e+02
15.84893,9.901740e-01,-1.163367e+01,1.188774e-03,1.346699e+02,7.392202e-04,8.323305e+01,9.608039e-01,-1.799981e+02
17.37801,9.894614e-01,-1.274642e+01,1.232845e-03,1.314288e+02,8.093812e-04,8.258725e+01,9.608040e-01,-1.799981e+02
19.05461,9.886095e-01,-1.396349e+01,1.283516e-03,1.280955e+02,8.859499e-04,8.188138e+01,9.608041e-01,-1.799981e+02
20.89296,9.875919e-01,-1.529402e+01,1.341476e-03,1.246868e+02,9.694337e-04,8.111036e+01,9.608042e-01,-1.799980e+02
22.90868,9.863782e-01,-1.674771e+01,1.407422e-03,1.212196e+02,1.060356e-03,8.026879e+01,9.608043e-01,-1.799980e+02
25.11886,9.849327e-01,-1.833487e+01,1.482041e-03,1.177100e+02,1.159248e-03,7.935104e+01,9.608045e-01,-1.799979e+02
27.54229,9.832142e-01,-2.006630e+01,1.565995e-03,1.141725e+02,1.266639e-03,7.835128e+01,9.608046e-01,-1.799979e+02
30.19952,9.811759e-01,-2.195323e+01,1.659910e-03,1.106195e+02,1.383043e-03,7.726354e+01,9.608049e-01,-1.799978e+02
33.11311,9.787644e-01,-2.400723e+01,1.764347e-03,1.070605e+02,1.508935e-03,7.608185e+01,9.608051e-01,-1.799976e+02
36.30781,9.759201e-01,-2.623998e+01,1.879784e-03,1.035022e+02,1.644734e-03,7.480036e+01,9.608054e-01,-1.799975e+02
39.81072,9.725774e-01,-2.866309e+01,2.006588e-03,9.994865e+01,1.790771e-03,7.341350e+01,9.608057e-01,-1.799974e+02
43.65158,9.686658e-01,-3.128773e+01,2.144984e-03,9.640117e+01,1.947254e-03,7.191625e+01,9.608061e-01,-1.799972e+02
47.86301,9.641109e-01,-3.412431e+01,2.295012e-03,9.285922e+01,2.114227e-03,7.030440e+01,9.608066e-01,-1.799970e+02
52.48075,9.588375e-01,-3.718198e+01,2.456497e-03,8.932091e+01,2.291531e-03,6.857485e+01,9.608071e-01,-1.799968e+02
57.54399,9.527726e-01,-4.046808e+01,2.629000e-03,8.578377e+01,2.478753e-03,6.672602e+01,9.608077e-01,-1.799966e+02
63.09573,9.458507e-01,-4.398751e+01,2.811779e-03,8.224554e+01,2.675189e-03,6.475820e+01,9.608084e-01,-1.799963e+02
69.18310,9.380188e-01,-4.774208e+01,3.003760e-03,7.870497e+01,2.879805e-03,6.267398e+01,9.608092e-01,-1.799960e+02
75.85776,9.292436e-01,-5.172975e+01,3.203516e-03,7.516250e+01,3.091215e-03,6.047859e+01,9.608101e-01,-1.799957e+02
83.17638,9.195187e-01,-5.594406e+01,3.409268e-03,7.162088e+01,3.307684e-03,5.818022e+01,9.608110e-01,-1.799954e+02
91.20108,9.088706e-01,-6.037348e+01,3.618911e-03,6.808555e+01,3.527151e-03,5.579015e+01,9.608121e-01,-1.799950e+02
100.00000,8.973643e-01,-6.500110e+01,3.830076e-03,6.456489e+01,3.747287e-03,5.332280e+01,9.608132e-01,-1.799946e+02
109.64782,8.851060e-01,-6.980444e+01,4.040215e-03,6.107010e+01,3.965587e-03,5.079545e+01,9.608144e-01,-1.799942e+02
120.22644,8.722419e-01,-7.475563e+01,4.246721e-03,5.761495e+01,4.179483e-03,4.822785e+01,9.608156e-01,-1.799937e+02
131.82567,8.589533e-01,-7.982193e+01,4.447059e-03,5.421518e+01,4.386481e-03,4.564156e+01,9.608169e-01,-1.799932e+02
144.54398,8.454478e-01,-8.496658e+01,4.638898e-03,5.088775e+01,4.584290e-03,4.305912e+01,9.608181e-01,-1.799926e+02
158.48932,8.319464e-01,-9.014997e+01,4.820236e-03,4.764994e+01,4.770950e-03,4.050314e+01,9.608194e-01,-1.799920e+02
173.78008,8.186698e-01,-9.533104e+01,4.989489e-03,4.451853e+01,4.944921e-03,3.799538e+01,9.608207e-01,-1.799913e+02
190.54607,8.058244e-01,-1.004688e+02,5.145547e-03,4.150890e+01,5.105137e-03,3.555594e+01,9.608219e-01,-1.799906e+02
208.92961,7.935897e-01,-1.055238e+02,5.287787e-03,3.863444e+01,5.251020e-03,3.320259e+01,9.608231e-01,-1.799898e+02
229.08677,7.821102e-01,-1.104595e+02,5.416046e-03,3.590604e+01,5.382452e-03,3.095030e+01,9.608242e-01,-1.799890e+02
251.18864,7.714901e-01,-1.152436e+02,5.530566e-03,3.333189e+01,5.499723e-03,2.881102e+01,9.608254e-01,-1.799880e+02
275.42287,7.617928e-01,-1.198486e+02,5.631921e-03,3.091744e+01,5.603450e-03,2.679370e+01,9.608264e-01,-1.799870e+02
301.99517,7.530440e-01,-1.242524e+02,5.720930e-03,2.866552e+01,5.694496e-03,2.490440e+01,9.608275e-01,-1.799858e+02
331.13112,7.452364e-01,-1.284385e+02,5.798583e-03,2.657667e+01,5.773889e-03,2.314660e+01,9.608286e-01,-1.799845e+02
363.07805,7.383363e-01,-1.323957e+02,5.865960e-03,2.464943e+01,5.842750e-03,2.152158e+01,9.608296e-01,-1.799831e+02
398.10717,7.322911e-01,-1.361179e+02,5.924180e-03,2.288077e+01,5.902229e-03,2.002880e+01,9.608308e-01,-1.799816e+02
436.51583,7.270353e-01,-1.396032e+02,5.974348e-03,2.126646e+01,5.953464e-03,1.866632e+01,9.608320e-01,-1.799799e+02
478.63009,7.224964e-01,-1.428538e+02,6.017528e-03,1.980141e+01,5.997546e-03,1.743115e+01,9.608333e-01,-1.799781e+02
524.80746,7.185996e-01,-1.458744e+02,6.054720e-03,1.848002e+01,6.035499e-03,1.631960e+01,9.608347e-01,-1.799760e+02
575.43994,7.152712e-01,-1.486726e+02,6.086850e-03,1.729643e+01,6.068270e-03,1.532759e+01,9.608363e-01,-1.799738e+02
630.95734,7.124412e-01,-1.512574e+02,6.114766e-03,1.624477e+01,6.096727e-03,1.445084e+01,9.608382e-01,-1.799713e+02
691.83097,7.100444e-01,-1.536391e+02,6.139243e-03,1.531930e+01,6.121660e-03,1.368509e+01,9.608404e-01,-1.799686e+02
758.57758,7.080219e-01,-1.558288e+02,6.160990e-03,1.451456e+01,6.143792e-03,1.302623e+01,9.608429e-01,-1.799656e+02
831.76377,7.063210e-01,-1.578378e+02,6.180657e-03,1.382551e+01,6.163785e-03,1.247043e+01,9.608460e-01,-1.799624e+02
912.01084,7.048954e-01,-1.596775e+02,6.198848e-03,1.324753e+01,6.182254e-03,1.201421e+01,9.608495e-01,-1.799588e+02
1000.00000,7.037045e-01,-1.613592e+02,6.216135e-03,1.277651e+01,6.199779e-03,1.165448e+01,9.608538e-01,-1.799549e+02
1096.47820,7.027138e-01,-1.628939e+02,6.233071e-03,1.240884e+01,6.216921e-03,1.138857e+01,9.608589e-01,-1.799506e+02
1202.26443,7.018934e-01,-1.642918e+02,6.250201e-03,1.214142e+01,6.234232e-03,1.121423e+01,9.608650e-01,-1.799459e+02
1318.25674,7.012183e-01,-1.655630e+02,6.268082e-03,1.197163e+01,6.252274e-03,1.112964e+01,9.608723e-01,-1.799407e+02
1445.43977,7.006676e-01,-1.667166e+02,6.287294e-03,1.189730e+01,6.271632e-03,1.113332e+01,9.608810e-01,-1.799350e+02
1584.89319,7.002238e-01,-1.677613e+02,6.308458e-03,1.191660e+01,6.292933e-03,1.122410e+01,9.608915e-01,-1.799288e+02
1737.80083,6.998728e-01,-1.687050e+02,6.332253e-03,1.202800e+01,6.316860e-03,1.140105e+01,9.609041e-01,-1.799220e+02
1905.46072,6.996032e-01,-1.695552e+02,6.359433e-03,1.223013e+01,6.344171e-03,1.166333e+01,9.609192e-01,-1.799146e+02
2089.29613,6.994065e-01,-1.703185e+02,6.390848e-03,1.252162e+01,6.375720e-03,1.201006e+01,9.609374e-01,-1.799064e+02
2290.86765,6.992760e-01,-1.710011e+02,6.427460e-03,1.290093e+01,6.412472e-03,1.244014e+01,9.609591e-01,-1.798975e+02
2511.88643,6.992077e-01,-1.716084e+02,6.470366e-03,1.336612e+01,6.455529e-03,1.295202e+01,9.609852e-01,-1.798878e+02
2754.22870,6.991991e-01,-1.721456e+02,6.520816e-03,1.391454e+01,6.506145e-03,1.354341e+01,9.610165e-01,-1.798771e+02
3019.95172,6.992499e-01,-1.726170e+02,6.580235e-03,1.454257e+01,6.565746e-03,1.421100e+01,9.610539e-01,-1.798655e+02
3311.31121,6.993618e-01,-1.730266e+02,6.650233e-03,1.524519e+01,6.635951e-03,1.495005e+01,9.610988e-01,-1.798529e+02
3630.78055,6.995382e-01,-1.733781e+02,6.732628e-03,1.601559e+01,6.718578e-03,1.575398e+01,9.611525e-01,-1.798391e+02
3981.07171,6.997847e-01,-1.736744e+02,6.829442e-03,1.684477e+01,6.815653e-03,1.661398e+01,9.612167e-01,-1.798241e+02
4365.15832,7.001092e-01,-1.739184e+02,6.942901e-03,1.772109e+01,6.929407e-03,1.751859e+01,9.612934e-01,-1.798078e+02
4786.30092,7.005217e-01,-1.741123e+02,7.075422e-03,1.862988e+01,7.062258e-03,1.845328e+01,9.613848e-01,-1.797901e+02
5248.07460,7.010349e-01,-1.742583e+02,7.229575e-03,1.955318e+01,7.216779e-03,1.940021e+01,9.614938e-01,-1.797710e+02
5754.39937,7.016644e-01,-1.743581e+02,7.408033e-03,2.046960e+01,7.395645e-03,2.033806e+01,9.616232e-01,-1.797504e+02
6309.57344,7.024289e-01,-1.744133e+02,7.613497e-03,2.135434e+01,7.601556e-03,2.124212e+01,9.617768e-01,-1.797283e+02
6918.30971,7.033507e-01,-1.744254e+02,7.848589e-03,2.217949e+01,7.837134e-03,2.208457e+01,9.619586e-01,-1.797046e+02
7585.77575,7.044559e-01,-1.743956e+02,8.115728e-03,2.291463e+01,8.104795e-03,2.283506e+01,9.621729e-01,-1.796794e+02
8317.63771,7.057744e-01,-1.743252e+02,8.416967e-03,2.352757e+01,8.406588e-03,2.346148e+01,9.624248e-01,-1.796527e+02
9120.10839,7.073410e-01,-1.742155e+02,8.753817e-03,2.398541e+01,8.744019e-03,2.393104e+01,9.627196e-01,-1.796246e+02
10000.00000,7.091944e-01,-1.740681e+02,9.127035e-03,2.425569e+01,9.117840e-03,2.421140e+01,9.630629e-01,-1.795953e+02
