! ! 
! S ! 
! ! 
! # MHz  S  MA  R  50.00000
! ! ===================================================================
1.00000,9.928244e-01,-7.526814e-01,2.281339e-03,1.783826e+02,4.699792e-05,8.957021e+01,9.608030e-01,-1.799834e+02
1.09648,9.928214e-01,-8.252960e-01,2.281424e-03,1.782251e+02,5.153189e-05,8.952721e+01,9.608030e-01,-1.799848e+02
1.20226,9.928177e-01,-9.049156e-01,2.281527e-03,1.780524e+02,5.650318e-05,8.948020e+01,9.608030e-01,-1.799861e+02
1.31826,9.928134e-01,-9.922156e-01,2.281650e-03,1.778633e+02,6.195397e-05,8.942878e+01,9.608030e-01,-1.799874e+02
1.44544,9.928081e-01,-1.087937e+00,2.281799e-03,1.776561e+02,6.793046e-05,8.937251e+01,9.608030e-01,-1.799885e+02
1.58489,9.928017e-01,-1.192891e+00,2.281977e-03,1.774290e+02,7.448333e-05,8.931092e+01,9.608030e-01,-1.799895e+02
1.73780,9.927941e-01,-1.307968e+00,2.282191e-03,1.771801e+02,8.166811e-05,8.924347e+01,9.608030e-01,-1.799904e+02
1.90546,9.927850e-01,-1.434145e+00,2.282449e-03,1.769074e+02,8.954568e-05,8.916961e+01,9.608030e-01,-1.799912e+02
2.08930,9.927740e-01,-1.572490e+00,2.282759e-03,1.766085e+02,9.818273e-05,8.908871e+01,9.608030e-01,-1.799919e+02
2.29087,9.927607e-01,-1.724177e+00,2.283131e-03,1.762809e+02,1.076524e-04,8.900007e+01,9.608030e-01,-1.799926e+02
2.51189,9.927448e-01,-1.890491e+00,2.283578e-03,1.759218e+02,1.180348e-04,8.890295e+01,9.608030e-01,-1.799933e+02
2.75423,9.927257e-01,-2.072841e+00,2.284116e-03,1.755284e+02,1.294176e-04,8.879653e+01,9.608030e-01,-1.799938e+02
3.01995,9.927027e-01,-2.272770e+00,2.284762e-03,1.750972e+02,1.418971e-04,8.867990e+01,9.608030e-01,-1.799943e+02
3.31131,9.926751e-01,-2.491971e+00,2.285539e-03,1.746248e+02,1.555786e-04,8.855209e+01,9.608030e-01,-1.799948e+02
3.63078,9.926418e-01,-2.732296e+00,2.286471e-03,1.741072e+02,1.705772e-04,8.841200e+01,9.608030e-01,-1.799952e+02
3.98107,9.926019e-01,-2.995778e+00,2.287592e-03,1.735401e+02,1.870194e-04,8.825847e+01,9.608030e-01,-1.799956e+02
4.36516,9.925539e-01,-3.284639e+00,2.288939e-03,1.729189e+02,2.050431e-04,8.809018e+01,9.608031e-01,-1.799959e+02
4.78630,9.924962e-01,-3.601317e+00,2.290555e-03,1.722387e+02,2.247995e-04,8.790574e+01,9.608031e-01,-1.799963e+02
5.24807,9.924269e-01,-3.948478e+00,2.292497e-03,1.714939e+02,2.464537e-04,8.770358e+01,9.608031e-01,-1.799965e+02
5.75440,9.923436e-01,-4.329042e+00,2.294827e-03,1.706786e+02,2.701864e-04,8.748202e+01,9.608031e-01,-1.799968e+02
6.30957,9.922435e-01,-4.746201e+00,2.297624e-03,1.697864e+02,2.961944e-04,8.723919e+01,9.608031e-01,-1.799970e+02
6.91831,9.921233e-01,-5.203448e+00,2.300979e-03,1.688105e+02,3.246930e-04,8.697308e+01,9.608031e-01,-1.799972e+02
7.58578,9.919789e-01,-5.704600e+00,2.305002e-03,1.677436e+02,3.559164e-04,8.668146e+01,9.608031e-01,-1.799974e+02
8.31764,9.918055e-01,-6.253828e+00,2.309823e-03,1.665777e+02,3.901198e-04,8.636194e+01,9.608031e-01,-1.799975e+02
9.12011,9.915973e-01,-6.855683e+00,2.315597e-03,1.653046e+02,4.275803e-04,8.601188e+01,9.608032e-01,-1.799976e+02
10.00000,9.913473e-01,-7.515126e+00,2.322508e-03,1.639154e+02,4.685987e-04,8.562842e+01,9.608032e-01,-1.799978e+02
10.96478,9.910474e-01,-8.237564e+00,2.330771e-03,1.624011e+02,5.135006e-04,8.520843e+01,9.608032e-01,-1.799978e+02
12.02264,9.906876e-01,-9.028877e+00,2.340640e-03,1.607521e+02,5.626375e-04,8.474856e+01,9.608033e-01,-1.799979e+02
13.18257,9.902563e-01,-9.895449e+00,2.352414e-03,1.589589e+02,6.163874e-04,8.424513e+01,9.608033e-01,-1.799980e+02
14.45440,9.897395e-01,-1.084420e+01,2.366439e-03,1.570118e+02,6.751557e-04,8.369420e+01,9.608034e-01,-1.799980e+02
15.84893,9.891205e-01,-1.188261e+01,2.383115e-03,1.549014e+02,7.393743e-04,8.309152e+01,9.608035e-01,-1.799980e+02
17.37801,9.883800e-01,-1.301875e+01,2.402903e-03,1.526187e+02,8.095010e-04,8.243252e+01,9.608036e-01,-1.799980e+02
19.05461,9.874947e-01,-1.426127e+01,2.426327e-03,1.501556e+02,8.860171e-04,8.171233e+01,9.608037e-01,-1.799980e+02
20.89296,9.864377e-01,-1.561945e+01,2.453976e-03,1.475050e+02,9.694238e-04,8.092578e+01,9.608038e-01,-1.799980e+02
22.90868,9.851772e-01,-1.710314e+01,2.486505e-03,1.446615e+02,1.060236e-03,8.006744e+01,9.608039e-01,-1.799979e+02
25.11886,9.836767e-01,-1.872275e+01,2.524632e-03,1.416217e+02,1.158976e-03,7.913160e+01,9.608041e-01,-1.799979e+02
27.54229,9.818937e-01,-2.048921e+01,2.569126e-03,1.383847e+02,1.266159e-03,7.811241e+01,9.608043e-01,-1.799978e+02
30.19952,9.797800e-01,-2.241383e+01,2.620794e-03,1.349521e+02,1.382281e-03,7.700389e+01,9.608046e-01,-1.799977e+02
33.11311,9.772809e-01,-2.450823e+01,2.680459e-03,1.313291e+02,1.507800e-03,7.580009e+01,9.608049e-01,-1.799976e+02
36.30781,9.743356e-01,-2.678409e+01,2.748926e-03,1.275237e+02,1.643106e-03,7.449518e+01,9.608052e-01,-1.799974e+02
39.81072,9.708775e-01,-2.925295e+01,2.826948e-03,1.235473e+02,1.788501e-03,7.308373e+01,9.608056e-01,-1.799973e+02
43.65158,9.668350e-01,-3.192587e+01,2.915171e-03,1.194145e+02,1.944155e-03,7.156086e+01,9.608061e-01,-1.799971e+02
47.86301,9.621337e-01,-3.481299e+01,3.014089e-03,1.151422e+02,2.110070e-03,6.992260e+01,9.608066e-01,-1.799969e+02
52.48075,9.566986e-01,-3.792310e+01,3.123977e-03,1.107498e+02,2.286037e-03,6.816615e+01,9.608073e-01,-1.799967e+02
57.54399,9.504582e-01,-4.126305e+01,3.244837e-03,1.062584e+02,2.471590e-03,6.629032e+01,9.608080e-01,-1.799965e+02
63.09573,9.433493e-01,-4.483708e+01,3.376345e-03,1.016900e+02,2.665968e-03,6.429592e+01,9.608088e-01,-1.799962e+02
69.18310,9.353232e-01,-4.864617e+01,3.517807e-03,9.706748e+01,2.868081e-03,6.218608e+01,9.608097e-01,-1.799959e+02
75.85776,9.263522e-01,-5.268732e+01,3.668136e-03,9.241401e+01,3.076491e-03,5.996672e+01,9.608108e-01,-1.799956e+02
83.17638,9.164367e-01,-5.695294e+01,3.825853e-03,8.775297e+01,3.289423e-03,5.764671e+01,9.608119e-01,-1.799952e+02
91.20108,9.056118e-01,-6.143030e+01,3.989116e-03,8.310776e+01,3.504791e-03,5.523806e+01,9.608131e-01,-1.799949e+02
100.00000,8.939515e-01,-6.610118e+01,4.155783e-03,7.850179e+01,3.720266e-03,5.275588e+01,9.608144e-01,-1.799945e+02
109.64782,8.815712e-01,-7.094182e+01,4.323508e-03,7.395832e+01,3.933369e-03,5.021806e+01,9.608157e-01,-1.799940e+02
120.22644,8.686254e-01,-7.592316e+01,4.489861e-03,6.950026e+01,4.141589e-03,4.764483e+01,9.608171e-01,-1.799935e+02
131.82567,8.553020e-01,-8.101144e+01,4.652455e-03,6.514985e+01,4.342515e-03,4.505807e+01,9.608186e-01,-1.799930e+02
144.54398,8.418121e-01,-8.616911e+01,4.809084e-03,6.092817e+01,4.533970e-03,4.248040e+01,9.608200e-01,-1.799925e+02
158.48932,8.283777e-01,-9.135608e+01,4.957838e-03,5.685463e+01,4.714118e-03,3.993433e+01,9.608215e-01,-1.799919e+02
173.78008,8.152166e-01,-9.653115e+01,5.097188e-03,5.294646e+01,4.881555e-03,3.744133e+01,9.608229e-01,-1.799912e+02
190.54607,8.025295e-01,-1.016535e+02,5.226037e-03,4.921820e+01,5.035345e-03,3.502101e+01,9.608243e-01,-1.799905e+02
208.92961,7.904882e-01,-1.066844e+02,5.343730e-03,4.568141e+01,5.175028e-03,3.269054e+01,9.608256e-01,-1.799897e+02
229.08677,7.792278e-01,-1.115880e+02,5.450031e-03,4.234443e+01,5.300588e-03,3.046423e+01,9.608269e-01,-1.799888e+02
251.18864,7.688427e-01,-1.163332e+02,5.545069e-03,3.921247e+01,5.412387e-03,2.835335e+01,9.608281e-01,-1.799879e+02
275.42287,7.593873e-01,-1.208936e+02,5.629271e-03,3.628775e+01,5.511091e-03,2.636617e+01,9.608293e-01,-1.799868e+02
301.99517,7.508789e-01,-1.252484e+02,5.703288e-03,3.356978e+01,5.597592e-03,2.450815e+01,9.608304e-01,-1.799857e+02
331.13112,7.433036e-01,-1.293824e+02,5.767924e-03,3.105576e+01,5.672923e-03,2.278225e+01,9.608316e-01,-1.799844e+02
363.07805,7.366229e-01,-1.332858e+02,5.824068e-03,2.874106e+01,5.738192e-03,2.118931e+01,9.608327e-01,-1.799830e+02
398.10717,7.307808e-01,-1.369533e+02,5.872647e-03,2.661958e+01,5.794528e-03,1.972844e+01,9.608339e-01,-1.799814e+02
436.51583,7.257097e-01,-1.403841e+02,5.914583e-03,2.468422e+01,5.843039e-03,1.839745e+01,9.608351e-01,-1.799798e+02
478.63009,7.213366e-01,-1.435810e+02,5.950764e-03,2.292723e+01,5.884778e-03,1.719319e+01,9.608365e-01,-1.799779e+02
524.80746,7.175868e-01,-1.465496e+02,5.982032e-03,2.134056e+01,5.920733e-03,1.611187e+01,9.608380e-01,-1.799758e+02
575.43994,7.143874e-01,-1.492977e+02,6.009166e-03,1.991610e+01,5.951815e-03,1.514937e+01,9.608396e-01,-1.799736e+02
630.95734,7.116695e-01,-1.518347e+02,6.032887e-03,1.864590e+01,5.978856e-03,1.430141e+01,9.608415e-01,-1.799711e+02
691.83097,7.093696e-01,-1.541713e+02,6.053856e-03,1.752235e+01,6.002616e-03,1.356379e+01,9.608438e-01,-1.799684e+02
758.57758,7.074303e-01,-1.563184e+02,6.072682e-03,1.653830e+01,6.023788e-03,1.293248e+01,9.608464e-01,-1.799654e+02
831.76377,7.058005e-01,-1.582876e+02,6.089932e-03,1.568712e+01,6.043011e-03,1.240376e+01,9.608494e-01,-1.799621e+02
912.01084,7.044353e-01,-1.600902e+02,6.106139e-03,1.496282e+01,6.060879e-03,1.197427e+01,9.608530e-01,-1.799586e+02
1000.00000,7.032957e-01,-1.617374e+02,6.121813e-03,1.435999e+01,6.077956e-03,1.164103e+01,9.608574e-01,-1.799546e+02
1096.47820,7.023483e-01,-1.632401e+02,6.137457e-03,1.387386e+01,6.094789e-03,1.140153e+01,9.608625e-01,-1.799503e+02
1202.26443,7.015645e-01,-1.646085e+02,6.153577e-03,1.350030e+01,6.111922e-03,1.125365e+01,9.608687e-01,-1.799455e+02
1318.25674,7.009202e-01,-1.658524e+02,6.170695e-03,1.323572e+01,6.129911e-03,1.119570e+01,9.608761e-01,-1.799403e+02
1445.43977,7.003954e-01,-1.669810e+02,6.189367e-03,1.307707e+01,6.149341e-03,1.122632e+01,9.608849e-01,-1.799347e+02
1584.89319,6.999734e-01,-1.680026e+02,6.210196e-03,1.302172e+01,6.170839e-03,1.134447e+01,9.608955e-01,-1.799284e+02
1737.80083,6.996407e-01,-1.689252e+02,6.233847e-03,1.306741e+01,6.195092e-03,1.154929e+01,9.609083e-01,-1.799216e+02
1905.46072,6.993867e-01,-1.697559e+02,6.261070e-03,1.321206e+01,6.222868e-03,1.184001e+01,9.609235e-01,-1.799141e+02
2089.29613,6.992031e-01,-1.705013e+02,6.292710e-03,1.345366e+01,6.255032e-03,1.221578e+01,9.609418e-01,-1.799059e+02
2290.86765,6.990838e-01,-1.711675e+02,6.329734e-03,1.379002e+01,6.292564e-03,1.267549e+01,9.609638e-01,-1.798970e+02
2511.88643,6.990250e-01,-1.717598e+02,6.373244e-03,1.421856e+01,6.336582e-03,1.321750e+01,9.609902e-01,-1.798872e+02
2754.22870,6.990246e-01,-1.722832e+02,6.424501e-03,1.473602e+01,6.388363e-03,1.383941e+01,9.610218e-01,-1.798765e+02
3019.95172,6.990827e-01,-1.727419e+02,6.484943e-03,1.533811e+01,6.449355e-03,1.453767e+01,9.610596e-01,-1.798648e+02
3311.31121,6.992009e-01,-1.731400e+02,6.556199e-03,1.601912e+01,6.521201e-03,1.530722e+01,9.611050e-01,-1.798521e+02
3630.78055,6.993832e-01,-1.734807e+02,6.640100e-03,1.677152e+01,6.605744e-03,1.614110e+01,9.611592e-01,-1.798382e+02
3981.07171,6.996352e-01,-1.737673e+02,6.738686e-03,1.758552e+01,6.705035e-03,1.703000e+01,9.612241e-01,-1.798232e+02
4365.15832,6.999648e-01,-1.740022e+02,6.854201e-03,1.844865e+01,6.821327e-03,1.796185e+01,9.613016e-01,-1.798068e+02
4786.30092,7.003824e-01,-1.741878e+02,6.989072e-03,1.934539e+01,6.957056e-03,1.892144e+01,9.613940e-01,-1.797891e+02
5248.07460,7.009009e-01,-1.743262e+02,7.145876e-03,2.025690e+01,7.114805e-03,1.989021e+01,9.615040e-01,-1.797699e+02
5754.39937,7.015359e-01,-1.744189e+02,7.327285e-03,2.116090e+01,7.297249e-03,2.084611e+01,9.616348e-01,-1.797492e+02
6309.57344,7.023063e-01,-1.744677e+02,7.535988e-03,2.203179e+01,7.507079e-03,2.176372e+01,9.617899e-01,-1.797270e+02
6918.30971,7.032345e-01,-1.744737e+02,7.774586e-03,2.284095e+01,7.746891e-03,2.261462e+01,9.619734e-01,-1.797032e+02
7585.77575,7.043467e-01,-1.744383e+02,8.045458e-03,2.355737e+01,8.019061e-03,2.336800e+01,9.621898e-01,-1.796779e+02
8317.63771,7.056732e-01,-1.743628e+02,8.350611e-03,2.414846e+01,8.325585e-03,2.399150e+01,9.624440e-01,-1.796511e+02
9120.10839,7.072485e-01,-1.742485e+02,8.691489e-03,2.458114e+01,8.667895e-03,2.445229e+01,9.627415e-01,-1.796229e+02
10000.00000,7.091119e-01,-1.740967e+02,9.068774e-03,2.482297e+01,9.046658e-03,2.471821e+01,9.630878e-01,-1.795935e+02
