! ! 
! S ! 
! ! 
! # MHz  S  MA  R  50.00000
! ! ===================================================================
1.00000,9.926994e-01,-7.547060e-01,2.484232e-03,1.784779e+02,4.699952e-05,8.956907e+01,9.608036e-01,-1.799834e+02
1.09648,9.926964e-01,-8.275160e-01,2.484308e-03,1.783295e+02,5.153363e-05,8.952596e+01,9.608036e-01,-1.799848e+02
1.20226,9.926927e-01,-9.073497e-01,2.484400e-03,1.781669e+02,5.650510e-05,8.947882e+01,9.608036e-01,-1.799861e+02
1.31826,9.926883e-01,-9.948845e-01,2.484510e-03,1.779888e+02,6.195606e-05,8.942727e+01,9.608036e-01,-1.799874e+02
1.44544,9.926830e-01,-1.090863e+00,2.484642e-03,1.777937e+02,6.793276e-05,8.937085e+01,9.608036e-01,-1.799885e+02
1.58489,9.926766e-01,-1.196099e+00,2.484801e-03,1.775798e+02,7.448584e-05,8.930909e+01,9.608036e-01,-1.799895e+02
1.73780,9.926690e-01,-1.311486e+00,2.484992e-03,1.773455e+02,8.167086e-05,8.924147e+01,9.608036e-01,-1.799904e+02
1.90546,9.926598e-01,-1.438002e+00,2.485221e-03,1.770886e+02,8.954868e-05,8.916742e+01,9.608036e-01,-1.799912e+02
2.08930,9.926487e-01,-1.576720e+00,2.485497e-03,1.768071e+02,9.818601e-05,8.908630e+01,9.608036e-01,-1.799919e+02
2.29087,9.926354e-01,-1.728815e+00,2.485829e-03,1.764986e+02,1.076560e-04,8.899743e+01,9.608036e-01,-1.799926e+02
2.51189,9.926194e-01,-1.895576e+00,2.486228e-03,1.761605e+02,1.180387e-04,8.890006e+01,9.608036e-01,-1.799933e+02
2.75423,9.926002e-01,-2.078416e+00,2.486707e-03,1.757899e+02,1.294219e-04,8.879336e+01,9.608036e-01,-1.799938e+02
3.01995,9.925771e-01,-2.278882e+00,2.487283e-03,1.753838e+02,1.419018e-04,8.867643e+01,9.608036e-01,-1.799943e+02
3.31131,9.925493e-01,-2.498672e+00,2.487975e-03,1.749388e+02,1.555836e-04,8.854828e+01,9.608036e-01,-1.799948e+02
3.63078,9.925159e-01,-2.739643e+00,2.488807e-03,1.744512e+02,1.705827e-04,8.840782e+01,9.608036e-01,-1.799952e+02
3.98107,9.924758e-01,-3.003832e+00,2.489806e-03,1.739169e+02,1.870253e-04,8.825388e+01,9.608036e-01,-1.799956e+02
4.36516,9.924275e-01,-3.293470e+00,2.491007e-03,1.733316e+02,2.050495e-04,8.808516e+01,9.608036e-01,-1.799959e+02
4.78630,9.923696e-01,-3.610998e+00,2.492448e-03,1.726905e+02,2.248063e-04,8.790023e+01,9.608036e-01,-1.799963e+02
5.24807,9.922999e-01,-3.959090e+00,2.494180e-03,1.719883e+02,2.464611e-04,8.769754e+01,9.608036e-01,-1.799965e+02
5.75440,9.922162e-01,-4.340675e+00,2.496259e-03,1.712195e+02,2.701942e-04,8.747540e+01,9.608036e-01,-1.799968e+02
6.30957,9.921156e-01,-4.758952e+00,2.498754e-03,1.703780e+02,2.962027e-04,8.723193e+01,9.608037e-01,-1.799970e+02
6.91831,9.919948e-01,-5.217424e+00,2.501748e-03,1.694571e+02,3.247017e-04,8.696512e+01,9.608037e-01,-1.799972e+02
7.58578,9.918497e-01,-5.719918e+00,2.505339e-03,1.684499e+02,3.559253e-04,8.667275e+01,9.608037e-01,-1.799974e+02
8.31764,9.916754e-01,-6.270615e+00,2.509644e-03,1.673486e+02,3.901288e-04,8.635240e+01,9.608037e-01,-1.799975e+02
9.12011,9.914662e-01,-6.874076e+00,2.514802e-03,1.661453e+02,4.275892e-04,8.600142e+01,9.608037e-01,-1.799976e+02
10.00000,9.912150e-01,-7.535279e+00,2.520979e-03,1.648313e+02,4.686073e-04,8.561696e+01,9.608038e-01,-1.799978e+02
10.96478,9.909136e-01,-8.259640e+00,2.528368e-03,1.633975e+02,5.135084e-04,8.519589e+01,9.608038e-01,-1.799978e+02
12.02264,9.905521e-01,-9.053055e+00,2.537200e-03,1.618347e+02,5.626439e-04,8.473482e+01,9.608038e-01,-1.799979e+02
13.18257,9.901186e-01,-9.921923e+00,2.547744e-03,1.601329e+02,6.163917e-04,8.423010e+01,9.608039e-01,-1.799980e+02
14.45440,9.895993e-01,-1.087318e+01,2.560316e-03,1.582824e+02,6.751567e-04,8.367775e+01,9.608040e-01,-1.799980e+02
15.84893,9.889773e-01,-1.191433e+01,2.575280e-03,1.562731e+02,7.393706e-04,8.307352e+01,9.608040e-01,-1.799980e+02
17.37801,9.882332e-01,-1.305344e+01,2.593059e-03,1.540955e+02,8.094907e-04,8.241285e+01,9.608041e-01,-1.799980e+02
19.05461,9.873437e-01,-1.429921e+01,2.614136e-03,1.517402e+02,8.859976e-04,8.169084e+01,9.608042e-01,-1.799980e+02
20.89296,9.862816e-01,-1.566091e+01,2.639057e-03,1.491989e+02,9.693917e-04,8.090232e+01,9.608044e-01,-1.799980e+02
22.90868,9.850152e-01,-1.714841e+01,2.668433e-03,1.464646e+02,1.060187e-03,8.004184e+01,9.608045e-01,-1.799979e+02
25.11886,9.835077e-01,-1.877215e+01,2.702939e-03,1.435315e+02,1.158904e-03,7.910372e+01,9.608047e-01,-1.799979e+02
27.54229,9.817165e-01,-2.054306e+01,2.743306e-03,1.403965e+02,1.266057e-03,7.808206e+01,9.608049e-01,-1.799978e+02
30.19952,9.795932e-01,-2.247247e+01,2.790309e-03,1.370585e+02,1.382140e-03,7.697091e+01,9.608052e-01,-1.799977e+02
33.11311,9.770830e-01,-2.457200e+01,2.844747e-03,1.335197e+02,1.507606e-03,7.576430e+01,9.608055e-01,-1.799976e+02
36.30781,9.741249e-01,-2.685334e+01,2.907417e-03,1.297855e+02,1.642845e-03,7.445643e+01,9.608058e-01,-1.799974e+02
39.81072,9.706521e-01,-2.932801e+01,2.979076e-03,1.258645e+02,1.788153e-03,7.304187e+01,9.608063e-01,-1.799973e+02
43.65158,9.665931e-01,-3.200704e+01,3.060395e-03,1.217691e+02,1.943696e-03,7.151577e+01,9.608067e-01,-1.799971e+02
47.86301,9.618733e-01,-3.490056e+01,3.151907e-03,1.175147e+02,2.109471e-03,6.987417e+01,9.608073e-01,-1.799969e+02
52.48075,9.564178e-01,-3.801731e+01,3.253947e-03,1.131198e+02,2.285261e-03,6.811434e+01,9.608079e-01,-1.799967e+02
57.54399,9.501554e-01,-4.136406e+01,3.366592e-03,1.086055e+02,2.470595e-03,6.623513e+01,9.608087e-01,-1.799964e+02
63.09573,9.430232e-01,-4.494497e+01,3.489605e-03,1.039947e+02,2.664705e-03,6.423739e+01,9.608095e-01,-1.799962e+02
69.18310,9.349729e-01,-4.876091e+01,3.622389e-03,9.931188e+01,2.866493e-03,6.212436e+01,9.608105e-01,-1.799959e+02
75.85776,9.259776e-01,-5.280878e+01,3.763958e-03,9.458255e+01,3.074516e-03,5.990201e+01,9.608115e-01,-1.799956e+02
83.17638,9.160387e-01,-5.708082e+01,3.912934e-03,8.983275e+01,3.286993e-03,5.757933e+01,9.608126e-01,-1.799952e+02
91.20108,9.051922e-01,-6.156415e+01,4.067573e-03,8.508881e+01,3.501836e-03,5.516840e+01,9.608139e-01,-1.799948e+02
100.00000,8.935135e-01,-6.624039e+01,4.225826e-03,8.037706e+01,3.716717e-03,5.268442e+01,9.608152e-01,-1.799944e+02
109.64782,8.811189e-01,-7.108562e+01,4.385431e-03,7.572355e+01,3.929159e-03,5.014536e+01,9.608166e-01,-1.799940e+02
120.22644,8.681640e-01,-7.607064e+01,4.544029e-03,7.115369e+01,4.136660e-03,4.757151e+01,9.608180e-01,-1.799935e+02
131.82567,8.548375e-01,-8.116155e+01,4.699295e-03,6.669186e+01,4.336821e-03,4.498477e+01,9.608195e-01,-1.799930e+02
144.54398,8.413510e-01,-8.632071e+01,4.849071e-03,6.236090e+01,4.527476e-03,4.240778e+01,9.608210e-01,-1.799925e+02
158.48932,8.279262e-01,-9.150798e+01,4.991481e-03,5.818162e+01,4.706809e-03,3.986305e+01,9.608224e-01,-1.799918e+02
173.78008,8.147808e-01,-9.668215e+01,5.125017e-03,5.417223e+01,4.873429e-03,3.737197e+01,9.608239e-01,-1.799912e+02
190.54607,8.021148e-01,-1.018025e+02,5.248588e-03,5.034797e+01,5.026419e-03,3.495412e+01,9.608253e-01,-1.799905e+02
208.92961,7.900987e-01,-1.068301e+02,5.361536e-03,4.672080e+01,5.165333e-03,3.262659e+01,9.608266e-01,-1.799897e+02
229.08677,7.788665e-01,-1.117296e+02,5.463607e-03,4.329930e+01,5.290165e-03,3.040359e+01,9.608279e-01,-1.799888e+02
251.18864,7.685116e-01,-1.164697e+02,5.554907e-03,4.008867e+01,5.401287e-03,2.829632e+01,9.608291e-01,-1.799878e+02
275.42287,7.590869e-01,-1.210244e+02,5.635830e-03,3.709104e+01,5.499372e-03,2.631295e+01,9.608303e-01,-1.799868e+02
301.99517,7.506089e-01,-1.253730e+02,5.706991e-03,3.430573e+01,5.585313e-03,2.445888e+01,9.608315e-01,-1.799856e+02
331.13112,7.430629e-01,-1.295005e+02,5.769155e-03,3.172970e+01,5.660144e-03,2.273700e+01,9.608327e-01,-1.799844e+02
363.07805,7.364098e-01,-1.333970e+02,5.823173e-03,2.935802e+01,5.724973e-03,2.114809e+01,9.608338e-01,-1.799830e+02
398.10717,7.305930e-01,-1.370576e+02,5.869931e-03,2.718428e+01,5.780924e-03,1.969123e+01,9.608350e-01,-1.799814e+02
436.51583,7.255451e-01,-1.404816e+02,5.910315e-03,2.520108e+01,5.829101e-03,1.836420e+01,9.608363e-01,-1.799797e+02
478.63009,7.211927e-01,-1.436717e+02,5.945180e-03,2.340036e+01,5.870553e-03,1.716382e+01,9.608376e-01,-1.799779e+02
524.80746,7.174611e-01,-1.466338e+02,5.975333e-03,2.177377e+01,5.906265e-03,1.608629e+01,9.608391e-01,-1.799758e+02
575.43994,7.142778e-01,-1.493756e+02,6.001529e-03,2.031290e+01,5.937140e-03,1.512749e+01,9.608408e-01,-1.799736e+02
630.95734,7.115738e-01,-1.519067e+02,6.024461e-03,1.900954e+01,5.964009e-03,1.428315e+01,9.608427e-01,-1.799711e+02
691.83097,7.092860e-01,-1.542376e+02,6.044770e-03,1.785583e+01,5.987626e-03,1.354906e+01,9.608449e-01,-1.799684e+02
758.57758,7.073570e-01,-1.563794e+02,6.063046e-03,1.684437e+01,6.008681e-03,1.292121e+01,9.608475e-01,-1.799654e+02
831.76377,7.057360e-01,-1.583436e+02,6.079839e-03,1.596834e+01,6.027811e-03,1.239590e+01,9.608506e-01,-1.799621e+02
912.01084,7.043783e-01,-1.601416e+02,6.095667e-03,1.522152e+01,6.045606e-03,1.196976e+01,9.608542e-01,-1.799585e+02
1000.00000,7.032450e-01,-1.617845e+02,6.111031e-03,1.459833e+01,6.062629e-03,1.163987e+01,9.608585e-01,-1.799546e+02
1096.47820,7.023030e-01,-1.632832e+02,6.126423e-03,1.409384e+01,6.079425e-03,1.140370e+01,9.608637e-01,-1.799503e+02
1202.26443,7.015237e-01,-1.646480e+02,6.142340e-03,1.370373e+01,6.096538e-03,1.125916e+01,9.608699e-01,-1.799455e+02
1318.25674,7.008832e-01,-1.658885e+02,6.159298e-03,1.342430e+01,6.114522e-03,1.120457e+01,9.608773e-01,-1.799403e+02
1445.43977,7.003616e-01,-1.670139e+02,6.177849e-03,1.325235e+01,6.133963e-03,1.123859e+01,9.608861e-01,-1.799346e+02
1584.89319,6.999423e-01,-1.680327e+02,6.198591e-03,1.318515e+01,6.155486e-03,1.136020e+01,9.608968e-01,-1.799284e+02
1737.80083,6.996119e-01,-1.689526e+02,6.222186e-03,1.322031e+01,6.179782e-03,1.156855e+01,9.609095e-01,-1.799215e+02
1905.46072,6.993598e-01,-1.697809e+02,6.249382e-03,1.335565e+01,6.207618e-03,1.186287e+01,9.609248e-01,-1.799140e+02
2089.29613,6.991778e-01,-1.705241e+02,6.281022e-03,1.358906e+01,6.239859e-03,1.224231e+01,9.609431e-01,-1.799059e+02
2290.86765,6.990599e-01,-1.711882e+02,6.318073e-03,1.391825e+01,6.277490e-03,1.270577e+01,9.609651e-01,-1.798969e+02
2511.88643,6.990022e-01,-1.717787e+02,6.361637e-03,1.434057e+01,6.321631e-03,1.325160e+01,9.609915e-01,-1.798871e+02
2754.22870,6.990029e-01,-1.723003e+02,6.412976e-03,1.485265e+01,6.373558e-03,1.387737e+01,9.610232e-01,-1.798764e+02
3019.95172,6.990618e-01,-1.727575e+02,6.473529e-03,1.545009e+01,6.434726e-03,1.457950e+01,9.610611e-01,-1.798647e+02
3311.31121,6.991809e-01,-1.731541e+02,6.544924e-03,1.612712e+01,6.506779e-03,1.535291e+01,9.611065e-01,-1.798520e+02
3630.78055,6.993639e-01,-1.734935e+02,6.628998e-03,1.687608e+01,6.591563e-03,1.619057e+01,9.611608e-01,-1.798381e+02
3981.07171,6.996165e-01,-1.737788e+02,6.727789e-03,1.768708e+01,6.691133e-03,1.708310e+01,9.612257e-01,-1.798230e+02
4365.15832,6.999468e-01,-1.740126e+02,6.843545e-03,1.854756e+01,6.807744e-03,1.801837e+01,9.613033e-01,-1.798067e+02
4786.30092,7.003651e-01,-1.741972e+02,6.978692e-03,1.944186e+01,6.943833e-03,1.898107e+01,9.613958e-01,-1.797889e+02
5248.07460,7.008842e-01,-1.743346e+02,7.135809e-03,2.035103e+01,7.101986e-03,1.995256e+01,9.615060e-01,-1.797697e+02
5754.39937,7.015198e-01,-1.744265e+02,7.317567e-03,2.125270e+01,7.284878e-03,2.091069e+01,9.616369e-01,-1.797491e+02
6309.57344,7.022910e-01,-1.744744e+02,7.526653e-03,2.212114e+01,7.495196e-03,2.182995e+01,9.617922e-01,-1.797268e+02
6918.30971,7.032200e-01,-1.744797e+02,7.765665e-03,2.292765e+01,7.735535e-03,2.268186e+01,9.619759e-01,-1.797031e+02
7585.77575,7.043330e-01,-1.744437e+02,8.036980e-03,2.364114e+01,8.008266e-03,2.343555e+01,9.621925e-01,-1.796777e+02
8317.63771,7.056605e-01,-1.743675e+02,8.342594e-03,2.422898e+01,8.315376e-03,2.405861e+01,9.624471e-01,-1.796509e+02
9120.10839,7.072369e-01,-1.742526e+02,8.683946e-03,2.465806e+01,8.658290e-03,2.451823e+01,9.627448e-01,-1.796227e+02
10000.00000,7.091015e-01,-1.741003e+02,9.061708e-03,2.489594e+01,9.037664e-03,2.478229e+01,9.630915e-01,-1.795933e+02
