! ! 
! S ! 
! ! 
! # MHz  S  MA  R  50.00000
! ! ===================================================================
1.00000,9.927891e-01,-7.532628e-01,2.339687e-03,1.784118e+02,4.699581e-05,8.956989e+01,9.608036e-01,-1.799834e+02
1.09648,9.927860e-01,-8.259335e-01,2.339769e-03,1.782570e+02,5.152957e-05,8.952686e+01,9.608036e-01,-1.799848e+02
1.20226,9.927824e-01,-9.056145e-01,2.339868e-03,1.780875e+02,5.650064e-05,8.947981e+01,9.608036e-01,-1.799861e+02
1.31826,9.927780e-01,-9.929819e-01,2.339988e-03,1.779018e+02,6.195118e-05,8.942835e+01,9.608036e-01,-1.799874e+02
1.44544,9.927727e-01,-1.088777e+00,2.340131e-03,1.776982e+02,6.792741e-05,8.937204e+01,9.608036e-01,-1.799885e+02
1.58489,9.927664e-01,-1.193812e+00,2.340303e-03,1.774752e+02,7.447999e-05,8.931040e+01,9.608036e-01,-1.799895e+02
1.73780,9.927587e-01,-1.308978e+00,2.340511e-03,1.772307e+02,8.166444e-05,8.924290e+01,9.608036e-01,-1.799904e+02
1.90546,9.927496e-01,-1.435253e+00,2.340760e-03,1.769629e+02,8.954165e-05,8.916898e+01,9.608036e-01,-1.799912e+02
2.08930,9.927385e-01,-1.573705e+00,2.341059e-03,1.766693e+02,9.817831e-05,8.908802e+01,9.608036e-01,-1.799919e+02
2.29087,9.927253e-01,-1.725509e+00,2.341419e-03,1.763475e+02,1.076475e-04,8.899931e+01,9.608036e-01,-1.799926e+02
2.51189,9.927093e-01,-1.891951e+00,2.341852e-03,1.759949e+02,1.180294e-04,8.890212e+01,9.608036e-01,-1.799933e+02
2.75423,9.926902e-01,-2.074442e+00,2.342372e-03,1.756085e+02,1.294118e-04,8.879562e+01,9.608036e-01,-1.799938e+02
3.01995,9.926672e-01,-2.274525e+00,2.342997e-03,1.751850e+02,1.418907e-04,8.867891e+01,9.608036e-01,-1.799943e+02
3.31131,9.926395e-01,-2.493895e+00,2.343747e-03,1.747209e+02,1.555715e-04,8.855099e+01,9.608036e-01,-1.799948e+02
3.63078,9.926062e-01,-2.734406e+00,2.344650e-03,1.742125e+02,1.705695e-04,8.841080e+01,9.608036e-01,-1.799952e+02
3.98107,9.925662e-01,-2.998090e+00,2.345733e-03,1.736555e+02,1.870108e-04,8.825715e+01,9.608036e-01,-1.799956e+02
4.36516,9.925182e-01,-3.287175e+00,2.347035e-03,1.730453e+02,2.050337e-04,8.808874e+01,9.608036e-01,-1.799959e+02
4.78630,9.924604e-01,-3.604097e+00,2.348599e-03,1.723770e+02,2.247892e-04,8.790416e+01,9.608036e-01,-1.799963e+02
5.24807,9.923910e-01,-3.951526e+00,2.350477e-03,1.716452e+02,2.464424e-04,8.770185e+01,9.608036e-01,-1.799965e+02
5.75440,9.923076e-01,-4.332382e+00,2.352731e-03,1.708441e+02,2.701738e-04,8.748011e+01,9.608036e-01,-1.799968e+02
6.30957,9.922074e-01,-4.749862e+00,2.355436e-03,1.699674e+02,2.961806e-04,8.723711e+01,9.608037e-01,-1.799970e+02
6.91831,9.920870e-01,-5.207461e+00,2.358682e-03,1.690083e+02,3.246778e-04,8.697079e+01,9.608037e-01,-1.799972e+02
7.58578,9.919424e-01,-5.708999e+00,2.362574e-03,1.679596e+02,3.558996e-04,8.667896e+01,9.608037e-01,-1.799974e+02
8.31764,9.917687e-01,-6.258648e+00,2.367238e-03,1.668134e+02,3.901011e-04,8.635920e+01,9.608037e-01,-1.799975e+02
9.12011,9.915602e-01,-6.860964e+00,2.372826e-03,1.655615e+02,4.275595e-04,8.600888e+01,9.608037e-01,-1.799976e+02
10.00000,9.913099e-01,-7.520913e+00,2.379514e-03,1.641952e+02,4.685756e-04,8.562513e+01,9.608038e-01,-1.799978e+02
10.96478,9.910095e-01,-8.243903e+00,2.387512e-03,1.627054e+02,5.134748e-04,8.520483e+01,9.608038e-01,-1.799978e+02
12.02264,9.906492e-01,-9.035819e+00,2.397068e-03,1.610826e+02,5.626086e-04,8.474461e+01,9.608038e-01,-1.799979e+02
13.18257,9.902173e-01,-9.903051e+00,2.408470e-03,1.593171e+02,6.163550e-04,8.424081e+01,9.608039e-01,-1.799980e+02
14.45440,9.896997e-01,-1.085252e+01,2.422056e-03,1.573992e+02,6.751191e-04,8.368948e+01,9.608040e-01,-1.799980e+02
15.84893,9.890799e-01,-1.189172e+01,2.438216e-03,1.553192e+02,7.393329e-04,8.308635e+01,9.608040e-01,-1.799980e+02
17.37801,9.883384e-01,-1.302871e+01,2.457399e-03,1.530681e+02,8.094538e-04,8.242687e+01,9.608041e-01,-1.799980e+02
19.05461,9.874519e-01,-1.427217e+01,2.480116e-03,1.506373e+02,8.859631e-04,8.170616e+01,9.608042e-01,-1.799980e+02
20.89296,9.863934e-01,-1.563136e+01,2.506946e-03,1.480192e+02,9.693616e-04,8.091904e+01,9.608044e-01,-1.799980e+02
22.90868,9.851312e-01,-1.711614e+01,2.538530e-03,1.452081e+02,1.060164e-03,8.006009e+01,9.608045e-01,-1.799979e+02
25.11886,9.836287e-01,-1.873694e+01,2.575575e-03,1.421997e+02,1.158892e-03,7.912359e+01,9.608047e-01,-1.799979e+02
27.54229,9.818433e-01,-2.050467e+01,2.618837e-03,1.389924e+02,1.266061e-03,7.810370e+01,9.608049e-01,-1.799978e+02
30.19952,9.797268e-01,-2.243067e+01,2.669118e-03,1.355872e+02,1.382165e-03,7.699442e+01,9.608051e-01,-1.799977e+02
33.11311,9.772246e-01,-2.452654e+01,2.727232e-03,1.319881e+02,1.507662e-03,7.578981e+01,9.608054e-01,-1.799976e+02
36.30781,9.742756e-01,-2.680398e+01,2.793986e-03,1.282024e+02,1.642942e-03,7.448405e+01,9.608058e-01,-1.799974e+02
39.81072,9.708133e-01,-2.927451e+01,2.870133e-03,1.242409e+02,1.788304e-03,7.307171e+01,9.608062e-01,-1.799973e+02
43.65158,9.667660e-01,-3.194918e+01,2.956331e-03,1.201174e+02,1.943917e-03,7.154791e+01,9.608067e-01,-1.799971e+02
47.86301,9.620594e-01,-3.483814e+01,3.053083e-03,1.158485e+02,2.109783e-03,6.990869e+01,9.608072e-01,-1.799969e+02
52.48075,9.566184e-01,-3.795016e+01,3.160684e-03,1.114535e+02,2.285689e-03,6.815127e+01,9.608079e-01,-1.799967e+02
57.54399,9.503716e-01,-4.129206e+01,3.279160e-03,1.069534e+02,2.471170e-03,6.627447e+01,9.608086e-01,-1.799964e+02
63.09573,9.432560e-01,-4.486807e+01,3.408211e-03,1.023706e+02,2.665460e-03,6.427910e+01,9.608094e-01,-1.799962e+02
69.18310,9.352230e-01,-4.867913e+01,3.547172e-03,9.772858e+01,2.867468e-03,6.216835e+01,9.608103e-01,-1.799959e+02
75.85776,9.262449e-01,-5.272221e+01,3.694984e-03,9.305122e+01,3.075756e-03,5.994813e+01,9.608114e-01,-1.799956e+02
83.17638,9.163227e-01,-5.698968e+01,3.850196e-03,8.836271e+01,3.288545e-03,5.762735e+01,9.608125e-01,-1.799952e+02
91.20108,9.054915e-01,-6.146875e+01,4.010994e-03,8.368735e+01,3.503751e-03,5.521805e+01,9.608137e-01,-1.799949e+02
100.00000,8.938259e-01,-6.614117e+01,4.175261e-03,7.904940e+01,3.719043e-03,5.273534e+01,9.608150e-01,-1.799945e+02
109.64782,8.814414e-01,-7.098313e+01,4.340675e-03,7.447292e+01,3.931945e-03,5.019717e+01,9.608164e-01,-1.799940e+02
120.22644,8.684930e-01,-7.596554e+01,4.504823e-03,6.998154e+01,4.139946e-03,4.762376e+01,9.608178e-01,-1.799935e+02
131.82567,8.551686e-01,-8.105457e+01,4.665336e-03,6.559810e+01,4.340641e-03,4.503700e+01,9.608192e-01,-1.799930e+02
144.54398,8.416796e-01,-8.621267e+01,4.820021e-03,6.134417e+01,4.531855e-03,4.245953e+01,9.608207e-01,-1.799925e+02
158.48932,8.282479e-01,-9.139973e+01,4.966976e-03,5.723954e+01,4.711759e-03,3.991385e+01,9.608221e-01,-1.799919e+02
173.78008,8.150913e-01,-9.657455e+01,5.104678e-03,5.330170e+01,4.878952e-03,3.742140e+01,9.608236e-01,-1.799912e+02
190.54607,8.024102e-01,-1.016964e+02,5.232032e-03,4.954538e+01,5.032503e-03,3.500179e+01,9.608249e-01,-1.799905e+02
208.92961,7.903761e-01,-1.067263e+02,5.348381e-03,4.598222e+01,5.171957e-03,3.267216e+01,9.608263e-01,-1.799897e+02
229.08677,7.791238e-01,-1.116287e+02,5.453484e-03,4.262063e+01,5.297300e-03,3.044681e+01,9.608276e-01,-1.799888e+02
251.18864,7.687473e-01,-1.163724e+02,5.547463e-03,3.946580e+01,5.408898e-03,2.833697e+01,9.608288e-01,-1.799879e+02
275.42287,7.593007e-01,-1.209312e+02,5.630737e-03,3.651991e+01,5.507419e-03,2.635089e+01,9.608300e-01,-1.799868e+02
301.99517,7.508010e-01,-1.252842e+02,5.703946e-03,3.378241e+01,5.593754e-03,2.449401e+01,9.608311e-01,-1.799856e+02
331.13112,7.432341e-01,-1.294164e+02,5.767881e-03,3.125043e+01,5.668936e-03,2.276927e+01,9.608323e-01,-1.799844e+02
363.07805,7.365614e-01,-1.333178e+02,5.823423e-03,2.891923e+01,5.734075e-03,2.117749e+01,9.608334e-01,-1.799830e+02
398.10717,7.307265e-01,-1.369833e+02,5.871487e-03,2.678263e+01,5.790297e-03,1.971778e+01,9.608346e-01,-1.799814e+02
436.51583,7.256621e-01,-1.404121e+02,5.912983e-03,2.483344e+01,5.838709e-03,1.838793e+01,9.608358e-01,-1.799797e+02
478.63009,7.212949e-01,-1.436071e+02,5.948792e-03,2.306382e+01,5.880363e-03,1.718479e+01,9.608372e-01,-1.799779e+02
524.80746,7.175503e-01,-1.465738e+02,5.979744e-03,2.146562e+01,5.916246e-03,1.610457e+01,9.608387e-01,-1.799758e+02
575.43994,7.143555e-01,-1.493201e+02,6.006612e-03,2.003065e+01,5.947267e-03,1.514314e+01,9.608404e-01,-1.799736e+02
630.95734,7.116417e-01,-1.518555e+02,6.030109e-03,1.875088e+01,5.974257e-03,1.429623e+01,9.608423e-01,-1.799711e+02
691.83097,7.093453e-01,-1.541904e+02,6.050891e-03,1.761863e+01,5.997974e-03,1.355963e+01,9.608445e-01,-1.799684e+02
758.57758,7.074089e-01,-1.563360e+02,6.069562e-03,1.662667e+01,6.019112e-03,1.292933e+01,9.608471e-01,-1.799654e+02
831.76377,7.057816e-01,-1.583037e+02,6.086682e-03,1.576833e+01,6.038306e-03,1.240160e+01,9.608501e-01,-1.799621e+02
912.01084,7.044186e-01,-1.601050e+02,6.102781e-03,1.503754e+01,6.056152e-03,1.197308e+01,9.608538e-01,-1.799585e+02
1000.00000,7.032808e-01,-1.617510e+02,6.118368e-03,1.442884e+01,6.073213e-03,1.164081e+01,9.608581e-01,-1.799546e+02
1096.47820,7.023349e-01,-1.632525e+02,6.133940e-03,1.393743e+01,6.090034e-03,1.140228e+01,9.608633e-01,-1.799503e+02
1202.26443,7.015524e-01,-1.646199e+02,6.150001e-03,1.355911e+01,6.107161e-03,1.125538e+01,9.608694e-01,-1.799455e+02
1318.25674,7.009092e-01,-1.658628e+02,6.167074e-03,1.329025e+01,6.125148e-03,1.119841e+01,9.608768e-01,-1.799403e+02
1445.43977,7.003853e-01,-1.669905e+02,6.185711e-03,1.312778e+01,6.144580e-03,1.123002e+01,9.608857e-01,-1.799346e+02
1584.89319,6.999641e-01,-1.680113e+02,6.206515e-03,1.306903e+01,6.166084e-03,1.134918e+01,9.608963e-01,-1.799284e+02
1737.80083,6.996321e-01,-1.689331e+02,6.230150e-03,1.311170e+01,6.190348e-03,1.155503e+01,9.609090e-01,-1.799216e+02
1905.46072,6.993786e-01,-1.697631e+02,6.257364e-03,1.325368e+01,6.218140e-03,1.184681e+01,9.609243e-01,-1.799141e+02
2089.29613,6.991954e-01,-1.705079e+02,6.289003e-03,1.349294e+01,6.250325e-03,1.222366e+01,9.609426e-01,-1.799059e+02
2290.86765,6.990765e-01,-1.711735e+02,6.326033e-03,1.382725e+01,6.287884e-03,1.268447e+01,9.609646e-01,-1.798969e+02
2511.88643,6.990180e-01,-1.717653e+02,6.369557e-03,1.425402e+01,6.331935e-03,1.322761e+01,9.609909e-01,-1.798872e+02
2754.22870,6.990180e-01,-1.722881e+02,6.420836e-03,1.476996e+01,6.383756e-03,1.385066e+01,9.610226e-01,-1.798765e+02
3019.95172,6.990762e-01,-1.727464e+02,6.481308e-03,1.537074e+01,6.444796e-03,1.455006e+01,9.610604e-01,-1.798648e+02
3311.31121,6.991947e-01,-1.731441e+02,6.552601e-03,1.605063e+01,6.516698e-03,1.532076e+01,9.611058e-01,-1.798521e+02
3630.78055,6.993772e-01,-1.734845e+02,6.636548e-03,1.680208e+01,6.601307e-03,1.615576e+01,9.611600e-01,-1.798382e+02
3981.07171,6.996293e-01,-1.737707e+02,6.735189e-03,1.761526e+01,6.700674e-03,1.704575e+01,9.612249e-01,-1.798231e+02
4365.15832,6.999591e-01,-1.740053e+02,6.850769e-03,1.847766e+01,6.817053e-03,1.797862e+01,9.613024e-01,-1.798068e+02
4786.30092,7.003769e-01,-1.741906e+02,6.985714e-03,1.937375e+01,6.952880e-03,1.893916e+01,9.613948e-01,-1.797890e+02
5248.07460,7.008955e-01,-1.743287e+02,7.142601e-03,2.028463e+01,7.110739e-03,1.990877e+01,9.615049e-01,-1.797699e+02
5754.39937,7.015306e-01,-1.744212e+02,7.324104e-03,2.118802e+01,7.293305e-03,2.086536e+01,9.616357e-01,-1.797492e+02
6309.57344,7.023012e-01,-1.744697e+02,7.532910e-03,2.205826e+01,7.503267e-03,2.178351e+01,9.617909e-01,-1.797270e+02
6918.30971,7.032295e-01,-1.744755e+02,7.771618e-03,2.286672e+01,7.743222e-03,2.263477e+01,9.619744e-01,-1.797032e+02
7585.77575,7.043419e-01,-1.744400e+02,8.042608e-03,2.358236e+01,8.015544e-03,2.338831e+01,9.621908e-01,-1.796779e+02
8317.63771,7.056685e-01,-1.743643e+02,8.347884e-03,2.417260e+01,8.322227e-03,2.401176e+01,9.624451e-01,-1.796511e+02
9120.10839,7.072441e-01,-1.742498e+02,8.688888e-03,2.460432e+01,8.664700e-03,2.447229e+01,9.627427e-01,-1.796229e+02
10000.00000,7.091077e-01,-1.740979e+02,9.066299e-03,2.484509e+01,9.043628e-03,2.473776e+01,9.630890e-01,-1.795935e+02
