! ! 
! S ! 
! ! 
! # MHz  S  MA  R  50.00000
! ! ===================================================================
1.00000,9.924348e-01,-7.589344e-01,2.924557e-03,1.786386e+02,4.700391e-05,8.956666e+01,9.608036e-01,-1.799834e+02
1.09648,9.924317e-01,-8.321522e-01,2.924617e-03,1.785057e+02,5.153845e-05,8.952332e+01,9.608036e-01,-1.799848e+02
1.20226,9.924280e-01,-9.124331e-01,2.924689e-03,1.783601e+02,5.651037e-05,8.947593e+01,9.608036e-01,-1.799861e+02
1.31826,9.924236e-01,-1.000458e+00,2.924775e-03,1.782006e+02,6.196184e-05,8.942409e+01,9.608036e-01,-1.799874e+02
1.44544,9.924182e-01,-1.096974e+00,2.924879e-03,1.780259e+02,6.793908e-05,8.936737e+01,9.608036e-01,-1.799884e+02
1.58489,9.924118e-01,-1.202800e+00,2.925003e-03,1.778344e+02,7.449277e-05,8.930528e+01,9.608036e-01,-1.799895e+02
1.73780,9.924040e-01,-1.318834e+00,2.925153e-03,1.776245e+02,8.167844e-05,8.923729e+01,9.608036e-01,-1.799904e+02
1.90546,9.923947e-01,-1.446058e+00,2.925334e-03,1.773946e+02,8.955698e-05,8.916283e+01,9.608036e-01,-1.799912e+02
2.08930,9.923836e-01,-1.585552e+00,2.925550e-03,1.771425e+02,9.819509e-05,8.908127e+01,9.608036e-01,-1.799919e+02
2.29087,9.923701e-01,-1.738499e+00,2.925810e-03,1.768663e+02,1.076659e-04,8.899192e+01,9.608036e-01,-1.799926e+02
2.51189,9.923540e-01,-1.906194e+00,2.926123e-03,1.765635e+02,1.180495e-04,8.889402e+01,9.608036e-01,-1.799933e+02
2.75423,9.923345e-01,-2.090057e+00,2.926500e-03,1.762316e+02,1.294337e-04,8.878673e+01,9.608036e-01,-1.799938e+02
3.01995,9.923112e-01,-2.291646e+00,2.926952e-03,1.758679e+02,1.419146e-04,8.866916e+01,9.608036e-01,-1.799943e+02
3.31131,9.922831e-01,-2.512666e+00,2.927495e-03,1.754693e+02,1.555976e-04,8.854031e+01,9.608036e-01,-1.799948e+02
3.63078,9.922494e-01,-2.754986e+00,2.928148e-03,1.750324e+02,1.705980e-04,8.839909e+01,9.608036e-01,-1.799952e+02
3.98107,9.922089e-01,-3.020653e+00,2.928933e-03,1.745537e+02,1.870418e-04,8.824431e+01,9.608036e-01,-1.799956e+02
4.36516,9.921601e-01,-3.311911e+00,2.929875e-03,1.740291e+02,2.050674e-04,8.807467e+01,9.608036e-01,-1.799959e+02
4.78630,9.921016e-01,-3.631214e+00,2.931008e-03,1.734543e+02,2.248257e-04,8.788873e+01,9.608036e-01,-1.799963e+02
5.24807,9.920312e-01,-3.981253e+00,2.932368e-03,1.728247e+02,2.464820e-04,8.768493e+01,9.608036e-01,-1.799965e+02
5.75440,9.919466e-01,-4.364969e+00,2.934002e-03,1.721350e+02,2.702166e-04,8.746158e+01,9.608037e-01,-1.799968e+02
6.30957,9.918450e-01,-4.785581e+00,2.935963e-03,1.713797e+02,2.962266e-04,8.721679e+01,9.608037e-01,-1.799970e+02
6.91831,9.917229e-01,-5.246611e+00,2.938317e-03,1.705527e+02,3.247270e-04,8.694852e+01,9.608037e-01,-1.799972e+02
7.58578,9.915763e-01,-5.751907e+00,2.941142e-03,1.696476e+02,3.559520e-04,8.665456e+01,9.608037e-01,-1.799974e+02
8.31764,9.914002e-01,-6.305670e+00,2.944530e-03,1.686571e+02,3.901565e-04,8.633246e+01,9.608037e-01,-1.799975e+02
9.12011,9.911888e-01,-6.912489e+00,2.948592e-03,1.675739e+02,4.276177e-04,8.597959e+01,9.608038e-01,-1.799976e+02
10.00000,9.909351e-01,-7.577364e+00,2.953460e-03,1.663896e+02,4.686359e-04,8.559304e+01,9.608038e-01,-1.799977e+02
10.96478,9.906306e-01,-8.305742e+00,2.959288e-03,1.650958e+02,5.135363e-04,8.516969e+01,9.608038e-01,-1.799978e+02
12.02264,9.902654e-01,-9.103546e+00,2.966261e-03,1.636831e+02,5.626700e-04,8.470614e+01,9.608039e-01,-1.799979e+02
13.18257,9.898275e-01,-9.977210e+00,2.974596e-03,1.621420e+02,6.164145e-04,8.419871e+01,9.608039e-01,-1.799980e+02
14.45440,9.893029e-01,-1.093370e+01,2.984548e-03,1.604624e+02,6.751740e-04,8.364341e+01,9.608040e-01,-1.799980e+02
15.84893,9.886747e-01,-1.198056e+01,2.996414e-03,1.586339e+02,7.393794e-04,8.303596e+01,9.608041e-01,-1.799980e+02
17.37801,9.879231e-01,-1.312589e+01,3.010539e-03,1.566462e+02,8.094871e-04,8.237179e+01,9.608042e-01,-1.799980e+02
19.05461,9.870247e-01,-1.437842e+01,3.027323e-03,1.544887e+02,8.859765e-04,8.164598e+01,9.608043e-01,-1.799980e+02
20.89296,9.859521e-01,-1.574746e+01,3.047221e-03,1.521513e+02,9.693461e-04,8.085335e+01,9.608044e-01,-1.799980e+02
22.90868,9.846733e-01,-1.724293e+01,3.070747e-03,1.496244e+02,1.060108e-03,7.998843e+01,9.608046e-01,-1.799979e+02
25.11886,9.831511e-01,-1.887529e+01,3.098479e-03,1.468995e+02,1.158780e-03,7.904552e+01,9.608048e-01,-1.799978e+02
27.54229,9.813428e-01,-2.065549e+01,3.131051e-03,1.439694e+02,1.265872e-03,7.801873e+01,9.608050e-01,-1.799978e+02
30.19952,9.791994e-01,-2.259490e+01,3.169146e-03,1.408288e+02,1.381874e-03,7.690209e+01,9.608053e-01,-1.799977e+02
33.11311,9.766660e-01,-2.470513e+01,3.213487e-03,1.374749e+02,1.507234e-03,7.568964e+01,9.608056e-01,-1.799975e+02
36.30781,9.736812e-01,-2.699788e+01,3.264813e-03,1.339077e+02,1.642335e-03,7.437560e+01,9.608060e-01,-1.799974e+02
39.81072,9.701779e-01,-2.948466e+01,3.323849e-03,1.301305e+02,1.787465e-03,7.295456e+01,9.608064e-01,-1.799972e+02
43.65158,9.660844e-01,-3.217645e+01,3.391268e-03,1.261504e+02,1.942779e-03,7.142172e+01,9.608069e-01,-1.799971e+02
47.86301,9.613261e-01,-3.508330e+01,3.467644e-03,1.219785e+02,2.108263e-03,6.977319e+01,9.608075e-01,-1.799969e+02
52.48075,9.558282e-01,-3.821387e+01,3.553395e-03,1.176298e+02,2.283688e-03,6.800632e+01,9.608082e-01,-1.799966e+02
57.54399,9.495199e-01,-4.157477e+01,3.648724e-03,1.131233e+02,2.468570e-03,6.612006e+01,9.608090e-01,-1.799964e+02
63.09573,9.423392e-01,-4.517000e+01,3.753560e-03,1.084815e+02,2.662123e-03,6.411540e+01,9.608098e-01,-1.799961e+02
69.18310,9.342387e-01,-4.900020e+01,3.867502e-03,1.037299e+02,2.863237e-03,6.199574e+01,9.608108e-01,-1.799958e+02
75.85776,9.251932e-01,-5.306201e+01,3.989791e-03,9.889682e+01,3.070457e-03,5.976723e+01,9.608119e-01,-1.799955e+02
83.17638,9.152059e-01,-5.734737e+01,4.119287e-03,9.401221e+01,3.281991e-03,5.743901e+01,9.608131e-01,-1.799952e+02
91.20108,9.043151e-01,-6.184307e+01,4.254492e-03,8.910733e+01,3.495746e-03,5.502339e+01,9.608144e-01,-1.799948e+02
100.00000,8.925985e-01,-6.653040e+01,4.393597e-03,8.421398e+01,3.709394e-03,5.253572e+01,9.608158e-01,-1.799944e+02
109.64782,8.801748e-01,-7.138511e+01,4.534566e-03,7.936379e+01,3.920468e-03,4.999413e+01,9.608172e-01,-1.799940e+02
120.22644,8.672018e-01,-7.637768e+01,4.675242e-03,7.458755e+01,4.126481e-03,4.741904e+01,9.608187e-01,-1.799935e+02
131.82567,8.538697e-01,-8.147396e+01,4.813476e-03,6.991458e+01,4.325056e-03,4.483241e+01,9.608202e-01,-1.799930e+02
144.54398,8.403908e-01,-8.663612e+01,4.947253e-03,6.537199e+01,4.514060e-03,4.225692e+01,9.608218e-01,-1.799924e+02
158.48932,8.269870e-01,-9.182390e+01,5.074801e-03,6.098413e+01,4.691706e-03,3.971500e+01,9.608233e-01,-1.799918e+02
173.78008,8.138751e-01,-9.699607e+01,5.194680e-03,5.677202e+01,4.856640e-03,3.722799e+01,9.608248e-01,-1.799911e+02
190.54607,8.012533e-01,-1.021120e+02,5.305835e-03,5.275300e+01,5.007979e-03,3.481533e+01,9.608262e-01,-1.799904e+02
208.92961,7.892902e-01,-1.071329e+02,5.407603e-03,4.894051e+01,5.145305e-03,3.249393e+01,9.608276e-01,-1.799896e+02
229.08677,7.781171e-01,-1.120237e+02,5.499702e-03,4.534402e+01,5.268637e-03,3.027785e+01,9.608290e-01,-1.799887e+02
251.18864,7.678250e-01,-1.167533e+02,5.582183e-03,4.196929e+01,5.378366e-03,2.817809e+01,9.608302e-01,-1.799878e+02
275.42287,7.584644e-01,-1.212961e+02,5.655369e-03,3.881855e+01,5.475177e-03,2.620268e+01,9.608315e-01,-1.799867e+02
301.99517,7.500497e-01,-1.256317e+02,5.719791e-03,3.589104e+01,5.559966e-03,2.435682e+01,9.608327e-01,-1.799856e+02
331.13112,7.425646e-01,-1.297454e+02,5.776122e-03,3.318343e+01,5.633770e-03,2.264330e+01,9.608338e-01,-1.799843e+02
363.07805,7.359687e-01,-1.336278e+02,5.825121e-03,3.069035e+01,5.697693e-03,2.106278e+01,9.608350e-01,-1.799829e+02
398.10717,7.302047e-01,-1.372740e+02,5.867583e-03,2.840491e+01,5.752852e-03,1.961425e+01,9.608362e-01,-1.799814e+02
436.51583,7.252046e-01,-1.406837e+02,5.904305e-03,2.631915e+01,5.800343e-03,1.829543e+01,9.608375e-01,-1.799797e+02
478.63009,7.208950e-01,-1.438599e+02,5.936063e-03,2.442444e+01,5.841208e-03,1.710311e+01,9.608389e-01,-1.799778e+02
524.80746,7.172013e-01,-1.468084e+02,5.963589e-03,2.271185e+01,5.876418e-03,1.603346e+01,9.608404e-01,-1.799758e+02
575.43994,7.140512e-01,-1.495372e+02,5.987569e-03,2.117242e+01,5.906871e-03,1.508235e+01,9.608421e-01,-1.799735e+02
630.95734,7.113761e-01,-1.520559e+02,6.008641e-03,1.979741e+01,5.933386e-03,1.424551e+01,9.608440e-01,-1.799710e+02
691.83097,7.091131e-01,-1.543751e+02,6.027391e-03,1.857842e+01,5.956710e-03,1.351876e+01,9.608462e-01,-1.799683e+02
758.57758,7.072054e-01,-1.565059e+02,6.044366e-03,1.750759e+01,5.977527e-03,1.289811e+01,9.608488e-01,-1.799653e+02
831.76377,7.056026e-01,-1.584597e+02,6.060076e-03,1.657763e+01,5.996465e-03,1.237987e+01,9.608519e-01,-1.799621e+02
912.01084,7.042603e-01,-1.602481e+02,6.075009e-03,1.578190e+01,6.014112e-03,1.196073e+01,9.608556e-01,-1.799585e+02
1000.00000,7.031402e-01,-1.618821e+02,6.089636e-03,1.511444e+01,6.031026e-03,1.163777e+01,9.608599e-01,-1.799545e+02
1096.47820,7.022092e-01,-1.633726e+02,6.104426e-03,1.456996e+01,6.047748e-03,1.140852e+01,9.608651e-01,-1.799502e+02
1202.26443,7.014392e-01,-1.647297e+02,6.119857e-03,1.414381e+01,6.064820e-03,1.127092e+01,9.608713e-01,-1.799454e+02
1318.25674,7.008066e-01,-1.659632e+02,6.136431e-03,1.383197e+01,6.082796e-03,1.122333e+01,9.608787e-01,-1.799402e+02
1445.43977,7.002916e-01,-1.670821e+02,6.154686e-03,1.363097e+01,6.102260e-03,1.126444e+01,9.608876e-01,-1.799345e+02
1584.89319,6.998779e-01,-1.680949e+02,6.175209e-03,1.353782e+01,6.123839e-03,1.139325e+01,9.608982e-01,-1.799283e+02
1737.80083,6.995522e-01,-1.690094e+02,6.198656e-03,1.354988e+01,6.148225e-03,1.160893e+01,9.609110e-01,-1.799214e+02
1905.46072,6.993041e-01,-1.698326e+02,6.225769e-03,1.366476e+01,6.176186e-03,1.191075e+01,9.609263e-01,-1.799139e+02
2089.29613,6.991254e-01,-1.705712e+02,6.257388e-03,1.388012e+01,6.208593e-03,1.229785e+01,9.609447e-01,-1.799057e+02
2290.86765,6.990103e-01,-1.712311e+02,6.294476e-03,1.419348e+01,6.246431e-03,1.276911e+01,9.609668e-01,-1.798968e+02
2511.88643,6.989551e-01,-1.718177e+02,6.338137e-03,1.460198e+01,6.290827e-03,1.332288e+01,9.609933e-01,-1.798869e+02
2754.22870,6.989579e-01,-1.723358e+02,6.389632e-03,1.510205e+01,6.343064e-03,1.395668e+01,9.610250e-01,-1.798762e+02
3019.95172,6.990186e-01,-1.727897e+02,6.450403e-03,1.568911e+01,6.404599e-03,1.466687e+01,9.610630e-01,-1.798645e+02
3311.31121,6.991393e-01,-1.731833e+02,6.522080e-03,1.635715e+01,6.477085e-03,1.544828e+01,9.611085e-01,-1.798518e+02
3630.78055,6.993238e-01,-1.735200e+02,6.606502e-03,1.709832e+01,6.562374e-03,1.629378e+01,9.611630e-01,-1.798379e+02
3981.07171,6.995778e-01,-1.738028e+02,6.705713e-03,1.790251e+01,6.662527e-03,1.719385e+01,9.612281e-01,-1.798228e+02
4365.15832,6.999095e-01,-1.740343e+02,6.821960e-03,1.875690e+01,6.779804e-03,1.813619e+01,9.613058e-01,-1.798064e+02
4786.30092,7.003290e-01,-1.742167e+02,6.957674e-03,1.964561e+01,6.916648e-03,1.910534e+01,9.613986e-01,-1.797887e+02
5248.07460,7.008495e-01,-1.743521e+02,7.115434e-03,2.054946e+01,7.075645e-03,2.008243e+01,9.615090e-01,-1.797695e+02
5754.39937,7.014865e-01,-1.744422e+02,7.297910e-03,2.144582e+01,7.259471e-03,2.104514e+01,9.616403e-01,-1.797488e+02
6309.57344,7.022592e-01,-1.744885e+02,7.507786e-03,2.230877e+01,7.470810e-03,2.196779e+01,9.617960e-01,-1.797265e+02
6918.30971,7.031898e-01,-1.744922e+02,7.747652e-03,2.310940e+01,7.712250e-03,2.282173e+01,9.619801e-01,-1.797027e+02
7585.77575,7.043047e-01,-1.744547e+02,8.019875e-03,2.381648e+01,7.986151e-03,2.357596e+01,9.621973e-01,-1.796774e+02
8317.63771,7.056341e-01,-1.743773e+02,8.326441e-03,2.439727e+01,8.294485e-03,2.419806e+01,9.624524e-01,-1.796505e+02
9120.10839,7.072128e-01,-1.742611e+02,8.668770e-03,2.481860e+01,8.638658e-03,2.465519e+01,9.627508e-01,-1.796223e+02
10000.00000,7.090799e-01,-1.741077e+02,9.047515e-03,2.504803e+01,9.019304e-03,2.491529e+01,9.630982e-01,-1.795929e+02
