! ! 
! S ! 
! ! 
! # MHz  S  MA  R  50.00000
! ! ===================================================================
1.00000,9.930605e-01,-7.487940e-01,1.908371e-03,1.781543e+02,4.699255e-05,8.957243e+01,9.608036e-01,-1.799834e+02
1.09648,9.930575e-01,-8.210337e-01,1.908478e-03,1.779747e+02,5.152599e-05,8.952965e+01,9.608036e-01,-1.799848e+02
1.20226,9.930539e-01,-9.002421e-01,1.908607e-03,1.777780e+02,5.649672e-05,8.948287e+01,9.608036e-01,-1.799861e+02
1.31826,9.930495e-01,-9.870912e-01,1.908761e-03,1.775624e+02,6.194689e-05,8.943170e+01,9.608036e-01,-1.799874e+02
1.44544,9.930443e-01,-1.082318e+00,1.908947e-03,1.773262e+02,6.792271e-05,8.937572e+01,9.608036e-01,-1.799885e+02
1.58489,9.930380e-01,-1.186730e+00,1.909170e-03,1.770674e+02,7.447484e-05,8.931443e+01,9.608036e-01,-1.799895e+02
1.73780,9.930305e-01,-1.301214e+00,1.909438e-03,1.767837e+02,8.165882e-05,8.924732e+01,9.608036e-01,-1.799904e+02
1.90546,9.930214e-01,-1.426739e+00,1.909760e-03,1.764729e+02,8.953550e-05,8.917383e+01,9.608036e-01,-1.799912e+02
2.08930,9.930105e-01,-1.564370e+00,1.910148e-03,1.761322e+02,9.817160e-05,8.909333e+01,9.608036e-01,-1.799919e+02
2.29087,9.929974e-01,-1.715274e+00,1.910613e-03,1.757589e+02,1.076402e-04,8.900514e+01,9.608036e-01,-1.799926e+02
2.51189,9.929816e-01,-1.880729e+00,1.911173e-03,1.753499e+02,1.180215e-04,8.890851e+01,9.608036e-01,-1.799933e+02
2.75423,9.929627e-01,-2.062138e+00,1.911845e-03,1.749017e+02,1.294031e-04,8.880263e+01,9.608036e-01,-1.799938e+02
3.01995,9.929399e-01,-2.261035e+00,1.912654e-03,1.744106e+02,1.418812e-04,8.868659e+01,9.608036e-01,-1.799943e+02
3.31131,9.929125e-01,-2.479104e+00,1.913624e-03,1.738726e+02,1.555612e-04,8.855942e+01,9.608036e-01,-1.799948e+02
3.63078,9.928796e-01,-2.718190e+00,1.914791e-03,1.732834e+02,1.705583e-04,8.842004e+01,9.608036e-01,-1.799952e+02
3.98107,9.928401e-01,-2.980313e+00,1.916192e-03,1.726381e+02,1.869988e-04,8.826728e+01,9.608036e-01,-1.799956e+02
4.36516,9.927925e-01,-3.267685e+00,1.917874e-03,1.719316e+02,2.050207e-04,8.809984e+01,9.608036e-01,-1.799959e+02
4.78630,9.927354e-01,-3.582730e+00,1.919894e-03,1.711582e+02,2.247752e-04,8.791632e+01,9.608036e-01,-1.799963e+02
5.24807,9.926667e-01,-3.928103e+00,1.922318e-03,1.703120e+02,2.464275e-04,8.771518e+01,9.608036e-01,-1.799965e+02
5.75440,9.925842e-01,-4.306706e+00,1.925227e-03,1.693864e+02,2.701581e-04,8.749473e+01,9.608036e-01,-1.799968e+02
6.30957,9.924851e-01,-4.721718e+00,1.928716e-03,1.683744e+02,2.961640e-04,8.725313e+01,9.608036e-01,-1.799970e+02
6.91831,9.923660e-01,-5.176613e+00,1.932899e-03,1.672686e+02,3.246605e-04,8.698835e+01,9.608037e-01,-1.799972e+02
7.58578,9.922230e-01,-5.675190e+00,1.937911e-03,1.660612e+02,3.558818e-04,8.669821e+01,9.608037e-01,-1.799974e+02
8.31764,9.920512e-01,-6.221598e+00,1.943911e-03,1.647439e+02,3.900831e-04,8.638029e+01,9.608037e-01,-1.799975e+02
9.12011,9.918450e-01,-6.820365e+00,1.951091e-03,1.633079e+02,4.275419e-04,8.603198e+01,9.608037e-01,-1.799977e+02
10.00000,9.915974e-01,-7.476432e+00,1.959671e-03,1.617445e+02,4.685590e-04,8.565043e+01,9.608037e-01,-1.799978e+02
10.96478,9.913003e-01,-8.195177e+00,1.969916e-03,1.600444e+02,5.134602e-04,8.523254e+01,9.608038e-01,-1.799979e+02
12.02264,9.909439e-01,-8.982452e+00,1.982131e-03,1.581986e+02,5.625973e-04,8.477495e+01,9.608038e-01,-1.799979e+02
13.18257,9.905166e-01,-9.844614e+00,1.996673e-03,1.561983e+02,6.163488e-04,8.427402e+01,9.608039e-01,-1.799980e+02
14.45440,9.900046e-01,-1.078855e+01,2.013951e-03,1.540350e+02,6.751204e-04,8.372582e+01,9.608039e-01,-1.799980e+02
15.84893,9.893915e-01,-1.182171e+01,2.034439e-03,1.517012e+02,7.393448e-04,8.312609e+01,9.608040e-01,-1.799980e+02
17.37801,9.886578e-01,-1.295213e+01,2.058669e-03,1.491902e+02,8.094807e-04,8.247031e+01,9.608041e-01,-1.799980e+02
19.05461,9.877806e-01,-1.418843e+01,2.087244e-03,1.464972e+02,8.860107e-04,8.175362e+01,9.608042e-01,-1.799980e+02
20.89296,9.867333e-01,-1.553985e+01,2.120828e-03,1.436191e+02,9.694373e-04,8.097086e+01,9.608043e-01,-1.799980e+02
22.90868,9.854842e-01,-1.701621e+01,2.160151e-03,1.405551e+02,1.060278e-03,8.011661e+01,9.608044e-01,-1.799980e+02
25.11886,9.839971e-01,-1.862789e+01,2.205993e-03,1.373072e+02,1.159056e-03,7.918519e+01,9.608046e-01,-1.799979e+02
27.54229,9.822299e-01,-2.038578e+01,2.259173e-03,1.338801e+02,1.266292e-03,7.817074e+01,9.608048e-01,-1.799978e+02
30.19952,9.801346e-01,-2.230120e+01,2.320529e-03,1.302816e+02,1.382484e-03,7.706728e+01,9.608051e-01,-1.799977e+02
33.11311,9.776569e-01,-2.438573e+01,2.390891e-03,1.265224e+02,1.508096e-03,7.586886e+01,9.608053e-01,-1.799976e+02
36.30781,9.747362e-01,-2.665108e+01,2.471042e-03,1.226158e+02,1.643525e-03,7.456966e+01,9.608057e-01,-1.799975e+02
39.81072,9.713062e-01,-2.910878e+01,2.561682e-03,1.185774e+02,1.789080e-03,7.316419e+01,9.608061e-01,-1.799973e+02
43.65158,9.672955e-01,-3.176992e+01,2.663375e-03,1.144243e+02,1.944939e-03,7.164756e+01,9.608065e-01,-1.799971e+02
47.86301,9.626298e-01,-3.464473e+01,2.776500e-03,1.101747e+02,2.111115e-03,7.001571e+01,9.608070e-01,-1.799969e+02
52.48075,9.572339e-01,-3.774208e+01,2.901197e-03,1.058471e+02,2.287411e-03,6.826578e+01,9.608076e-01,-1.799967e+02
57.54399,9.510360e-01,-4.106893e+01,3.037312e-03,1.014601e+02,2.473375e-03,6.639650e+01,9.608083e-01,-1.799965e+02
63.09573,9.439723e-01,-4.462970e+01,3.184356e-03,9.703185e+01,2.668259e-03,6.440852e+01,9.608091e-01,-1.799962e+02
69.18310,9.359929e-01,-4.842556e+01,3.341465e-03,9.258003e+01,2.870985e-03,6.230487e+01,9.608100e-01,-1.799959e+02
75.85776,9.270689e-01,-5.245376e+01,3.507388e-03,8.812201e+01,3.080130e-03,6.009127e+01,9.608110e-01,-1.799956e+02
83.17638,9.171988e-01,-5.670698e+01,3.680488e-03,8.367505e+01,3.293927e-03,5.777645e+01,9.608120e-01,-1.799953e+02
91.20108,9.064158e-01,-6.117278e+01,3.858777e-03,7.925656e+01,3.510294e-03,5.537224e+01,9.608132e-01,-1.799949e+02
100.00000,8.947917e-01,-6.583327e+01,4.039984e-03,7.488431e+01,3.726904e-03,5.289356e+01,9.608144e-01,-1.799945e+02
109.64782,8.824395e-01,-7.066499e+01,4.221648e-03,7.057661e+01,3.941270e-03,5.035818e+01,9.608158e-01,-1.799941e+02
120.22644,8.695119e-01,-7.563917e+01,4.401240e-03,6.635213e+01,4.150866e-03,4.778621e+01,9.608171e-01,-1.799936e+02
131.82567,8.561952e-01,-8.072229e+01,4.576294e-03,6.222969e+01,4.353262e-03,4.519945e+01,9.608185e-01,-1.799931e+02
144.54398,8.426998e-01,-8.587698e+01,4.744542e-03,5.822773e+01,4.546251e-03,4.262051e+01,9.608199e-01,-1.799925e+02
158.48932,8.292473e-01,-9.106328e+01,4.904031e-03,5.436378e+01,4.727970e-03,4.007194e+01,9.608213e-01,-1.799919e+02
173.78008,8.160566e-01,-9.624001e+01,5.053206e-03,5.065378e+01,4.896978e-03,3.757526e+01,9.608227e-01,-1.799912e+02
190.54607,8.033297e-01,-1.013663e+02,5.190967e-03,4.711154e+01,5.052312e-03,3.515022e+01,9.608240e-01,-1.799905e+02
208.92961,7.912403e-01,-1.064032e+02,5.316672e-03,4.374832e+01,5.193482e-03,3.281413e+01,9.608253e-01,-1.799897e+02
229.08677,7.799257e-01,-1.113148e+02,5.430114e-03,4.057252e+01,5.320448e-03,3.058146e+01,9.608265e-01,-1.799889e+02
251.18864,7.694829e-01,-1.160695e+02,5.531466e-03,3.758962e+01,5.433555e-03,2.846365e+01,9.608277e-01,-1.799879e+02
275.42287,7.599683e-01,-1.206408e+02,5.621208e-03,3.480231e+01,5.533459e-03,2.646913e+01,9.608289e-01,-1.799868e+02
301.99517,7.514013e-01,-1.250076e+02,5.700054e-03,3.221067e+01,5.621043e-03,2.460351e+01,9.608300e-01,-1.799857e+02
331.13112,7.437695e-01,-1.291544e+02,5.768869e-03,2.981256e+01,5.697342e-03,2.286987e+01,9.608311e-01,-1.799844e+02
363.07805,7.370357e-01,-1.330708e+02,5.828612e-03,2.760401e+01,5.763466e-03,2.126914e+01,9.608322e-01,-1.799830e+02
398.10717,7.311443e-01,-1.367516e+02,5.880273e-03,2.557960e+01,5.820549e-03,1.980054e+01,9.608334e-01,-1.799815e+02
436.51583,7.260286e-01,-1.401956e+02,5.924836e-03,2.373290e+01,5.869707e-03,1.846193e+01,9.608346e-01,-1.799798e+02
478.63009,7.216155e-01,-1.434055e+02,5.963249e-03,2.205680e+01,5.912003e-03,1.725018e+01,9.608360e-01,-1.799779e+02
524.80746,7.178303e-01,-1.463867e+02,5.996403e-03,2.054384e+01,5.948432e-03,1.616155e+01,9.608374e-01,-1.799759e+02
575.43994,7.145998e-01,-1.491469e+02,6.025127e-03,1.918649e+01,5.979915e-03,1.519190e+01,9.608391e-01,-1.799736e+02
630.95734,7.118549e-01,-1.516955e+02,6.050183e-03,1.797733e+01,6.007291e-03,1.433697e+01,9.608410e-01,-1.799712e+02
691.83097,7.095318e-01,-1.540430e+02,6.072269e-03,1.690923e+01,6.031329e-03,1.359254e+01,9.608432e-01,-1.799685e+02
758.57758,7.075725e-01,-1.562004e+02,6.092028e-03,1.597550e+01,6.052728e-03,1.295456e+01,9.608458e-01,-1.799655e+02
831.76377,7.059256e-01,-1.581792e+02,6.110051e-03,1.516993e+01,6.072132e-03,1.241928e+01,9.608488e-01,-1.799622e+02
912.01084,7.045459e-01,-1.599907e+02,6.126895e-03,1.448688e+01,6.090141e-03,1.198330e+01,9.608525e-01,-1.799586e+02
1000.00000,7.033940e-01,-1.616463e+02,6.143092e-03,1.392132e+01,6.107323e-03,1.164364e+01,9.608568e-01,-1.799547e+02
1096.47820,7.024362e-01,-1.631567e+02,6.159159e-03,1.346879e+01,6.124227e-03,1.139772e+01,9.608619e-01,-1.799504e+02
1202.26443,7.016436e-01,-1.645322e+02,6.175615e-03,1.312544e+01,6.141400e-03,1.124342e+01,9.608681e-01,-1.799456e+02
1318.25674,7.009919e-01,-1.657827e+02,6.192995e-03,1.288795e+01,6.159400e-03,1.117900e+01,9.608754e-01,-1.799404e+02
1445.43977,7.004609e-01,-1.669173e+02,6.211863e-03,1.275350e+01,6.178810e-03,1.120307e+01,9.608842e-01,-1.799347e+02
1584.89319,7.000336e-01,-1.679445e+02,6.232827e-03,1.271971e+01,6.200257e-03,1.131456e+01,9.608948e-01,-1.799285e+02
1737.80083,6.996966e-01,-1.688721e+02,6.256560e-03,1.278450e+01,6.224430e-03,1.151260e+01,9.609075e-01,-1.799217e+02
1905.46072,6.994389e-01,-1.697075e+02,6.283812e-03,1.294600e+01,6.252091e-03,1.179639e+01,9.609228e-01,-1.799142e+02
2089.29613,6.992521e-01,-1.704573e+02,6.315431e-03,1.320237e+01,6.284103e-03,1.216509e+01,9.609410e-01,-1.799060e+02
2290.86765,6.991301e-01,-1.711274e+02,6.352384e-03,1.355161e+01,6.321444e-03,1.261759e+01,9.609629e-01,-1.798971e+02
2511.88643,6.990690e-01,-1.717233e+02,6.395774e-03,1.399130e+01,6.365227e-03,1.315227e+01,9.609892e-01,-1.798873e+02
2754.22870,6.990667e-01,-1.722500e+02,6.446859e-03,1.451836e+01,6.416722e-03,1.376676e+01,9.610208e-01,-1.798766e+02
3019.95172,6.991230e-01,-1.727118e+02,6.507075e-03,1.512867e+01,6.477375e-03,1.445756e+01,9.610585e-01,-1.798650e+02
3311.31121,6.992397e-01,-1.731127e+02,6.578046e-03,1.581670e+01,6.548820e-03,1.521970e+01,9.611037e-01,-1.798523e+02
3630.78055,6.994206e-01,-1.734560e+02,6.661602e-03,1.657511e+01,6.632896e-03,1.604632e+01,9.611579e-01,-1.798384e+02
3981.07171,6.996713e-01,-1.737449e+02,6.759778e-03,1.739431e+01,6.731647e-03,1.692823e+01,9.612226e-01,-1.798234e+02
4365.15832,6.999997e-01,-1.739820e+02,6.874816e-03,1.826204e+01,6.847321e-03,1.785349e+01,9.612999e-01,-1.798070e+02
4786.30092,7.004161e-01,-1.741696e+02,7.009138e-03,1.916300e+01,6.982350e-03,1.880708e+01,9.613920e-01,-1.797893e+02
5248.07460,7.009332e-01,-1.743098e+02,7.165322e-03,2.007856e+01,7.139314e-03,1.977060e+01,9.615018e-01,-1.797702e+02
5754.39937,7.015669e-01,-1.744043e+02,7.346041e-03,2.098667e+01,7.320890e-03,2.072218e+01,9.616323e-01,-1.797495e+02
6309.57344,7.023359e-01,-1.744546e+02,7.553986e-03,2.186192e+01,7.529768e-03,2.163659e+01,9.617870e-01,-1.797273e+02
6918.30971,7.032626e-01,-1.744620e+02,7.791763e-03,2.267586e+01,7.768555e-03,2.248554e+01,9.619701e-01,-1.797036e+02
7585.77575,7.043731e-01,-1.744280e+02,8.061761e-03,2.339763e+01,8.039633e-03,2.323831e+01,9.621860e-01,-1.796783e+02
8317.63771,7.056977e-01,-1.743537e+02,8.365999e-03,2.399474e+01,8.345013e-03,2.386262e+01,9.624396e-01,-1.796515e+02
9120.10839,7.072709e-01,-1.742405e+02,8.705936e-03,2.443414e+01,8.686144e-03,2.432563e+01,9.627365e-01,-1.796233e+02
10000.00000,7.091320e-01,-1.740898e+02,9.082271e-03,2.468341e+01,9.063715e-03,2.459515e+01,9.630820e-01,-1.795940e+02
