! ! 
! S ! 
! ! 
! # MHz  S  MA  R  50.00000
! ! ===================================================================
1.00000,9.928087e-01,-7.529408e-01,2.307301e-03,1.783958e+02,4.699661e-05,8.957007e+01,9.608036e-01,-1.799834e+02
1.09648,9.928056e-01,-8.255805e-01,2.307385e-03,1.782395e+02,5.153045e-05,8.952706e+01,9.608036e-01,-1.799848e+02
1.20226,9.928020e-01,-9.052275e-01,2.307486e-03,1.780683e+02,5.650160e-05,8.948003e+01,9.608036e-01,-1.799861e+02
1.31826,9.927976e-01,-9.925576e-01,2.307608e-03,1.778807e+02,6.195224e-05,8.942859e+01,9.608036e-01,-1.799874e+02
1.44544,9.927923e-01,-1.088312e+00,2.307754e-03,1.776751e+02,6.792856e-05,8.937230e+01,9.608036e-01,-1.799885e+02
1.58489,9.927860e-01,-1.193302e+00,2.307929e-03,1.774499e+02,7.448125e-05,8.931069e+01,9.608036e-01,-1.799895e+02
1.73780,9.927783e-01,-1.308419e+00,2.308141e-03,1.772030e+02,8.166583e-05,8.924322e+01,9.608036e-01,-1.799904e+02
1.90546,9.927692e-01,-1.434639e+00,2.308394e-03,1.769324e+02,8.954317e-05,8.916933e+01,9.608036e-01,-1.799912e+02
2.08930,9.927582e-01,-1.573032e+00,2.308699e-03,1.766359e+02,9.817998e-05,8.908840e+01,9.608036e-01,-1.799919e+02
2.29087,9.927449e-01,-1.724772e+00,2.309066e-03,1.763110e+02,1.076494e-04,8.899973e+01,9.608036e-01,-1.799926e+02
2.51189,9.927290e-01,-1.891143e+00,2.309507e-03,1.759548e+02,1.180315e-04,8.890258e+01,9.608036e-01,-1.799933e+02
2.75423,9.927099e-01,-2.073555e+00,2.310037e-03,1.755646e+02,1.294140e-04,8.879612e+01,9.608036e-01,-1.799938e+02
3.01995,9.926869e-01,-2.273553e+00,2.310673e-03,1.751369e+02,1.418931e-04,8.867946e+01,9.608036e-01,-1.799943e+02
3.31131,9.926592e-01,-2.492829e+00,2.311438e-03,1.746682e+02,1.555742e-04,8.855160e+01,9.608036e-01,-1.799948e+02
3.63078,9.926260e-01,-2.733238e+00,2.312357e-03,1.741547e+02,1.705724e-04,8.841147e+01,9.608036e-01,-1.799952e+02
3.98107,9.925860e-01,-2.996810e+00,2.313461e-03,1.735922e+02,1.870141e-04,8.825788e+01,9.608036e-01,-1.799956e+02
4.36516,9.925380e-01,-3.285771e+00,2.314788e-03,1.729760e+02,2.050373e-04,8.808954e+01,9.608036e-01,-1.799959e+02
4.78630,9.924803e-01,-3.602558e+00,2.316380e-03,1.723011e+02,2.247931e-04,8.790503e+01,9.608036e-01,-1.799963e+02
5.24807,9.924109e-01,-3.949838e+00,2.318293e-03,1.715622e+02,2.464467e-04,8.770281e+01,9.608036e-01,-1.799965e+02
5.75440,9.923275e-01,-4.330532e+00,2.320589e-03,1.707533e+02,2.701786e-04,8.748117e+01,9.608036e-01,-1.799968e+02
6.30957,9.922274e-01,-4.747835e+00,2.323345e-03,1.698681e+02,2.961859e-04,8.723826e+01,9.608037e-01,-1.799970e+02
6.91831,9.921071e-01,-5.205239e+00,2.326650e-03,1.688998e+02,3.246837e-04,8.697206e+01,9.608037e-01,-1.799972e+02
7.58578,9.919626e-01,-5.706563e+00,2.330614e-03,1.678411e+02,3.559061e-04,8.668035e+01,9.608037e-01,-1.799974e+02
8.31764,9.917891e-01,-6.255979e+00,2.335365e-03,1.666841e+02,3.901083e-04,8.636072e+01,9.608037e-01,-1.799975e+02
9.12011,9.915807e-01,-6.858040e+00,2.341055e-03,1.654206e+02,4.275676e-04,8.601054e+01,9.608037e-01,-1.799976e+02
10.00000,9.913306e-01,-7.517709e+00,2.347865e-03,1.640417e+02,4.685847e-04,8.562695e+01,9.608038e-01,-1.799978e+02
10.96478,9.910305e-01,-8.240393e+00,2.356009e-03,1.625384e+02,5.134850e-04,8.520683e+01,9.608038e-01,-1.799978e+02
12.02264,9.906705e-01,-9.031975e+00,2.365737e-03,1.609012e+02,5.626202e-04,8.474680e+01,9.608038e-01,-1.799979e+02
13.18257,9.902389e-01,-9.898841e+00,2.377344e-03,1.591205e+02,6.163681e-04,8.424321e+01,9.608039e-01,-1.799980e+02
14.45440,9.897217e-01,-1.084791e+01,2.391171e-03,1.571865e+02,6.751341e-04,8.369210e+01,9.608040e-01,-1.799980e+02
15.84893,9.891024e-01,-1.188668e+01,2.407615e-03,1.550898e+02,7.393500e-04,8.308921e+01,9.608040e-01,-1.799980e+02
17.37801,9.883614e-01,-1.302319e+01,2.427130e-03,1.528213e+02,8.094735e-04,8.243000e+01,9.608041e-01,-1.799980e+02
19.05461,9.874756e-01,-1.426614e+01,2.450236e-03,1.503727e+02,8.859860e-04,8.170957e+01,9.608042e-01,-1.799980e+02
20.89296,9.864179e-01,-1.562477e+01,2.477517e-03,1.477367e+02,9.693884e-04,8.092278e+01,9.608043e-01,-1.799980e+02
22.90868,9.851567e-01,-1.710894e+01,2.509622e-03,1.449077e+02,1.060196e-03,8.006416e+01,9.608045e-01,-1.799979e+02
25.11886,9.836553e-01,-1.872908e+01,2.547262e-03,1.418820e+02,1.158929e-03,7.912803e+01,9.608047e-01,-1.799979e+02
27.54229,9.818712e-01,-2.049611e+01,2.591204e-03,1.386582e+02,1.266105e-03,7.810852e+01,9.608049e-01,-1.799978e+02
30.19952,9.797563e-01,-2.242134e+01,2.642249e-03,1.352378e+02,1.382219e-03,7.699967e+01,9.608051e-01,-1.799977e+02
33.11311,9.772558e-01,-2.451640e+01,2.701219e-03,1.316254e+02,1.507726e-03,7.579550e+01,9.608054e-01,-1.799976e+02
36.30781,9.743089e-01,-2.679296e+01,2.768919e-03,1.278287e+02,1.643020e-03,7.449022e+01,9.608058e-01,-1.799974e+02
39.81072,9.708488e-01,-2.926257e+01,2.846102e-03,1.238588e+02,1.788399e-03,7.307837e+01,9.608062e-01,-1.799973e+02
43.65158,9.668042e-01,-3.193627e+01,2.933419e-03,1.197299e+02,1.944034e-03,7.155508e+01,9.608067e-01,-1.799971e+02
47.86301,9.621005e-01,-3.482421e+01,3.031369e-03,1.154590e+02,2.109925e-03,6.991639e+01,9.608072e-01,-1.799969e+02
52.48075,9.566628e-01,-3.793518e+01,3.140236e-03,1.110652e+02,2.285864e-03,6.815951e+01,9.608079e-01,-1.799967e+02
57.54399,9.504196e-01,-4.127600e+01,3.260033e-03,1.065697e+02,2.471383e-03,6.628325e+01,9.608086e-01,-1.799965e+02
63.09573,9.433077e-01,-4.485091e+01,3.390446e-03,1.019947e+02,2.665720e-03,6.428841e+01,9.608094e-01,-1.799962e+02
69.18310,9.352785e-01,-4.866088e+01,3.530794e-03,9.736325e+01,2.867785e-03,6.217817e+01,9.608103e-01,-1.799959e+02
75.85776,9.263043e-01,-5.270289e+01,3.680003e-03,9.269894e+01,3.076139e-03,5.995842e+01,9.608113e-01,-1.799956e+02
83.17638,9.163858e-01,-5.696934e+01,3.836605e-03,8.802547e+01,3.289005e-03,5.763807e+01,9.608125e-01,-1.799952e+02
91.20108,9.055581e-01,-6.144746e+01,3.998772e-03,8.336666e+01,3.504299e-03,5.522913e+01,9.608137e-01,-1.799949e+02
100.00000,8.938954e-01,-6.611903e+01,4.164372e-03,7.874630e+01,3.719691e-03,5.274671e+01,9.608150e-01,-1.799945e+02
109.64782,8.815133e-01,-7.096026e+01,4.331071e-03,7.418800e+01,3.932702e-03,5.020873e+01,9.608163e-01,-1.799940e+02
120.22644,8.685663e-01,-7.594207e+01,4.496444e-03,6.971500e+01,4.140823e-03,4.763543e+01,9.608177e-01,-1.799935e+02
131.82567,8.552424e-01,-8.103069e+01,4.658114e-03,6.534979e+01,4.341645e-03,4.504866e+01,9.608192e-01,-1.799930e+02
144.54398,8.417530e-01,-8.618855e+01,4.813880e-03,6.111367e+01,4.532990e-03,4.247108e+01,9.608206e-01,-1.799925e+02
158.48932,8.283197e-01,-9.137556e+01,4.961836e-03,5.702623e+01,4.713028e-03,3.992519e+01,9.608221e-01,-1.799919e+02
173.78008,8.151607e-01,-9.655052e+01,5.100454e-03,5.310480e+01,4.880354e-03,3.743243e+01,9.608235e-01,-1.799912e+02
190.54607,8.024763e-01,-1.016727e+02,5.228639e-03,4.936401e+01,5.034036e-03,3.501243e+01,9.608249e-01,-1.799905e+02
208.92961,7.904382e-01,-1.067031e+02,5.345736e-03,4.581544e+01,5.173617e-03,3.268234e+01,9.608262e-01,-1.799897e+02
229.08677,7.791814e-01,-1.116062e+02,5.451505e-03,4.246748e+01,5.299079e-03,3.045645e+01,9.608275e-01,-1.799888e+02
251.18864,7.688001e-01,-1.163507e+02,5.546073e-03,3.932533e+01,5.410787e-03,2.834604e+01,9.608287e-01,-1.799879e+02
275.42287,7.593487e-01,-1.209104e+02,5.629863e-03,3.639116e+01,5.509409e-03,2.635935e+01,9.608299e-01,-1.799868e+02
301.99517,7.508442e-01,-1.252644e+02,5.703521e-03,3.366448e+01,5.595835e-03,2.450184e+01,9.608310e-01,-1.799857e+02
331.13112,7.432726e-01,-1.293976e+02,5.767846e-03,3.114246e+01,5.671098e-03,2.277646e+01,9.608322e-01,-1.799844e+02
363.07805,7.365954e-01,-1.333000e+02,5.823723e-03,2.882041e+01,5.736309e-03,2.118403e+01,9.608333e-01,-1.799830e+02
398.10717,7.307565e-01,-1.369667e+02,5.872073e-03,2.669219e+01,5.792594e-03,1.972368e+01,9.608345e-01,-1.799814e+02
436.51583,7.256884e-01,-1.403966e+02,5.913813e-03,2.475067e+01,5.841059e-03,1.839320e+01,9.608358e-01,-1.799798e+02
478.63009,7.213180e-01,-1.435926e+02,5.949829e-03,2.298806e+01,5.882760e-03,1.718944e+01,9.608371e-01,-1.799779e+02
524.80746,7.175705e-01,-1.465604e+02,5.980957e-03,2.139626e+01,5.918683e-03,1.610862e+01,9.608386e-01,-1.799758e+02
575.43994,7.143732e-01,-1.493077e+02,6.007973e-03,1.996711e+01,5.949738e-03,1.514659e+01,9.608403e-01,-1.799736e+02
630.95734,7.116571e-01,-1.518440e+02,6.031594e-03,1.869265e+01,5.976756e-03,1.429910e+01,9.608422e-01,-1.799711e+02
691.83097,7.093588e-01,-1.541798e+02,6.052480e-03,1.756523e+01,6.000496e-03,1.356194e+01,9.608444e-01,-1.799684e+02
758.57758,7.074208e-01,-1.563262e+02,6.071237e-03,1.657765e+01,6.021653e-03,1.293108e+01,9.608470e-01,-1.799654e+02
831.76377,7.057921e-01,-1.582948e+02,6.088430e-03,1.572329e+01,6.040863e-03,1.240280e+01,9.608501e-01,-1.799621e+02
912.01084,7.044278e-01,-1.600968e+02,6.104589e-03,1.499610e+01,6.058721e-03,1.197374e+01,9.608537e-01,-1.799585e+02
1000.00000,7.032891e-01,-1.617435e+02,6.120224e-03,1.439065e+01,6.075790e-03,1.164094e+01,9.608580e-01,-1.799546e+02
1096.47820,7.023423e-01,-1.632456e+02,6.135836e-03,1.390218e+01,6.092618e-03,1.140187e+01,9.608632e-01,-1.799503e+02
1202.26443,7.015591e-01,-1.646136e+02,6.151930e-03,1.352650e+01,6.109748e-03,1.125443e+01,9.608693e-01,-1.799455e+02
1318.25674,7.009153e-01,-1.658571e+02,6.169028e-03,1.326002e+01,6.127736e-03,1.119692e+01,9.608767e-01,-1.799403e+02
1445.43977,7.003909e-01,-1.669852e+02,6.187684e-03,1.309966e+01,6.147167e-03,1.122799e+01,9.608856e-01,-1.799346e+02
1584.89319,6.999692e-01,-1.680065e+02,6.208502e-03,1.304281e+01,6.168667e-03,1.134659e+01,9.608962e-01,-1.799284e+02
1737.80083,6.996369e-01,-1.689287e+02,6.232146e-03,1.308715e+01,6.192925e-03,1.155187e+01,9.609089e-01,-1.799216e+02
1905.46072,6.993831e-01,-1.697591e+02,6.259365e-03,1.323062e+01,6.220708e-03,1.184306e+01,9.609242e-01,-1.799141e+02
2089.29613,6.991997e-01,-1.705042e+02,6.291004e-03,1.347117e+01,6.252881e-03,1.221931e+01,9.609425e-01,-1.799059e+02
2290.86765,6.990806e-01,-1.711702e+02,6.328031e-03,1.380663e+01,6.290425e-03,1.267951e+01,9.609645e-01,-1.798970e+02
2511.88643,6.990219e-01,-1.717622e+02,6.371546e-03,1.423438e+01,6.334458e-03,1.322203e+01,9.609908e-01,-1.798872e+02
2754.22870,6.990216e-01,-1.722854e+02,6.422813e-03,1.475117e+01,6.386256e-03,1.384445e+01,9.610224e-01,-1.798765e+02
3019.95172,6.990798e-01,-1.727439e+02,6.483268e-03,1.535268e+01,6.447269e-03,1.454322e+01,9.610603e-01,-1.798648e+02
3311.31121,6.991982e-01,-1.731418e+02,6.554540e-03,1.603320e+01,6.519139e-03,1.531329e+01,9.611056e-01,-1.798521e+02
3630.78055,6.993805e-01,-1.734824e+02,6.638461e-03,1.678518e+01,6.603711e-03,1.614768e+01,9.611599e-01,-1.798382e+02
3981.07171,6.996326e-01,-1.737688e+02,6.737071e-03,1.759881e+01,6.703036e-03,1.703707e+01,9.612248e-01,-1.798231e+02
4365.15832,6.999623e-01,-1.740036e+02,6.852614e-03,1.846163e+01,6.819366e-03,1.796937e+01,9.613022e-01,-1.798068e+02
4786.30092,7.003800e-01,-1.741891e+02,6.987517e-03,1.935808e+01,6.955137e-03,1.892939e+01,9.613947e-01,-1.797890e+02
5248.07460,7.008985e-01,-1.743273e+02,7.144357e-03,2.026931e+01,7.112934e-03,1.989854e+01,9.615047e-01,-1.797699e+02
5754.39937,7.015335e-01,-1.744199e+02,7.325807e-03,2.117305e+01,7.295432e-03,2.085475e+01,9.616355e-01,-1.797492e+02
6309.57344,7.023040e-01,-1.744686e+02,7.534555e-03,2.204365e+01,7.505319e-03,2.177261e+01,9.617906e-01,-1.797270e+02
6918.30971,7.032323e-01,-1.744745e+02,7.773200e-03,2.285251e+01,7.745193e-03,2.262368e+01,9.619741e-01,-1.797032e+02
7585.77575,7.043446e-01,-1.744391e+02,8.044124e-03,2.356858e+01,8.017430e-03,2.337713e+01,9.621905e-01,-1.796779e+02
8317.63771,7.056711e-01,-1.743635e+02,8.349330e-03,2.415930e+01,8.324022e-03,2.400061e+01,9.624448e-01,-1.796511e+02
9120.10839,7.072466e-01,-1.742491e+02,8.690262e-03,2.459156e+01,8.666403e-03,2.446129e+01,9.627423e-01,-1.796229e+02
10000.00000,7.091100e-01,-1.740973e+02,9.067600e-03,2.483292e+01,9.045238e-03,2.472702e+01,9.630886e-01,-1.795935e+02
