! ! 
! S ! 
! ! 
! # MHz  S  MA  R  50.00000
! ! ===================================================================
1.00000,9.947339e-01,-6.660418e-01,2.339196e-03,8.963093e+01,2.339193e-03,8.954626e+01,9.464689e-01,-1.381916e-01
1.09648,9.947310e-01,-7.302984e-01,2.564864e-03,8.957967e+01,2.564861e-03,8.950245e+01,9.464683e-01,-1.515219e-01
1.20226,9.947274e-01,-8.007537e-01,2.812299e-03,8.952484e+01,2.812297e-03,8.945441e+01,9.464675e-01,-1.661383e-01
1.31826,9.947232e-01,-8.780056e-01,3.083601e-03,8.946598e+01,3.083599e-03,8.940175e+01,9.464666e-01,-1.821649e-01
1.44544,9.947181e-01,-9.627095e-01,3.381071e-03,8.940258e+01,3.381068e-03,8.934400e+01,9.464655e-01,-1.997377e-01
1.58489,9.947119e-01,-1.055584e+00,3.707230e-03,8.933412e+01,3.707228e-03,8.928069e+01,9.464642e-01,-2.190058e-01
1.73780,9.947045e-01,-1.157417e+00,4.064843e-03,8.926000e+01,4.064841e-03,8.921128e+01,9.464627e-01,-2.401327e-01
1.90546,9.946957e-01,-1.269073e+00,4.456942e-03,8.917961e+01,4.456940e-03,8.913517e+01,9.464608e-01,-2.632976e-01
2.08930,9.946850e-01,-1.391497e+00,4.886848e-03,8.909225e+01,4.886846e-03,8.905172e+01,9.464585e-01,-2.886970e-01
2.29087,9.946722e-01,-1.525729e+00,5.358200e-03,8.899719e+01,5.358198e-03,8.896023e+01,9.464557e-01,-3.165463e-01
2.51189,9.946567e-01,-1.672905e+00,5.874990e-03,8.889363e+01,5.874988e-03,8.885992e+01,9.464524e-01,-3.470817e-01
2.75423,9.946382e-01,-1.834273e+00,6.441587e-03,8.878068e+01,6.441585e-03,8.874994e+01,9.464485e-01,-3.805619e-01
3.01995,9.946159e-01,-2.011201e+00,7.062782e-03,8.865739e+01,7.062780e-03,8.862935e+01,9.464437e-01,-4.172709e-01
3.31131,9.945891e-01,-2.205185e+00,7.743820e-03,8.852271e+01,7.743818e-03,8.849714e+01,9.464380e-01,-4.575195e-01
3.63078,9.945569e-01,-2.417867e+00,8.490447e-03,8.837552e+01,8.490445e-03,8.835219e+01,9.464311e-01,-5.016486e-01
3.98107,9.945181e-01,-2.651046e+00,9.308954e-03,8.821455e+01,9.308952e-03,8.819328e+01,9.464228e-01,-5.500318e-01
4.36516,9.944716e-01,-2.906693e+00,1.020623e-02,8.803846e+01,1.020622e-02,8.801906e+01,9.464129e-01,-6.030784e-01
4.78630,9.944156e-01,-3.186965e+00,1.118980e-02,8.784575e+01,1.118980e-02,8.782806e+01,9.464010e-01,-6.612369e-01
5.24807,9.943484e-01,-3.494226e+00,1.226792e-02,8.763481e+01,1.226791e-02,8.761867e+01,9.463866e-01,-7.249984e-01
5.75440,9.942676e-01,-3.831065e+00,1.344958e-02,8.740385e+01,1.344958e-02,8.738914e+01,9.463693e-01,-7.949011e-01
6.30957,9.941705e-01,-4.200312e+00,1.474465e-02,8.715095e+01,1.474465e-02,8.713753e+01,9.463486e-01,-8.715341e-01
6.91831,9.940538e-01,-4.605068e+00,1.616385e-02,8.687398e+01,1.616385e-02,8.686174e+01,9.463237e-01,-9.555424e-01
7.58578,9.939137e-01,-5.048719e+00,1.771893e-02,8.657062e+01,1.771892e-02,8.655946e+01,9.462938e-01,-1.047632e+00
8.31764,9.937453e-01,-5.534972e+00,1.942264e-02,8.623836e+01,1.942263e-02,8.622818e+01,9.462579e-01,-1.148574e+00
9.12011,9.935432e-01,-6.067871e+00,2.128889e-02,8.587444e+01,2.128888e-02,8.586515e+01,9.462147e-01,-1.259214e+00
10.00000,9.933004e-01,-6.651833e+00,2.333278e-02,8.547584e+01,2.333277e-02,8.546737e+01,9.461630e-01,-1.380473e+00
10.96478,9.930091e-01,-7.291672e+00,2.557069e-02,8.503930e+01,2.557068e-02,8.503158e+01,9.461008e-01,-1.513360e+00
12.02264,9.926594e-01,-7.992636e+00,2.802034e-02,8.456127e+01,2.802033e-02,8.455422e+01,9.460263e-01,-1.658973e+00
13.18257,9.922401e-01,-8.760428e+00,3.070085e-02,8.403786e+01,3.070084e-02,8.403144e+01,9.459369e-01,-1.818511e+00
14.45440,9.917372e-01,-9.601245e+00,3.363277e-02,8.346491e+01,3.363276e-02,8.345905e+01,9.458298e-01,-1.993279e+00
15.84893,9.911347e-01,-1.052180e+01,3.683811e-02,8.283786e+01,3.683810e-02,8.283252e+01,9.457015e-01,-2.184695e+00
17.37801,9.904132e-01,-1.152936e+01,4.034031e-02,8.215184e+01,4.034030e-02,8.214697e+01,9.455479e-01,-2.394299e+00
19.05461,9.895499e-01,-1.263175e+01,4.416417e-02,8.140159e+01,4.416416e-02,8.139715e+01,9.453644e-01,-2.623761e+00
20.89296,9.885178e-01,-1.383738e+01,4.833572e-02,8.058149e+01,4.833571e-02,8.057743e+01,9.451451e-01,-2.874884e+00
22.90868,9.872856e-01,-1.515523e+01,5.288200e-02,7.968554e+01,5.288199e-02,7.968184e+01,9.448836e-01,-3.149614e+00
25.11886,9.858161e-01,-1.659489e+01,5.783073e-02,7.870741e+01,5.783073e-02,7.870404e+01,9.445722e-01,-3.450042e+00
27.54229,9.840667e-01,-1.816647e+01,6.320987e-02,7.764044e+01,6.320986e-02,7.763736e+01,9.442020e-01,-3.778405e+00
30.19952,9.819880e-01,-1.988056e+01,6.904691e-02,7.647770e+01,6.904690e-02,7.647489e+01,9.437629e-01,-4.137093e+00
33.11311,9.795236e-01,-2.174819e+01,7.536809e-02,7.521207e+01,7.536808e-02,7.520951e+01,9.432435e-01,-4.528640e+00
36.30781,9.766098e-01,-2.378063e+01,8.219726e-02,7.383635e+01,8.219725e-02,7.383401e+01,9.426309e-01,-4.955721e+00
39.81072,9.731756e-01,-2.598927e+01,8.955452e-02,7.234338e+01,8.955450e-02,7.234125e+01,9.419113e-01,-5.421147e+00
43.65158,9.691431e-01,-2.838536e+01,9.745452e-02,7.072627e+01,9.745450e-02,7.072433e+01,9.410694e-01,-5.927850e+00
47.86301,9.644290e-01,-3.097968e+01,1.059045e-01,6.897857e+01,1.059045e-01,6.897680e+01,9.400895e-01,-6.478872e+00
52.48075,9.589460e-01,-3.378220e+01,1.149020e-01,6.709461e+01,1.149020e-01,6.709300e+01,9.389557e-01,-7.077354e+00
57.54399,9.526064e-01,-3.680159e+01,1.244326e-01,6.506979e+01,1.244326e-01,6.506832e+01,9.376529e-01,-7.726527e+00
63.09573,9.453266e-01,-4.004469e+01,1.344672e-01,6.290094e+01,1.344671e-01,6.289960e+01,9.361676e-01,-8.429714e+00
69.18310,9.370322e-01,-4.351590e+01,1.449597e-01,6.058672e+01,1.449597e-01,6.058550e+01,9.344897e-01,-9.190348e+00
75.85776,9.276655e-01,-4.721653e+01,1.558457e-01,5.812801e+01,1.558457e-01,5.812690e+01,9.326137e-01,-1.001201e+01
83.17638,9.171934e-01,-5.114418e+01,1.670410e-01,5.552820e+01,1.670409e-01,5.552718e+01,9.305406e-01,-1.089850e+01
91.20108,9.056151e-01,-5.529209e+01,1.784420e-01,5.279345e+01,1.784419e-01,5.279252e+01,9.282794e-01,-1.185394e+01
100.00000,8.929701e-01,-5.964869e+01,1.899276e-01,4.993281e+01,1.899275e-01,4.993196e+01,9.258484e-01,-1.288294e+01
109.64782,8.793439e-01,-6.419724e+01,2.013625e-01,4.695811e+01,2.013624e-01,4.695734e+01,9.232762e-01,-1.399073e+01
120.22644,8.648698e-01,-6.891575e+01,2.126023e-01,4.388369e+01,2.126023e-01,4.388298e+01,9.206012e-01,-1.518342e+01
131.82567,8.497280e-01,-7.377715e+01,2.234999e-01,4.072583e+01,2.234998e-01,4.072519e+01,9.178710e-01,-1.646812e+01
144.54398,8.341385e-01,-7.874984e+01,2.339121e-01,3.750211e+01,2.339120e-01,3.750152e+01,9.151400e-01,-1.785317e+01
158.48932,8.183505e-01,-8.379843e+01,2.437068e-01,3.423046e+01,2.437067e-01,3.422992e+01,9.124669e-01,-1.934819e+01
173.78008,8.026275e-01,-8.888482e+01,2.527683e-01,3.092832e+01,2.527682e-01,3.092783e+01,9.099117e-01,-2.096412e+01
190.54607,7.872314e-01,-9.396947e+01,2.610015e-01,2.761173e+01,2.610014e-01,2.761128e+01,9.075321e-01,-2.271314e+01
208.92961,7.724064e-01,-9.901276e+01,2.683336e-01,2.429458e+01,2.683335e-01,2.429417e+01,9.053815e-01,-2.460848e+01
229.08677,7.583658e-01,-1.039764e+02,2.747135e-01,2.098808e+01,2.747135e-01,2.098771e+01,9.035067e-01,-2.666416e+01
251.18864,7.452822e-01,-1.088246e+02,2.801098e-01,1.770043e+01,2.801097e-01,1.770010e+01,9.019470e-01,-2.889460e+01
275.42287,7.332825e-01,-1.135254e+02,2.845065e-01,1.443683e+01,2.845064e-01,1.443652e+01,9.007346e-01,-3.131423e+01
301.99517,7.224476e-01,-1.180514e+02,2.878990e-01,1.119958e+01,2.878989e-01,1.119930e+01,8.998949e-01,-3.393699e+01
331.13112,7.128154e-01,-1.223802e+02,2.902894e-01,7.988568e+00,2.902894e-01,7.988313e+00,8.994476e-01,-3.677582e+01
363.07805,7.043871e-01,-1.264951e+02,2.916825e-01,4.801740e+00,2.916825e-01,4.801507e+00,8.994077e-01,-3.984202e+01
398.10717,6.971336e-01,-1.303846e+02,2.920827e-01,1.635817e+00,2.920827e-01,1.635605e+00,8.997863e-01,-4.314466e+01
436.51583,6.910039e-01,-1.340423e+02,2.914921e-01,-1.512996e+00,2.914921e-01,-1.513189e+00,9.005910e-01,-4.668981e+01
478.63009,6.859310e-01,-1.374667e+02,2.899101e-01,-4.648240e+00,2.899101e-01,-4.648417e+00,9.018256e-01,-5.047986e+01
524.80746,6.818381e-01,-1.406603e+02,2.873341e-01,-7.772445e+00,2.873341e-01,-7.772606e+00,9.034889e-01,-5.451269e+01
575.43994,6.786426e-01,-1.436289e+02,2.837621e-01,-1.088641e+01,2.837620e-01,-1.088655e+01,9.055739e-01,-5.878099e+01
630.95734,6.762588e-01,-1.463812e+02,2.791955e-01,-1.398855e+01,2.791955e-01,-1.398868e+01,9.080654e-01,-6.327167e+01
691.83097,6.746001e-01,-1.489278e+02,2.736441e-01,-1.707442e+01,2.736440e-01,-1.707454e+01,9.109383e-01,-6.796543e+01
758.57758,6.735798e-01,-1.512809e+02,2.671297e-01,-2.013633e+01,2.671297e-01,-2.013644e+01,9.141567e-01,-7.283668e+01
831.76377,6.731113e-01,-1.534531e+02,2.596912e-01,-2.316325e+01,2.596912e-01,-2.316335e+01,9.176724e-01,-7.785383e+01
912.01084,6.731094e-01,-1.554574e+02,2.513877e-01,-2.614090e+01,2.513876e-01,-2.614099e+01,9.214262e-01,-8.298001e+01
1000.00000,6.734906e-01,-1.573063e+02,2.423001e-01,-2.905214e+01,2.423001e-01,-2.905222e+01,9.253492e-01,-8.817422e+01
1096.47820,6.741746e-01,-1.590118e+02,2.325315e-01,-3.187758e+01,2.325315e-01,-3.187766e+01,9.293660e-01,-9.339282e+01
1202.26443,6.750856e-01,-1.605846e+02,2.222043e-01,-3.459637e+01,2.222042e-01,-3.459644e+01,9.333990e-01,-9.859131e+01
1318.25674,6.761542e-01,-1.620346e+02,2.114559e-01,-3.718711e+01,2.114558e-01,-3.718717e+01,9.373727e-01,-1.037262e+02
1445.43977,6.773192e-01,-1.633703e+02,2.004326e-01,-3.962877e+01,2.004326e-01,-3.962883e+01,9.412185e-01,-1.087567e+02
1584.89319,6.785285e-01,-1.645994e+02,1.892831e-01,-4.190156e+01,1.892831e-01,-4.190161e+01,9.448778e-01,-1.136462e+02
1737.80083,6.797403e-01,-1.657284e+02,1.781511e-01,-4.398761e+01,1.781511e-01,-4.398766e+01,9.483048e-01,-1.183635e+02
1905.46072,6.809229e-01,-1.667630e+02,1.671697e-01,-4.587154e+01,1.671697e-01,-4.587158e+01,9.514677e-01,-1.228832e+02
2089.29613,6.820543e-01,-1.677082e+02,1.564570e-01,-4.754071e+01,1.564570e-01,-4.754075e+01,9.543477e-01,-1.271861e+02
2290.86765,6.831213e-01,-1.685687e+02,1.461127e-01,-4.898542e+01,1.461126e-01,-4.898546e+01,9.569387e-01,-1.312591e+02
2511.88643,6.841184e-01,-1.693485e+02,1.362170e-01,-5.019890e+01,1.362170e-01,-5.019894e+01,9.592445e-01,-1.350946e+02
2754.22870,6.850463e-01,-1.700514e+02,1.268310e-01,-5.117721e+01,1.268310e-01,-5.117724e+01,9.612768e-01,-1.386899e+02
3019.95172,6.859108e-01,-1.706811e+02,1.179974e-01,-5.191914e+01,1.179973e-01,-5.191916e+01,9.630532e-01,-1.420466e+02
3311.31121,6.867213e-01,-1.712409e+02,1.097424e-01,-5.242613e+01,1.097424e-01,-5.242615e+01,9.645945e-01,-1.451693e+02
3630.78055,6.874905e-01,-1.717337e+02,1.020784e-01,-5.270220e+01,1.020784e-01,-5.270222e+01,9.659234e-01,-1.480657e+02
3981.07171,6.882332e-01,-1.721626e+02,9.500615e-02,-5.275403e+01,9.500614e-02,-5.275405e+01,9.670632e-01,-1.507450e+02
4365.15832,6.889664e-01,-1.725301e+02,8.851664e-02,-5.259098e+01,8.851663e-02,-5.259099e+01,9.680364e-01,-1.532180e+02
4786.30092,6.897086e-01,-1.728387e+02,8.259360e-02,-5.222529e+01,8.259359e-02,-5.222530e+01,9.688643e-01,-1.554961e+02
5248.07460,6.904802e-01,-1.730905e+02,7.721501e-02,-5.167223e+01,7.721500e-02,-5.167224e+01,9.695666e-01,-1.575913e+02
5754.39937,6.913035e-01,-1.732875e+02,7.235452e-02,-5.095024e+01,7.235451e-02,-5.095025e+01,9.701610e-01,-1.595155e+02
6309.57344,6.922030e-01,-1.734313e+02,6.798266e-02,-5.008097e+01,6.798265e-02,-5.008097e+01,9.706634e-01,-1.612806e+02
6918.30971,6.932061e-01,-1.735237e+02,6.406771e-02,-4.908921e+01,6.406770e-02,-4.908922e+01,9.710878e-01,-1.628982e+02
7585.77575,6.943430e-01,-1.735659e+02,6.057640e-02,-4.800263e+01,6.057640e-02,-4.800264e+01,9.714464e-01,-1.643793e+02
8317.63771,6.956480e-01,-1.735593e+02,5.747454e-02,-4.685130e+01,5.747453e-02,-4.685131e+01,9.717498e-01,-1.657344e+02
9120.10839,6.971598e-01,-1.735052e+02,5.472741e-02,-4.566701e+01,5.472740e-02,-4.566701e+01,9.720074e-01,-1.669736e+02
10000.00000,6.989219e-01,-1.734049e+02,5.230025e-02,-4.448241e+01,5.230024e-02,-4.448241e+01,9.722270e-01,-1.681060e+02
