! ! 
! S ! 
! ! 
! # MHz  S  MA  R  50.00000
! ! ===================================================================
1.00000,9.928196e-01,-7.603955e-01,1.106376e-01,1.783020e+02,2.286213e-03,8.949322e+01,9.037086e-01,-1.478977e-01
1.09648,9.928159e-01,-8.337542e-01,1.106417e-01,1.781382e+02,2.506767e-03,8.944429e+01,9.037078e-01,-1.621641e-01
1.20226,9.928115e-01,-9.141895e-01,1.106466e-01,1.779586e+02,2.748593e-03,8.939065e+01,9.037068e-01,-1.778069e-01
1.31826,9.928062e-01,-1.002384e+00,1.106526e-01,1.777616e+02,3.013744e-03,8.933183e+01,9.037057e-01,-1.949590e-01
1.44544,9.927998e-01,-1.099085e+00,1.106597e-01,1.775457e+02,3.304466e-03,8.926734e+01,9.037042e-01,-2.137657e-01
1.58489,9.927921e-01,-1.205115e+00,1.106683e-01,1.773090e+02,3.623225e-03,8.919663e+01,9.037025e-01,-2.343866e-01
1.73780,9.927829e-01,-1.321371e+00,1.106786e-01,1.770495e+02,3.972721e-03,8.911911e+01,9.037005e-01,-2.569967e-01
1.90546,9.927719e-01,-1.448839e+00,1.106910e-01,1.767650e+02,4.355915e-03,8.903411e+01,9.036980e-01,-2.817877e-01
2.08930,9.927585e-01,-1.588601e+00,1.107058e-01,1.764531e+02,4.776051e-03,8.894092e+01,9.036951e-01,-3.089698e-01
2.29087,9.927425e-01,-1.741841e+00,1.107237e-01,1.761113e+02,5.236684e-03,8.883875e+01,9.036915e-01,-3.387735e-01
2.51189,9.927233e-01,-1.909856e+00,1.107452e-01,1.757366e+02,5.741711e-03,8.872672e+01,9.036872e-01,-3.714513e-01
2.75423,9.927002e-01,-2.094071e+00,1.107711e-01,1.753258e+02,6.295398e-03,8.860390e+01,9.036821e-01,-4.072801e-01
3.01995,9.926723e-01,-2.296044e+00,1.108022e-01,1.748757e+02,6.902420e-03,8.846923e+01,9.036759e-01,-4.465634e-01
3.31131,9.926389e-01,-2.517484e+00,1.108395e-01,1.743824e+02,7.567897e-03,8.832160e+01,9.036684e-01,-4.896336e-01
3.63078,9.925987e-01,-2.760264e+00,1.108843e-01,1.738419e+02,8.297432e-03,8.815974e+01,9.036595e-01,-5.368552e-01
3.98107,9.925505e-01,-3.026434e+00,1.109382e-01,1.732496e+02,9.097160e-03,8.798228e+01,9.036488e-01,-5.886274e-01
4.36516,9.924924e-01,-3.318241e+00,1.110029e-01,1.726009e+02,9.973793e-03,8.778775e+01,9.036358e-01,-6.453875e-01
4.78630,9.924227e-01,-3.638144e+00,1.110806e-01,1.718903e+02,1.093467e-02,8.757449e+01,9.036203e-01,-7.076144e-01
5.24807,9.923388e-01,-3.988836e+00,1.111739e-01,1.711123e+02,1.198781e-02,8.734071e+01,9.036017e-01,-7.758328e-01
5.75440,9.922381e-01,-4.373264e+00,1.112859e-01,1.702605e+02,1.314198e-02,8.708446e+01,9.035793e-01,-8.506167e-01
6.30957,9.921171e-01,-4.794651e+00,1.114203e-01,1.693284e+02,1.440675e-02,8.680359e+01,9.035524e-01,-9.325946e-01
6.91831,9.919718e-01,-5.256523e+00,1.115815e-01,1.683087e+02,1.579253e-02,8.649575e+01,9.035201e-01,-1.022454e+00
7.58578,9.917972e-01,-5.762730e+00,1.117748e-01,1.671938e+02,1.731070e-02,8.615838e+01,9.034812e-01,-1.120946e+00
8.31764,9.915875e-01,-6.317478e+00,1.120065e-01,1.659753e+02,1.897361e-02,8.578870e+01,9.034346e-01,-1.228892e+00
9.12011,9.913358e-01,-6.925359e+00,1.122838e-01,1.646445e+02,2.079467e-02,8.538366e+01,9.033787e-01,-1.347189e+00
10.00000,9.910337e-01,-7.591374e+00,1.126157e-01,1.631923e+02,2.278842e-02,8.493994e+01,9.033116e-01,-1.476816e+00
10.96478,9.906712e-01,-8.320970e+00,1.130125e-01,1.616089e+02,2.497059e-02,8.445394e+01,9.032311e-01,-1.618840e+00
12.02264,9.902365e-01,-9.120068e+00,1.134864e-01,1.598844e+02,2.735811e-02,8.392174e+01,9.031346e-01,-1.774422e+00
13.18257,9.897154e-01,-9.995095e+00,1.140515e-01,1.580086e+02,2.996917e-02,8.333910e+01,9.030189e-01,-1.944825e+00
14.45440,9.890911e-01,-1.095301e+01,1.147244e-01,1.559712e+02,3.282322e-02,8.270144e+01,9.028805e-01,-2.131422e+00
15.84893,9.883438e-01,-1.200133e+01,1.155242e-01,1.537621e+02,3.594092e-02,8.200382e+01,9.027148e-01,-2.335698e+00
17.37801,9.874498e-01,-1.314815e+01,1.164728e-01,1.513716e+02,3.934410e-02,8.124095e+01,9.025168e-01,-2.559259e+00
19.05461,9.863815e-01,-1.440215e+01,1.175952e-01,1.487909e+02,4.305559e-02,8.040716e+01,9.022805e-01,-2.803836e+00
20.89296,9.851065e-01,-1.577260e+01,1.189191e-01,1.460121e+02,4.709901e-02,7.949645e+01,9.019987e-01,-3.071290e+00
22.90868,9.835871e-01,-1.726935e+01,1.204754e-01,1.430290e+02,5.149846e-02,7.850246e+01,9.016634e-01,-3.363612e+00
25.11886,9.817793e-01,-1.890276e+01,1.222979e-01,1.398373e+02,5.627807e-02,7.741855e+01,9.012650e-01,-3.682926e+00
27.54229,9.796328e-01,-2.068367e+01,1.244224e-01,1.364351e+02,6.146138e-02,7.623785e+01,9.007930e-01,-4.031481e+00
30.19952,9.770905e-01,-2.262331e+01,1.268863e-01,1.328233e+02,6.707055e-02,7.495333e+01,9.002352e-01,-4.411651e+00
33.11311,9.740878e-01,-2.473307e+01,1.297272e-01,1.290058e+02,7.312533e-02,7.355793e+01,8.995783e-01,-4.825920e+00
36.30781,9.705534e-01,-2.702442e+01,1.329813e-01,1.249897e+02,7.964180e-02,7.204475e+01,8.988076e-01,-5.276873e+00
39.81072,9.664095e-01,-2.950855e+01,1.366817e-01,1.207854e+02,8.663080e-02,7.040716e+01,8.979075e-01,-5.767180e+00
43.65158,9.615736e-01,-3.219606e+01,1.408556e-01,1.164062e+02,9.409620e-02,6.863918e+01,8.968621e-01,-6.299577e+00
47.86301,9.559606e-01,-3.509657e+01,1.455220e-01,1.118683e+02,1.020329e-01,6.673564e+01,8.956554e-01,-6.876849e+00
52.48075,9.494860e-01,-3.821819e+01,1.506886e-01,1.071897e+02,1.104246e-01,6.469264e+01,8.942726e-01,-7.501828e+00
57.54399,9.420714e-01,-4.156697e+01,1.563490e-01,1.023903e+02,1.192419e-01,6.250784e+01,8.927013e-01,-8.177385e+00
63.09573,9.336495e-01,-4.514624e+01,1.624804e-01,9.749108e+01,1.284405e-01,6.018088e+01,8.909328e-01,-8.906460e+00
69.18310,9.241721e-01,-4.895601e+01,1.690418e-01,9.251360e+01,1.379594e-01,5.771376e+01,8.889639e-01,-9.692106e+00
75.85776,9.136174e-01,-5.299224e+01,1.759731e-01,8.747969e+01,1.477211e-01,5.511110e+01,8.867987e-01,-1.053757e+01
83.17638,9.019983e-01,-5.724631e+01,1.831951e-01,8.241123e+01,1.576317e-01,5.238040e+01,8.844501e-01,-1.144644e+01
91.20108,8.893685e-01,-6.170458e+01,1.906123e-01,7.732989e+01,1.675835e-01,4.953201e+01,8.819408e-01,-1.242278e+01
100.00000,8.758277e-01,-6.634808e+01,1.981154e-01,7.225698e+01,1.774578e-01,4.657906e+01,8.793044e-01,-1.347135e+01
109.64782,8.615219e-01,-7.115260e+01,2.055866e-01,6.721324e+01,1.871302e-01,4.353701e+01,8.765845e-01,-1.459782e+01
120.22644,8.466403e-01,-7.608892e+01,2.129052e-01,6.221847e+01,1.964763e-01,4.042307e+01,8.738336e-01,-1.580896e+01
131.82567,8.314073e-01,-8.112350e+01,2.199536e-01,5.729120e+01,2.053775e-01,3.725546e+01,8.711106e-01,-1.711282e+01
144.54398,8.160702e-01,-8.621937e+01,2.266229e-01,5.244809e+01,2.137269e-01,3.405247e+01,8.684783e-01,-1.851885e+01
158.48932,8.008841e-01,-9.133731e+01,2.328180e-01,4.770348e+01,2.214336e-01,3.083155e+01,8.659999e-01,-2.003785e+01
173.78008,7.860961e-01,-9.643723e+01,2.384602e-01,4.306884e+01,2.284256e-01,2.760845e+01,8.637359e-01,-2.168193e+01
190.54607,7.719305e-01,-1.014795e+02,2.434886e-01,3.855243e+01,2.346507e-01,2.439653e+01,8.617420e-01,-2.346432e+01
208.92961,7.585771e-01,-1.064265e+02,2.478594e-01,3.415907e+01,2.400753e-01,2.120626e+01,8.600678e-01,-2.539905e+01
229.08677,7.461836e-01,-1.112437e+02,2.515441e-01,2.989016e+01,2.446822e-01,1.804495e+01,8.587559e-01,-2.750068e+01
251.18864,7.348523e-01,-1.159006e+02,2.545261e-01,2.574379e+01,2.484667e-01,1.491681e+01,8.578425e-01,-2.978387e+01
275.42287,7.246417e-01,-1.203717e+02,2.567971e-01,2.171517e+01,2.514328e-01,1.182308e+01,8.573582e-01,-3.226294e+01
301.99517,7.155705e-01,-1.246369e+02,2.583534e-01,1.779711e+01,2.535888e-01,8.762501e+00,8.573297e-01,-3.495144e+01
331.13112,7.076245e-01,-1.286813e+02,2.591929e-01,1.398060e+01,2.549441e-01,5.731823e+00,8.577803e-01,-3.786158e+01
363.07805,7.007641e-01,-1.324956e+02,2.593122e-01,1.025554e+01,2.555063e-01,2.726424e+00,8.587309e-01,-4.100366e+01
398.10717,6.949312e-01,-1.360749e+02,2.587053e-01,6.611455e+00,2.552794e-01,-2.589900e-01,8.602006e-01,-4.438547e+01
436.51583,6.900562e-01,-1.394193e+02,2.573626e-01,3.038188e+00,2.542630e-01,-3.229668e+00,8.622051e-01,-4.801152e+01
478.63009,6.860631e-01,-1.425321e+02,2.552716e-01,-4.733229e-01,2.524529e-01,-6.190093e+00,8.647561e-01,-5.188239e+01
524.80746,6.828733e-01,-1.454199e+02,2.524183e-01,-3.930363e+00,2.498422e-01,-9.143283e+00,8.678587e-01,-5.599391e+01
575.43994,6.804085e-01,-1.480919e+02,2.487893e-01,-7.337792e+00,2.464242e-01,-1.209013e+01,8.715085e-01,-6.033657e+01
630.95734,6.785918e-01,-1.505588e+02,2.443759e-01,-1.069749e+01,2.421956e-01,-1.502885e+01,8.756886e-01,-6.489497e+01
691.83097,6.773484e-01,-1.528326e+02,2.391772e-01,-1.400790e+01,2.371602e-01,-1.795449e+01,8.803669e-01,-6.964751e+01
758.57758,6.766057e-01,-1.549262e+02,2.332041e-01,-1.726382e+01,2.313332e-01,-2.085871e+01,8.854938e-01,-7.456648e+01
831.76377,6.762932e-01,-1.568525e+02,2.264838e-01,-2.045625e+01,2.247448e-01,-2.372966e+01,8.910016e-01,-7.961844e+01
912.01084,6.763423e-01,-1.586240e+02,2.190619e-01,-2.357270e+01,2.174436e-01,-2.655219e+01,8.968054e-01,-8.476513e+01
1000.00000,6.766869e-01,-1.602530e+02,2.110039e-01,-2.659752e+01,2.094972e-01,-2.930822e+01,9.028064e-01,-8.996473e+01
1096.47820,6.772638e-01,-1.617509e+02,2.023953e-01,-2.951263e+01,2.009927e-01,-3.197745e+01,9.088968e-01,-9.517341e+01
1202.26443,6.780141e-01,-1.631277e+02,1.933389e-01,-3.229833e+01,1.920342e-01,-3.453815e+01,9.149662e-01,-1.003471e+02
1318.25674,6.788838e-01,-1.643929e+02,1.839508e-01,-3.493429e+01,1.827388e-01,-3.696810e+01,9.209080e-01,-1.054435e+02
1445.43977,6.798257e-01,-1.655545e+02,1.743553e-01,-3.740046e+01,1.732312e-01,-3.924557e+01,9.266266e-01,-1.104231e+02
1584.89319,6.808000e-01,-1.666196e+02,1.646783e-01,-3.967800e+01,1.636378e-01,-4.135014e+01,9.320414e-01,-1.152515e+02
1737.80083,6.817747e-01,-1.675944e+02,1.550421e-01,-4.174998e+01,1.540811e-01,-4.326346e+01,9.370911e-01,-1.198993e+02
1905.46072,6.827260e-01,-1.684843e+02,1.455596e-01,-4.360196e+01,1.446740e-01,-4.496982e+01,9.417341e-01,-1.243434e+02
2089.29613,6.836376e-01,-1.692940e+02,1.363306e-01,-4.522233e+01,1.355167e-01,-4.645641e+01,9.459484e-01,-1.285666e+02
2290.86765,6.845003e-01,-1.700278e+02,1.274395e-01,-4.660250e+01,1.266933e-01,-4.771361e+01,9.497289e-01,-1.325577e+02
2511.88643,6.853109e-01,-1.706895e+02,1.189537e-01,-4.773697e+01,1.182714e-01,-4.873495e+01,9.530850e-01,-1.363108e+02
2754.22870,6.860710e-01,-1.712827e+02,1.109243e-01,-4.862330e+01,1.103021e-01,-4.951715e+01,9.560368e-01,-1.398244e+02
3019.95172,6.867864e-01,-1.718105e+02,1.033865e-01,-4.926206e+01,1.028207e-01,-5.006003e+01,9.586120e-01,-1.431013e+02
3311.31121,6.874659e-01,-1.722759e+02,9.636150e-02,-4.965682e+01,9.584858e-02,-5.036651e+01,9.608427e-01,-1.461470e+02
3630.78055,6.881210e-01,-1.726816e+02,8.985859e-02,-4.981416e+01,8.939499e-02,-5.044261e+01,9.627634e-01,-1.489697e+02
3981.07171,6.887652e-01,-1.730300e+02,8.387680e-02,-4.974374e+01,8.345914e-02,-5.029752e+01,9.644086e-01,-1.515791e+02
4365.15832,6.894138e-01,-1.733235e+02,7.840694e-02,-4.945840e+01,7.803197e-02,-4.994367e+01,9.658116e-01,-1.539861e+02
4786.30092,6.900839e-01,-1.735639e+02,7.343332e-02,-4.897425e+01,7.309790e-02,-4.939685e+01,9.670038e-01,-1.562024e+02
5248.07460,6.907943e-01,-1.737531e+02,6.893513e-02,-4.831075e+01,6.863626e-02,-4.867627e+01,9.680138e-01,-1.582398e+02
5754.39937,6.915659e-01,-1.738926e+02,6.488776e-02,-4.749071e+01,6.462254e-02,-4.780449e+01,9.688676e-01,-1.601104e+02
6309.57344,6.924220e-01,-1.739839e+02,6.126369e-02,-4.654005e+01,6.102936e-02,-4.680725e+01,9.695881e-01,-1.618258e+02
6918.30971,6.933887e-01,-1.740280e+02,5.803342e-02,-4.548751e+01,5.782730e-02,-4.571309e+01,9.701955e-01,-1.633974e+02
7585.77575,6.944954e-01,-1.740260e+02,5.516604e-02,-4.436404e+01,5.498558e-02,-4.455278e+01,9.707076e-01,-1.648361e+02
8317.63771,6.957755e-01,-1.739789e+02,5.262986e-02,-4.320210e+01,5.247260e-02,-4.335853e+01,9.711395e-01,-1.661523e+02
9120.10839,6.972669e-01,-1.738878e+02,5.039290e-02,-4.203475e+01,5.025651e-02,-4.216317e+01,9.715044e-01,-1.673556e+02
10000.00000,6.990124e-01,-1.737537e+02,4.842328e-02,-4.089469e+01,4.830555e-02,-4.099908e+01,9.718136e-01,-1.684551e+02
