! ! 
! S ! 
! ! 
! # MHz  S  MA  R  50.00000
! ! ===================================================================
1.00000,9.941934e-01,-6.637736e-01,2.333458e-03,8.960649e+01,2.333456e-03,8.954781e+01,9.464689e-01,-1.378900e-01
1.09648,9.941905e-01,-7.278114e-01,2.558572e-03,8.955767e+01,2.558570e-03,8.950415e+01,9.464683e-01,-1.511912e-01
1.20226,9.941870e-01,-7.980268e-01,2.805401e-03,8.950509e+01,2.805399e-03,8.945628e+01,9.464676e-01,-1.657757e-01
1.31826,9.941828e-01,-8.750156e-01,3.076038e-03,8.944831e+01,3.076036e-03,8.940380e+01,9.464667e-01,-1.817673e-01
1.44544,9.941777e-01,-9.594311e-01,3.372778e-03,8.938685e+01,3.372777e-03,8.934625e+01,9.464656e-01,-1.993017e-01
1.58489,9.941716e-01,-1.051990e+00,3.698137e-03,8.932018e+01,3.698136e-03,8.928316e+01,9.464643e-01,-2.185278e-01
1.73780,9.941643e-01,-1.153476e+00,4.054874e-03,8.924775e+01,4.054873e-03,8.921398e+01,9.464627e-01,-2.396086e-01
1.90546,9.941555e-01,-1.264751e+00,4.446012e-03,8.916893e+01,4.446011e-03,8.913813e+01,9.464608e-01,-2.627229e-01
2.08930,9.941449e-01,-1.386759e+00,4.874864e-03,8.908306e+01,4.874863e-03,8.905497e+01,9.464585e-01,-2.880668e-01
2.29087,9.941321e-01,-1.520534e+00,5.345062e-03,8.898941e+01,5.345061e-03,8.896379e+01,9.464558e-01,-3.158554e-01
2.51189,9.941168e-01,-1.667209e+00,5.860585e-03,8.888719e+01,5.860584e-03,8.886383e+01,9.464525e-01,-3.463241e-01
2.75423,9.940984e-01,-1.828028e+00,6.425795e-03,8.877552e+01,6.425794e-03,8.875422e+01,9.464486e-01,-3.797313e-01
3.01995,9.940763e-01,-2.004353e+00,7.045469e-03,8.865348e+01,7.045468e-03,8.863405e+01,9.464438e-01,-4.163602e-01
3.31131,9.940497e-01,-2.197677e+00,7.724841e-03,8.852001e+01,7.724839e-03,8.850229e+01,9.464381e-01,-4.565210e-01
3.63078,9.940178e-01,-2.409635e+00,8.469641e-03,8.837400e+01,8.469640e-03,8.835784e+01,9.464313e-01,-5.005539e-01
3.98107,9.939794e-01,-2.642021e+00,9.286147e-03,8.821420e+01,9.286146e-03,8.819946e+01,9.464231e-01,-5.488316e-01
4.36516,9.939332e-01,-2.896799e+00,1.018123e-02,8.803928e+01,1.018123e-02,8.802584e+01,9.464132e-01,-6.017625e-01
4.78630,9.938777e-01,-3.176118e+00,1.116240e-02,8.784775e+01,1.116240e-02,8.783549e+01,9.464013e-01,-6.597942e-01
5.24807,9.938110e-01,-3.482335e+00,1.223789e-02,8.763800e+01,1.223788e-02,8.762682e+01,9.463870e-01,-7.234169e-01
5.75440,9.937309e-01,-3.818029e+00,1.341667e-02,8.740827e+01,1.341667e-02,8.739807e+01,9.463698e-01,-7.931673e-01
6.30957,9.936346e-01,-4.186023e+00,1.470859e-02,8.715662e+01,1.470858e-02,8.714732e+01,9.463492e-01,-8.696335e-01
6.91831,9.935188e-01,-4.589404e+00,1.612435e-02,8.688095e+01,1.612434e-02,8.687247e+01,9.463244e-01,-9.534590e-01
7.58578,9.933798e-01,-5.031552e+00,1.767565e-02,8.657896e+01,1.767564e-02,8.657122e+01,9.462946e-01,-1.045348e+00
8.31764,9.932129e-01,-5.516157e+00,1.937524e-02,8.624813e+01,1.937523e-02,8.624107e+01,9.462589e-01,-1.146071e+00
9.12011,9.930123e-01,-6.047252e+00,2.123698e-02,8.588571e+01,2.123698e-02,8.587927e+01,9.462159e-01,-1.256471e+00
10.00000,9.927716e-01,-6.629239e+00,2.327596e-02,8.548871e+01,2.327596e-02,8.548285e+01,9.461644e-01,-1.377468e+00
10.96478,9.924826e-01,-7.266919e+00,2.550852e-02,8.505388e+01,2.550851e-02,8.504853e+01,9.461025e-01,-1.510067e+00
12.02264,9.921357e-01,-7.965520e+00,2.795233e-02,8.457767e+01,2.795233e-02,8.457279e+01,9.460283e-01,-1.655366e+00
13.18257,9.917197e-01,-8.730730e+00,3.062649e-02,8.405622e+01,3.062649e-02,8.405177e+01,9.459393e-01,-1.814560e+00
14.45440,9.912210e-01,-9.568727e+00,3.355152e-02,8.348536e+01,3.355152e-02,8.348130e+01,9.458327e-01,-1.988952e+00
15.84893,9.906233e-01,-1.048621e+01,3.674939e-02,8.286057e+01,3.674939e-02,8.285687e+01,9.457050e-01,-2.179957e+00
17.37801,9.899075e-01,-1.149041e+01,4.024352e-02,8.217698e+01,4.024351e-02,8.217361e+01,9.455521e-01,-2.389114e+00
19.05461,9.890511e-01,-1.258914e+01,4.405867e-02,8.142936e+01,4.405866e-02,8.142628e+01,9.453693e-01,-2.618087e+00
20.89296,9.880272e-01,-1.379079e+01,4.822087e-02,8.061208e+01,4.822086e-02,8.060927e+01,9.451510e-01,-2.868679e+00
22.90868,9.868046e-01,-1.510433e+01,5.275714e-02,7.971917e+01,5.275714e-02,7.971661e+01,9.448906e-01,-3.142831e+00
25.11886,9.853467e-01,-1.653930e+01,5.769524e-02,7.874431e+01,5.769523e-02,7.874198e+01,9.445805e-01,-3.442631e+00
27.54229,9.836108e-01,-1.810581e+01,6.306313e-02,7.768085e+01,6.306312e-02,7.767872e+01,9.442118e-01,-3.770314e+00
30.19952,9.815481e-01,-1.981444e+01,6.888837e-02,7.652188e+01,6.888837e-02,7.651993e+01,9.437745e-01,-4.128266e+00
33.11311,9.791024e-01,-2.167619e+01,7.519731e-02,7.526027e+01,7.519730e-02,7.525850e+01,9.432571e-01,-4.519018e+00
36.30781,9.762103e-01,-2.370233e+01,8.201392e-02,7.388882e+01,8.201391e-02,7.388721e+01,9.426469e-01,-4.945244e+00
39.81072,9.728013e-01,-2.590426e+01,8.935850e-02,7.240038e+01,8.935849e-02,7.239891e+01,9.419299e-01,-5.409751e+00
43.65158,9.687979e-01,-2.829323e+01,9.724596e-02,7.078803e+01,9.724595e-02,7.078669e+01,9.410909e-01,-5.915470e+00
47.86301,9.641168e-01,-3.088005e+01,1.056839e-01,6.904531e+01,1.056839e-01,6.904409e+01,9.401142e-01,-6.465441e+00
52.48075,9.586712e-01,-3.367473e+01,1.146702e-01,6.716651e+01,1.146702e-01,6.716539e+01,9.389838e-01,-7.062804e+00
57.54399,9.523733e-01,-3.668599e+01,1.241910e-01,6.514696e+01,1.241910e-01,6.514594e+01,9.376845e-01,-7.710789e+00
63.09573,9.451393e-01,-3.992075e+01,1.342177e-01,6.298345e+01,1.342177e-01,6.298252e+01,9.362028e-01,-8.412717e+00
69.18310,9.368946e-01,-4.338352e+01,1.447049e-01,6.067456e+01,1.447049e-01,6.067371e+01,9.345283e-01,-9.172015e+00
75.85776,9.275807e-01,-4.707574e+01,1.555889e-01,5.822106e+01,1.555888e-01,5.822029e+01,9.326553e-01,-9.992259e+00
83.17638,9.171634e-01,-5.099515e+01,1.667860e-01,5.562625e+01,1.667859e-01,5.562555e+01,9.305845e-01,-1.087724e+01
91.20108,9.056406e-01,-5.513517e+01,1.781933e-01,5.289618e+01,1.781933e-01,5.289554e+01,9.283246e-01,-1.183106e+01
100.00000,8.930504e-01,-5.948440e+01,1.896902e-01,5.003978e+01,1.896902e-01,5.003919e+01,9.258937e-01,-1.285831e+01
109.64782,8.794759e-01,-6.402630e+01,2.011417e-01,4.706877e+01,2.011417e-01,4.706824e+01,9.233198e-01,-1.396420e+01
120.22644,8.650489e-01,-6.873907e+01,2.124034e-01,4.399741e+01,2.124034e-01,4.399692e+01,9.206413e-01,-1.515479e+01
131.82567,8.499475e-01,-7.359581e+01,2.233281e-01,4.084191e+01,2.233280e-01,4.084146e+01,9.179055e-01,-1.643716e+01
144.54398,8.343902e-01,-7.856508e+01,2.337720e-01,3.761980e+01,2.337720e-01,3.761939e+01,9.151666e-01,-1.781960e+01
158.48932,8.186251e-01,-8.361158e+01,2.436024e-01,3.434903e+01,2.436024e-01,3.434866e+01,9.124837e-01,-1.931168e+01
173.78008,8.029152e-01,-8.869731e+01,2.527027e-01,3.104706e+01,2.527027e-01,3.104673e+01,9.099166e-01,-2.092431e+01
190.54607,7.875223e-01,-9.378273e+01,2.609769e-01,2.773001e+01,2.609769e-01,2.772970e+01,9.075235e-01,-2.266962e+01
208.92961,7.726916e-01,-9.882819e+01,2.683510e-01,2.441184e+01,2.683510e-01,2.441156e+01,9.053581e-01,-2.456082e+01
229.08677,7.586373e-01,-1.037953e+02,2.747733e-01,2.110389e+01,2.747733e-01,2.110363e+01,9.034675e-01,-2.661191e+01
251.18864,7.455334e-01,-1.086482e+02,2.802113e-01,1.781447e+01,2.802113e-01,1.781424e+01,9.018917e-01,-2.883730e+01
275.42287,7.335086e-01,-1.133548e+02,2.846487e-01,1.454888e+01,2.846486e-01,1.454867e+01,9.006631e-01,-3.125145e+01
301.99517,7.226454e-01,-1.178874e+02,2.880803e-01,1.130955e+01,2.880803e-01,1.130936e+01,8.998074e-01,-3.386831e+01
331.13112,7.129833e-01,-1.222236e+02,2.905081e-01,8.096433e+00,2.905081e-01,8.096256e+00,8.993445e-01,-3.670087e+01
363.07805,7.045245e-01,-1.263463e+02,2.919368e-01,4.907559e+00,2.919368e-01,4.907398e+00,8.992897e-01,-3.976050e+01
398.10717,6.972413e-01,-1.302439e+02,2.923708e-01,1.739689e+00,2.923707e-01,1.739542e+00,8.996542e-01,-4.305633e+01
436.51583,6.910833e-01,-1.339098e+02,2.918122e-01,-1.410954e+00,2.918121e-01,-1.411088e+00,9.004457e-01,-4.659455e+01
478.63009,6.859841e-01,-1.373424e+02,2.902606e-01,-4.547918e+00,2.902605e-01,-4.548041e+00,9.016681e-01,-5.037764e+01
524.80746,6.818673e-01,-1.405440e+02,2.877134e-01,-7.673765e+00,2.877134e-01,-7.673876e+00,9.033206e-01,-5.440364e+01
575.43994,6.786504e-01,-1.435204e+02,2.841686e-01,-1.078934e+01,2.841686e-01,-1.078944e+01,9.053960e-01,-5.866539e+01
630.95734,6.762482e-01,-1.462801e+02,2.796277e-01,-1.389315e+01,2.796277e-01,-1.389325e+01,9.078794e-01,-6.314996e+01
691.83097,6.745738e-01,-1.488339e+02,2.740999e-01,-1.698083e+01,2.740999e-01,-1.698091e+01,9.107461e-01,-6.783822e+01
758.57758,6.735406e-01,-1.511937e+02,2.676069e-01,-2.004478e+01,2.676069e-01,-2.004485e+01,9.139601e-01,-7.270477e+01
831.76377,6.730620e-01,-1.533721e+02,2.601872e-01,-2.307407e+01,2.601871e-01,-2.307414e+01,9.174739e-01,-7.771816e+01
912.01084,6.730527e-01,-1.553823e+02,2.518991e-01,-2.605451e+01,2.518991e-01,-2.605458e+01,9.212280e-01,-8.284167e+01
1000.00000,6.734290e-01,-1.572366e+02,2.428233e-01,-2.896906e+01,2.428233e-01,-2.896911e+01,9.251538e-01,-8.803436e+01
1096.47820,6.741104e-01,-1.589471e+02,2.330624e-01,-3.179836e+01,2.330623e-01,-3.179841e+01,9.291758e-01,-9.325268e+01
1202.26443,6.750210e-01,-1.605247e+02,2.227382e-01,-3.452162e+01,2.227382e-01,-3.452166e+01,9.332163e-01,-9.845211e+01
1318.25674,6.760909e-01,-1.619791e+02,2.119883e-01,-3.711743e+01,2.119882e-01,-3.711747e+01,9.371995e-01,-1.035891e+02
1445.43977,6.772587e-01,-1.633190e+02,2.009588e-01,-3.956475e+01,2.009588e-01,-3.956479e+01,9.410564e-01,-1.086228e+02
1584.89319,6.784720e-01,-1.645520e+02,1.897986e-01,-4.184375e+01,1.897986e-01,-4.184379e+01,9.447280e-01,-1.135165e+02
1737.80083,6.796885e-01,-1.656847e+02,1.786518e-01,-4.393652e+01,1.786518e-01,-4.393655e+01,9.481681e-01,-1.182386e+02
1905.46072,6.808762e-01,-1.667228e+02,1.676522e-01,-4.582758e+01,1.676521e-01,-4.582761e+01,9.513442e-01,-1.227639e+02
2089.29613,6.820129e-01,-1.676713e+02,1.569182e-01,-4.750423e+01,1.569182e-01,-4.750426e+01,9.542374e-01,-1.270728e+02
2290.86765,6.830851e-01,-1.685349e+02,1.465505e-01,-4.895670e+01,1.465504e-01,-4.895672e+01,9.568410e-01,-1.311520e+02
2511.88643,6.840871e-01,-1.693177e+02,1.366298e-01,-5.017811e+01,1.366298e-01,-5.017813e+01,9.591588e-01,-1.349940e+02
2754.22870,6.850196e-01,-1.700235e+02,1.272177e-01,-5.116446e+01,1.272177e-01,-5.116448e+01,9.612021e-01,-1.385958e+02
3019.95172,6.858880e-01,-1.706559e+02,1.183576e-01,-5.191446e+01,1.183575e-01,-5.191448e+01,9.629885e-01,-1.419588e+02
3311.31121,6.867019e-01,-1.712182e+02,1.100761e-01,-5.242947e+01,1.100761e-01,-5.242948e+01,9.645388e-01,-1.450878e+02
3630.78055,6.874739e-01,-1.717134e+02,1.023861e-01,-5.271343e+01,1.023861e-01,-5.271345e+01,9.658758e-01,-1.479902e+02
3981.07171,6.882188e-01,-1.721446e+02,9.528839e-02,-5.277292e+01,9.528838e-02,-5.277293e+01,9.670226e-01,-1.506753e+02
4365.15832,6.889534e-01,-1.725143e+02,8.877443e-02,-5.261722e+01,8.877443e-02,-5.261723e+01,9.680019e-01,-1.531536e+02
4786.30092,6.896964e-01,-1.728249e+02,8.282807e-02,-5.225845e+01,8.282806e-02,-5.225846e+01,9.688350e-01,-1.554369e+02
5248.07460,6.904681e-01,-1.730787e+02,7.742738e-02,-5.171179e+01,7.742737e-02,-5.171179e+01,9.695418e-01,-1.575368e+02
5754.39937,6.912907e-01,-1.732775e+02,7.254613e-02,-5.099554e+01,7.254612e-02,-5.099554e+01,9.701400e-01,-1.594655e+02
6309.57344,6.921888e-01,-1.734232e+02,6.815489e-02,-5.013124e+01,6.815488e-02,-5.013125e+01,9.706457e-01,-1.612348e+02
6918.30971,6.931895e-01,-1.735173e+02,6.422197e-02,-4.914358e+01,6.422197e-02,-4.914358e+01,9.710728e-01,-1.628562e+02
7585.77575,6.943233e-01,-1.735611e+02,6.071413e-02,-4.806012e+01,6.071413e-02,-4.806013e+01,9.714338e-01,-1.643409e+02
8317.63771,6.956243e-01,-1.735561e+02,5.759716e-02,-4.691086e+01,5.759715e-02,-4.691086e+01,9.717392e-01,-1.656993e+02
9120.10839,6.971309e-01,-1.735035e+02,5.483633e-02,-4.572752e+01,5.483633e-02,-4.572753e+01,9.719984e-01,-1.669414e+02
10000.00000,6.988865e-01,-1.734046e+02,5.239685e-02,-4.454276e+01,5.239685e-02,-4.454277e+01,9.722193e-01,-1.680766e+02
