! ! 
! S ! 
! ! 
! # MHz  S  MA  R  50.00000
! ! ===================================================================
1.00000,9.947446e-01,-6.654189e-01,2.287642e-03,8.962481e+01,2.287640e-03,8.954810e+01,9.047817e-01,-1.383443e-01
1.09648,9.947417e-01,-7.296154e-01,2.508336e-03,8.957443e+01,2.508334e-03,8.950447e+01,9.047811e-01,-1.516893e-01
1.20226,9.947382e-01,-8.000049e-01,2.750319e-03,8.952043e+01,2.750317e-03,8.945663e+01,9.047804e-01,-1.663218e-01
1.31826,9.947340e-01,-8.771845e-01,3.015642e-03,8.946237e+01,3.015640e-03,8.940417e+01,9.047795e-01,-1.823662e-01
1.44544,9.947289e-01,-9.618093e-01,3.306555e-03,8.939974e+01,3.306553e-03,8.934666e+01,9.047785e-01,-1.999584e-01
1.58489,9.947228e-01,-1.054597e+00,3.625527e-03,8.933202e+01,3.625525e-03,8.928361e+01,9.047773e-01,-2.192478e-01
1.73780,9.947154e-01,-1.156335e+00,3.975259e-03,8.925862e+01,3.975257e-03,8.921448e+01,9.047758e-01,-2.403980e-01
1.90546,9.947066e-01,-1.267886e+00,4.358717e-03,8.917894e+01,4.358715e-03,8.913868e+01,9.047740e-01,-2.635885e-01
2.08930,9.946960e-01,-1.390196e+00,4.779148e-03,8.909229e+01,4.779146e-03,8.905557e+01,9.047719e-01,-2.890160e-01
2.29087,9.946832e-01,-1.524302e+00,5.240113e-03,8.899794e+01,5.240112e-03,8.896445e+01,9.047693e-01,-3.168961e-01
2.51189,9.946679e-01,-1.671341e+00,5.745514e-03,8.889509e+01,5.745512e-03,8.886454e+01,9.047662e-01,-3.474652e-01
2.75423,9.946494e-01,-1.832559e+00,6.299626e-03,8.878286e+01,6.299624e-03,8.875501e+01,9.047625e-01,-3.809825e-01
3.01995,9.946273e-01,-2.009321e+00,6.907131e-03,8.866031e+01,6.907130e-03,8.863491e+01,9.047580e-01,-4.177321e-01
3.31131,9.946006e-01,-2.203123e+00,7.573162e-03,8.852641e+01,7.573161e-03,8.850324e+01,9.047527e-01,-4.580252e-01
3.63078,9.945686e-01,-2.415607e+00,8.303337e-03,8.838001e+01,8.303336e-03,8.835888e+01,9.047462e-01,-5.022032e-01
3.98107,9.945301e-01,-2.648569e+00,9.103809e-03,8.821988e+01,9.103807e-03,8.820061e+01,9.047385e-01,-5.506401e-01
4.36516,9.944838e-01,-2.903977e+00,9.981312e-03,8.804467e+01,9.981310e-03,8.802709e+01,9.047292e-01,-6.037455e-01
4.78630,9.944282e-01,-3.183988e+00,1.094321e-02,8.785289e+01,1.094321e-02,8.783687e+01,9.047180e-01,-6.619685e-01
5.24807,9.943614e-01,-3.490963e+00,1.199758e-02,8.764295e+01,1.199758e-02,8.762833e+01,9.047045e-01,-7.258008e-01
5.75440,9.942810e-01,-3.827488e+00,1.315322e-02,8.741306e+01,1.315321e-02,8.739973e+01,9.046883e-01,-7.957813e-01
6.30957,9.941845e-01,-4.196392e+00,1.441975e-02,8.716130e+01,1.441975e-02,8.714914e+01,9.046689e-01,-8.724997e-01
6.91831,9.940685e-01,-4.600771e+00,1.580770e-02,8.688555e+01,1.580770e-02,8.687446e+01,9.046456e-01,-9.566017e-01
7.58578,9.939292e-01,-5.044011e+00,1.732853e-02,8.658353e+01,1.732852e-02,8.657341e+01,9.046175e-01,-1.048794e+00
8.31764,9.937618e-01,-5.529813e+00,1.899472e-02,8.625270e+01,1.899472e-02,8.624347e+01,9.045839e-01,-1.149850e+00
9.12011,9.935608e-01,-6.062219e+00,2.081989e-02,8.589033e+01,2.081989e-02,8.588191e+01,9.045434e-01,-1.260614e+00
10.00000,9.933195e-01,-6.645642e+00,2.281880e-02,8.549342e+01,2.281879e-02,8.548575e+01,9.044949e-01,-1.382010e+00
10.96478,9.930299e-01,-7.284893e+00,2.500746e-02,8.505871e+01,2.500746e-02,8.505172e+01,9.044367e-01,-1.515047e+00
12.02264,9.926823e-01,-7.985213e+00,2.740323e-02,8.458267e+01,2.740323e-02,8.457629e+01,9.043668e-01,-1.660826e+00
13.18257,9.922653e-01,-8.752304e+00,3.002480e-02,8.406144e+01,3.002480e-02,8.405562e+01,9.042830e-01,-1.820547e+00
14.45440,9.917654e-01,-9.592357e+00,3.289229e-02,8.349085e+01,3.289228e-02,8.348554e+01,9.041827e-01,-1.995516e+00
15.84893,9.911664e-01,-1.051208e+01,3.602722e-02,8.286639e+01,3.602721e-02,8.286155e+01,9.040624e-01,-2.187155e+00
17.37801,9.904490e-01,-1.151874e+01,3.945254e-02,8.218318e+01,3.945254e-02,8.217876e+01,9.039186e-01,-2.397005e+00
19.05461,9.895907e-01,-1.262014e+01,4.319253e-02,8.143599e+01,4.319253e-02,8.143197e+01,9.037466e-01,-2.626740e+00
20.89296,9.885646e-01,-1.382471e+01,4.727268e-02,8.061923e+01,4.727267e-02,8.061556e+01,9.035411e-01,-2.878166e+00
22.90868,9.873394e-01,-1.514142e+01,5.171946e-02,7.972692e+01,5.171945e-02,7.972357e+01,9.032961e-01,-3.153232e+00
25.11886,9.858783e-01,-1.657984e+01,5.656004e-02,7.875275e+01,5.656003e-02,7.874969e+01,9.030044e-01,-3.454035e+00
27.54229,9.841388e-01,-1.815009e+01,6.182180e-02,7.769008e+01,6.182179e-02,7.768729e+01,9.026576e-01,-3.782817e+00
30.19952,9.820718e-01,-1.986277e+01,6.753173e-02,7.653202e+01,6.753172e-02,7.652947e+01,9.022464e-01,-4.141974e+00
33.11311,9.796211e-01,-2.172889e+01,7.371558e-02,7.527146e+01,7.371557e-02,7.526914e+01,9.017600e-01,-4.534048e+00
36.30781,9.767234e-01,-2.375974e+01,8.039680e-02,7.390123e+01,8.039679e-02,7.389912e+01,9.011865e-01,-4.961723e+00
39.81072,9.733080e-01,-2.596673e+01,8.759520e-02,7.241421e+01,8.759518e-02,7.241228e+01,9.005129e-01,-5.427819e+00
43.65158,9.692973e-01,-2.836109e+01,9.532529e-02,7.080351e+01,9.532527e-02,7.080175e+01,8.997251e-01,-5.935282e+00
47.86301,9.646081e-01,-3.095366e+01,1.035944e-01,6.906271e+01,1.035944e-01,6.906110e+01,8.988085e-01,-6.487167e+00
52.48075,9.591536e-01,-3.375440e+01,1.124004e-01,6.718615e+01,1.124004e-01,6.718469e+01,8.977484e-01,-7.086632e+00
57.54399,9.528463e-01,-3.677204e+01,1.217294e-01,6.516924e+01,1.217294e-01,6.516790e+01,8.965309e-01,-7.736926e+00
63.09573,9.456024e-01,-4.001345e+01,1.315533e-01,6.300882e+01,1.315533e-01,6.300761e+01,8.951440e-01,-8.441393e+00
69.18310,9.373477e-01,-4.348309e+01,1.418276e-01,6.070358e+01,1.418276e-01,6.070247e+01,8.935785e-01,-9.203487e+00
75.85776,9.280242e-01,-4.718233e+01,1.524895e-01,5.825435e+01,1.524895e-01,5.825334e+01,8.918302e-01,-1.002681e+01
83.17638,9.175983e-01,-5.110882e+01,1.634571e-01,5.566455e+01,1.634571e-01,5.566363e+01,8.899010e-01,-1.091519e+01
91.20108,9.060685e-01,-5.525590e+01,1.746295e-01,5.294033e+01,1.746295e-01,5.293949e+01,8.878007e-01,-1.187278e+01
100.00000,8.934735e-01,-5.961206e+01,1.858887e-01,5.009074e+01,1.858887e-01,5.008997e+01,8.855481e-01,-1.290418e+01
109.64782,8.798974e-01,-6.416062e+01,1.971026e-01,4.712762e+01,1.971026e-01,4.712692e+01,8.831722e-01,-1.401467e+01
120.22644,8.654724e-01,-6.887966e+01,2.081302e-01,4.406531e+01,2.081302e-01,4.406467e+01,8.807117e-01,-1.521035e+01
131.82567,8.503773e-01,-7.374218e+01,2.188277e-01,4.092014e+01,2.188277e-01,4.091956e+01,8.782144e-01,-1.649835e+01
144.54398,8.348308e-01,-7.871658e+01,2.290552e-01,3.770973e+01,2.290552e-01,3.770920e+01,8.757353e-01,-1.788700e+01
158.48932,8.190806e-01,-8.376750e+01,2.386835e-01,3.445208e+01,2.386834e-01,3.445160e+01,8.733339e-01,-1.938591e+01
173.78008,8.033894e-01,-8.885684e+01,2.475994e-01,3.116472e+01,2.475994e-01,3.116428e+01,8.710718e-01,-2.100601e+01
190.54607,7.880183e-01,-9.394502e+01,2.557102e-01,2.786377e+01,2.557102e-01,2.786337e+01,8.690091e-01,-2.275947e+01
208.92961,7.732108e-01,-9.899238e+01,2.629447e-01,2.456323e+01,2.629447e-01,2.456286e+01,8.672027e-01,-2.465947e+01
229.08677,7.591798e-01,-1.039605e+02,2.692535e-01,2.127440e+01,2.692534e-01,2.127407e+01,8.657039e-01,-2.671999e+01
251.18864,7.460978e-01,-1.088137e+02,2.746061e-01,1.800558e+01,2.746060e-01,1.800528e+01,8.645582e-01,-2.895542e+01
275.42287,7.340917e-01,-1.135197e+02,2.789878e-01,1.476200e+01,2.789877e-01,1.476172e+01,8.638049e-01,-3.138010e+01
301.99517,7.232423e-01,-1.180511e+02,2.823949e-01,1.154600e+01,2.823948e-01,1.154574e+01,8.634778e-01,-3.400792e+01
331.13112,7.135879e-01,-1.223854e+02,2.848303e-01,8.357407e+00,2.848302e-01,8.357176e+00,8.636060e-01,-3.685168e+01
363.07805,7.051296e-01,-1.265058e+02,2.862997e-01,5.194094e+00,2.862996e-01,5.193883e+00,8.642148e-01,-3.992260e+01
398.10717,6.978387e-01,-1.304005e+02,2.868081e-01,2.052599e+00,2.868081e-01,2.052407e+00,8.653258e-01,-4.322957e+01
436.51583,6.916643e-01,-1.340633e+02,2.863583e-01,-1.071131e+00,2.863582e-01,-1.071307e+00,8.669571e-01,-4.677853e+01
478.63009,6.865401e-01,-1.374923e+02,2.849497e-01,-4.180994e+00,2.849496e-01,-4.181154e+00,8.691222e-01,-5.057166e+01
524.80746,6.823899e-01,-1.406898e+02,2.825794e-01,-7.279972e+00,2.825793e-01,-7.280117e+00,8.718282e-01,-5.460668e+01
575.43994,6.791320e-01,-1.436618e+02,2.792441e-01,-1.036941e+01,2.792440e-01,-1.036954e+01,8.750735e-01,-5.887609e+01
630.95734,6.766820e-01,-1.464167e+02,2.749432e-01,-1.344836e+01,2.749432e-01,-1.344848e+01,8.788455e-01,-6.336666e+01
691.83097,6.749549e-01,-1.489651e+02,2.696830e-01,-1.651307e+01,2.696830e-01,-1.651318e+01,8.831170e-01,-6.805897e+01
758.57758,6.738656e-01,-1.513189e+02,2.634810e-01,-1.955656e+01,2.634809e-01,-1.955666e+01,8.878448e-01,-7.292740e+01
831.76377,6.733298e-01,-1.534911e+02,2.563700e-01,-2.256850e+01,2.563700e-01,-2.256859e+01,8.929684e-01,-7.794041e+01
912.01084,6.732642e-01,-1.554944e+02,2.484026e-01,-2.553524e+01,2.484025e-01,-2.553532e+01,8.984103e-01,-8.306123e+01
1000.00000,6.735871e-01,-1.573415e+02,2.396522e-01,-2.844016e+01,2.396522e-01,-2.844024e+01,9.040784e-01,-8.824905e+01
1096.47820,6.742198e-01,-1.590445e+02,2.302144e-01,-3.126420e+01,2.302143e-01,-3.126427e+01,9.098707e-01,-9.346052e+01
1202.26443,6.750875e-01,-1.606145e+02,2.202045e-01,-3.398665e+01,2.202044e-01,-3.398672e+01,9.156804e-01,-9.865145e+01
1318.25674,6.761215e-01,-1.620613e+02,2.097537e-01,-3.658604e+01,2.097537e-01,-3.658610e+01,9.214030e-01,-1.037786e+02
1445.43977,6.772604e-01,-1.633938e+02,1.990037e-01,-3.904106e+01,1.990037e-01,-3.904111e+01,9.269422e-01,-1.088016e+02
1584.89319,6.784516e-01,-1.646196e+02,1.880996e-01,-4.133145e+01,1.880996e-01,-4.133150e+01,9.322153e-01,-1.136839e+02
1737.80083,6.796525e-01,-1.657455e+02,1.771837e-01,-4.343877e+01,1.771837e-01,-4.343881e+01,9.371572e-01,-1.183946e+02
1905.46072,6.808300e-01,-1.667772e+02,1.663891e-01,-4.534694e+01,1.663891e-01,-4.534698e+01,9.417217e-01,-1.229084e+02
2089.29613,6.819610e-01,-1.677200e+02,1.558348e-01,-4.704263e+01,1.558348e-01,-4.704266e+01,9.458815e-01,-1.272061e+02
2290.86765,6.830312e-01,-1.685782e+02,1.456227e-01,-4.851543e+01,1.456226e-01,-4.851546e+01,9.496269e-01,-1.312747e+02
2511.88643,6.840338e-01,-1.693562e+02,1.358356e-01,-4.975792e+01,1.358356e-01,-4.975795e+01,9.529626e-01,-1.351066e+02
2754.22870,6.849688e-01,-1.700577e+02,1.265376e-01,-5.076559e+01,1.265376e-01,-5.076561e+01,9.559049e-01,-1.386989e+02
3019.95172,6.858409e-01,-1.706861e+02,1.177742e-01,-5.153673e+01,1.177742e-01,-5.153675e+01,9.584782e-01,-1.420531e+02
3311.31121,6.866594e-01,-1.712449e+02,1.095748e-01,-5.207237e+01,1.095747e-01,-5.207239e+01,9.607122e-01,-1.451740e+02
3630.78055,6.874362e-01,-1.717370e+02,1.019541e-01,-5.237624e+01,1.019541e-01,-5.237626e+01,9.626393e-01,-1.480689e+02
3981.07171,6.881862e-01,-1.721654e+02,9.491512e-02,-5.245474e+01,9.491510e-02,-5.245475e+01,9.642925e-01,-1.507470e+02
4365.15832,6.889258e-01,-1.725325e+02,8.845097e-02,-5.231706e+01,8.845096e-02,-5.231707e+01,9.657044e-01,-1.532191e+02
4786.30092,6.896738e-01,-1.728408e+02,8.254700e-02,-5.197533e+01,8.254699e-02,-5.197534e+01,9.669054e-01,-1.554966e+02
5248.07460,6.904503e-01,-1.730924e+02,7.718251e-02,-5.144473e+01,7.718250e-02,-5.144474e+01,9.679240e-01,-1.575912e+02
5754.39937,6.912777e-01,-1.732893e+02,7.233230e-02,-5.074365e+01,7.233229e-02,-5.074366e+01,9.687857e-01,-1.595151e+02
6309.57344,6.921806e-01,-1.734332e+02,6.796777e-02,-4.989374e+01,6.796776e-02,-4.989375e+01,9.695134e-01,-1.612800e+02
6918.30971,6.931862e-01,-1.735256e+02,6.405792e-02,-4.891980e+01,6.405791e-02,-4.891980e+01,9.701272e-01,-1.628975e+02
7585.77575,6.943250e-01,-1.735679e+02,6.057004e-02,-4.784950e+01,6.057003e-02,-4.784951e+01,9.706449e-01,-1.643785e+02
8317.63771,6.956312e-01,-1.735614e+02,5.747037e-02,-4.671297e+01,5.747037e-02,-4.671298e+01,9.710818e-01,-1.657336e+02
9120.10839,6.971434e-01,-1.735075e+02,5.472455e-02,-4.554204e+01,5.472455e-02,-4.554204e+01,9.714510e-01,-1.669727e+02
10000.00000,6.989052e-01,-1.734073e+02,5.229807e-02,-4.436943e+01,5.229807e-02,-4.436943e+01,9.717639e-01,-1.681051e+02
