! ! 
! S ! 
! ! 
! # MHz  S  MA  R  50.00000
! ! ===================================================================
1.00000,9.947446e-01,-6.654189e-01,2.332131e-03,8.962356e+01,2.332128e-03,8.954684e+01,9.418247e-01,-1.381247e-01
1.09648,9.947416e-01,-7.296154e-01,2.557117e-03,8.957305e+01,2.557115e-03,8.950308e+01,9.418241e-01,-1.514481e-01
1.20226,9.947381e-01,-8.000048e-01,2.803805e-03,8.951891e+01,2.803803e-03,8.945511e+01,9.418234e-01,-1.660570e-01
1.31826,9.947339e-01,-8.771845e-01,3.074288e-03,8.946070e+01,3.074286e-03,8.940250e+01,9.418225e-01,-1.820755e-01
1.44544,9.947288e-01,-9.618093e-01,3.370859e-03,8.939790e+01,3.370857e-03,8.934483e+01,9.418214e-01,-1.996394e-01
1.58489,9.947226e-01,-1.054597e+00,3.696033e-03,8.933000e+01,3.696031e-03,8.928160e+01,9.418201e-01,-2.188977e-01
1.73780,9.947153e-01,-1.156335e+00,4.052567e-03,8.925641e+01,4.052565e-03,8.921227e+01,9.418185e-01,-2.400139e-01
1.90546,9.947064e-01,-1.267886e+00,4.443482e-03,8.917651e+01,4.443480e-03,8.913625e+01,9.418166e-01,-2.631671e-01
2.08930,9.946957e-01,-1.390196e+00,4.872089e-03,8.908963e+01,4.872087e-03,8.905291e+01,9.418144e-01,-2.885537e-01
2.29087,9.946829e-01,-1.524302e+00,5.342019e-03,8.899502e+01,5.342017e-03,8.896153e+01,9.418117e-01,-3.163890e-01
2.51189,9.946675e-01,-1.671341e+00,5.857248e-03,8.889188e+01,5.857246e-03,8.886134e+01,9.418084e-01,-3.469090e-01
2.75423,9.946490e-01,-1.832558e+00,6.422135e-03,8.877935e+01,6.422133e-03,8.875150e+01,9.418045e-01,-3.803725e-01
3.01995,9.946268e-01,-2.009320e+00,7.041454e-03,8.865646e+01,7.041452e-03,8.863106e+01,9.417997e-01,-4.170630e-01
3.31131,9.946000e-01,-2.203123e+00,7.720436e-03,8.852218e+01,7.720435e-03,8.849901e+01,9.417941e-01,-4.572914e-01
3.63078,9.945679e-01,-2.415606e+00,8.464810e-03,8.837537e+01,8.464808e-03,8.835424e+01,9.417872e-01,-5.013985e-01
3.98107,9.945292e-01,-2.648568e+00,9.280847e-03,8.821480e+01,9.280845e-03,8.819553e+01,9.417790e-01,-5.497575e-01
4.36516,9.944828e-01,-2.903976e+00,1.017541e-02,8.803909e+01,1.017541e-02,8.802152e+01,9.417692e-01,-6.027776e-01
4.78630,9.944270e-01,-3.183986e+00,1.115602e-02,8.784678e+01,1.115602e-02,8.783076e+01,9.417573e-01,-6.609070e-01
5.24807,9.943599e-01,-3.490961e+00,1.223088e-02,8.763625e+01,1.223088e-02,8.762163e+01,9.417431e-01,-7.246367e-01
5.75440,9.942793e-01,-3.827485e+00,1.340899e-02,8.740571e+01,1.340898e-02,8.739238e+01,9.417260e-01,-7.945046e-01
6.30957,9.941824e-01,-4.196388e+00,1.470015e-02,8.715324e+01,1.470014e-02,8.714108e+01,9.417054e-01,-8.710994e-01
6.91831,9.940660e-01,-4.600767e+00,1.611508e-02,8.687672e+01,1.611507e-02,8.686563e+01,9.416807e-01,-9.550659e-01
7.58578,9.939261e-01,-5.044005e+00,1.766547e-02,8.657384e+01,1.766546e-02,8.656373e+01,9.416511e-01,-1.047109e+00
8.31764,9.937582e-01,-5.529806e+00,1.936405e-02,8.624208e+01,1.936404e-02,8.623286e+01,9.416154e-01,-1.148002e+00
9.12011,9.935564e-01,-6.062209e+00,2.122468e-02,8.587869e+01,2.122468e-02,8.587027e+01,9.415726e-01,-1.258587e+00
10.00000,9.933142e-01,-6.645629e+00,2.326243e-02,8.548066e+01,2.326243e-02,8.547299e+01,9.415213e-01,-1.379787e+00
10.96478,9.930235e-01,-7.284876e+00,2.549362e-02,8.504473e+01,2.549362e-02,8.503773e+01,9.414597e-01,-1.512608e+00
12.02264,9.926746e-01,-7.985191e+00,2.793593e-02,8.456734e+01,2.793592e-02,8.456096e+01,9.413857e-01,-1.658150e+00
13.18257,9.922561e-01,-8.752275e+00,3.060841e-02,8.404464e+01,3.060840e-02,8.403882e+01,9.412971e-01,-1.817609e+00
14.45440,9.917544e-01,-9.592319e+00,3.353156e-02,8.347244e+01,3.353156e-02,8.346713e+01,9.411908e-01,-1.992292e+00
15.84893,9.911532e-01,-1.051203e+01,3.672734e-02,8.284620e+01,3.672733e-02,8.284136e+01,9.410636e-01,-2.183615e+00
17.37801,9.904332e-01,-1.151867e+01,4.021911e-02,8.216106e+01,4.021911e-02,8.215665e+01,9.409113e-01,-2.393118e+00
19.05461,9.895717e-01,-1.262006e+01,4.403162e-02,8.141176e+01,4.403162e-02,8.140774e+01,9.407292e-01,-2.622470e+00
20.89296,9.885419e-01,-1.382459e+01,4.819083e-02,8.059269e+01,4.819083e-02,8.058902e+01,9.405118e-01,-2.873475e+00
22.90868,9.873122e-01,-1.514127e+01,5.272373e-02,7.969785e+01,5.272372e-02,7.969451e+01,9.402524e-01,-3.148076e+00
25.11886,9.858458e-01,-1.657964e+01,5.765796e-02,7.872092e+01,5.765795e-02,7.871787e+01,9.399435e-01,-3.448364e+00
27.54229,9.841000e-01,-1.814983e+01,6.302143e-02,7.765524e+01,6.302142e-02,7.765246e+01,9.395763e-01,-3.776579e+00
30.19952,9.820256e-01,-1.986243e+01,6.884160e-02,7.649390e+01,6.884159e-02,7.649136e+01,9.391408e-01,-4.135106e+00
33.11311,9.795662e-01,-2.172845e+01,7.514466e-02,7.522976e+01,7.514465e-02,7.522745e+01,9.386256e-01,-4.526482e+00
36.30781,9.766582e-01,-2.375917e+01,8.195445e-02,7.385564e+01,8.195444e-02,7.385353e+01,9.380181e-01,-4.953381e+00
39.81072,9.732307e-01,-2.596599e+01,8.929109e-02,7.236439e+01,8.929108e-02,7.236246e+01,9.373043e-01,-5.418614e+00
43.65158,9.692059e-01,-2.836013e+01,9.716927e-02,7.074909e+01,9.716926e-02,7.074733e+01,9.364692e-01,-5.925114e+00
47.86301,9.645006e-01,-3.095242e+01,1.055963e-01,6.900331e+01,1.055963e-01,6.900171e+01,9.354973e-01,-6.475924e+00
52.48075,9.590274e-01,-3.375281e+01,1.145700e-01,6.712137e+01,1.145699e-01,6.711991e+01,9.343727e-01,-7.074185e+00
57.54399,9.526989e-01,-3.677000e+01,1.240758e-01,6.509865e+01,1.240758e-01,6.509731e+01,9.330804e-01,-7.723132e+00
63.09573,9.454310e-01,-4.001085e+01,1.340851e-01,6.293197e+01,1.340851e-01,6.293076e+01,9.316071e-01,-8.426088e+00
69.18310,9.371496e-01,-4.347980e+01,1.445521e-01,6.061999e+01,1.445521e-01,6.061888e+01,9.299428e-01,-9.186486e+00
75.85776,9.277965e-01,-4.717819e+01,1.554126e-01,5.816355e+01,1.554126e-01,5.816253e+01,9.280821e-01,-1.000791e+01
83.17638,9.173384e-01,-5.110366e+01,1.665830e-01,5.556601e+01,1.665829e-01,5.556509e+01,9.260259e-01,-1.089415e+01
91.20108,9.057741e-01,-5.524950e+01,1.779600e-01,5.283352e+01,1.779599e-01,5.283268e+01,9.237833e-01,-1.184935e+01
100.00000,8.931428e-01,-5.960420e+01,1.894229e-01,4.997510e+01,1.894229e-01,4.997434e+01,9.213726e-01,-1.287809e+01
109.64782,8.795290e-01,-6.415107e+01,2.008371e-01,4.700257e+01,2.008370e-01,4.700187e+01,9.188224e-01,-1.398562e+01
120.22644,8.650659e-01,-6.886816e+01,2.120583e-01,4.393022e+01,2.120583e-01,4.392958e+01,9.161710e-01,-1.517802e+01
131.82567,8.499330e-01,-7.372849e+01,2.229398e-01,4.077434e+01,2.229398e-01,4.077376e+01,9.134659e-01,-1.646240e+01
144.54398,8.343498e-01,-7.870046e+01,2.333388e-01,3.755250e+01,2.333388e-01,3.755197e+01,9.107617e-01,-1.784710e+01
158.48932,8.185652e-01,-8.374872e+01,2.431232e-01,3.428265e+01,2.431232e-01,3.428216e+01,9.081172e-01,-1.934170e+01
173.78008,8.028426e-01,-8.883521e+01,2.521775e-01,3.098223e+01,2.521775e-01,3.098179e+01,9.055925e-01,-2.095716e+01
190.54607,7.874439e-01,-9.392038e+01,2.604066e-01,2.766732e+01,2.604065e-01,2.766691e+01,9.032458e-01,-2.270564e+01
208.92961,7.726135e-01,-9.896460e+01,2.677376e-01,2.435183e+01,2.677376e-01,2.435146e+01,9.011308e-01,-2.460035e+01
229.08677,7.585651e-01,-1.039295e+02,2.741195e-01,2.104701e+01,2.741195e-01,2.104668e+01,8.992949e-01,-2.665530e+01
251.18864,7.454715e-01,-1.087794e+02,2.795207e-01,1.776111e+01,2.795207e-01,1.776080e+01,8.977783e-01,-2.888492e+01
275.42287,7.334601e-01,-1.134822e+02,2.839253e-01,1.449933e+01,2.839253e-01,1.449905e+01,8.966140e-01,-3.130362e+01
301.99517,7.226122e-01,-1.180104e+02,2.873288e-01,1.126403e+01,2.873288e-01,1.126377e+01,8.958284e-01,-3.392536e+01
331.13112,7.129663e-01,-1.223417e+02,2.897332e-01,8.055084e+00,2.897332e-01,8.054853e+00,8.954424e-01,-3.676306e+01
363.07805,7.045236e-01,-1.264591e+02,2.911434e-01,4.870461e+00,2.911434e-01,4.870250e+00,8.954721e-01,-3.982803e+01
398.10717,6.972555e-01,-1.303512e+02,2.915640e-01,1.706866e+00,2.915639e-01,1.706673e+00,8.959298e-01,-4.312935e+01
436.51583,6.911111e-01,-1.340115e+02,2.909970e-01,-1.439523e+00,2.909969e-01,-1.439699e+00,8.968244e-01,-4.667311e+01
478.63009,6.860236e-01,-1.374384e+02,2.894419e-01,-4.572290e+00,2.894418e-01,-4.572450e+00,8.981607e-01,-5.046169e+01
524.80746,6.819163e-01,-1.406344e+02,2.868961e-01,-7.694024e+00,2.868961e-01,-7.694170e+00,8.999386e-01,-5.449300e+01
575.43994,6.787067e-01,-1.436054e+02,2.833574e-01,-1.080560e+01,2.833574e-01,-1.080573e+01,9.021515e-01,-5.875976e+01
630.95734,6.763094e-01,-1.463598e+02,2.788271e-01,-1.390552e+01,2.788270e-01,-1.390564e+01,9.047845e-01,-6.324889e+01
691.83097,6.746378e-01,-1.489085e+02,2.733142e-01,-1.698944e+01,2.733142e-01,-1.698955e+01,9.078126e-01,-6.794114e+01
758.57758,6.736054e-01,-1.512633e+02,2.668402e-01,-2.004978e+01,2.668401e-01,-2.004988e+01,9.111988e-01,-7.281095e+01
831.76377,6.731260e-01,-1.534371e+02,2.594431e-01,-2.307560e+01,2.594431e-01,-2.307569e+01,9.148938e-01,-7.782679e+01
912.01084,6.731143e-01,-1.554427e+02,2.511810e-01,-2.605272e+01,2.511810e-01,-2.605280e+01,9.188360e-01,-8.295183e+01
1000.00000,6.734871e-01,-1.572928e+02,2.421341e-01,-2.896407e+01,2.421341e-01,-2.896415e+01,9.229542e-01,-8.814509e+01
1096.47820,6.741641e-01,-1.589992e+02,2.324044e-01,-3.179032e+01,2.324044e-01,-3.179039e+01,9.271699e-01,-9.336298e+01
1202.26443,6.750696e-01,-1.605729e+02,2.221133e-01,-3.451062e+01,2.221133e-01,-3.451068e+01,9.314021e-01,-9.856105e+01
1318.25674,6.761343e-01,-1.620237e+02,2.113977e-01,-3.710358e+01,2.113977e-01,-3.710363e+01,9.355722e-01,-1.036958e+02
1445.43977,6.772967e-01,-1.633601e+02,2.004034e-01,-3.954812e+01,2.004033e-01,-3.954817e+01,9.396083e-01,-1.087264e+02
1584.89319,6.785047e-01,-1.645898e+02,1.892785e-01,-4.182440e+01,1.892784e-01,-4.182444e+01,9.434492e-01,-1.136164e+02
1737.80083,6.797161e-01,-1.657194e+02,1.781668e-01,-4.391446e+01,1.781668e-01,-4.391451e+01,9.470468e-01,-1.183343e+02
1905.46072,6.808992e-01,-1.667545e+02,1.672016e-01,-4.580283e+01,1.672016e-01,-4.580287e+01,9.503676e-01,-1.228549e+02
2089.29613,6.820316e-01,-1.677003e+02,1.565012e-01,-4.747677e+01,1.565012e-01,-4.747681e+01,9.533919e-01,-1.271589e+02
2290.86765,6.831001e-01,-1.685613e+02,1.461657e-01,-4.892649e+01,1.461657e-01,-4.892653e+01,9.561131e-01,-1.312331e+02
2511.88643,6.840989e-01,-1.693417e+02,1.362760e-01,-5.014512e+01,1.362759e-01,-5.014515e+01,9.585350e-01,-1.350699e+02
2754.22870,6.850286e-01,-1.700452e+02,1.268933e-01,-5.112864e+01,1.268933e-01,-5.112866e+01,9.606701e-01,-1.386666e+02
3019.95172,6.858947e-01,-1.706754e+02,1.180609e-01,-5.187576e+01,1.180608e-01,-5.187578e+01,9.625364e-01,-1.420247e+02
3311.31121,6.867069e-01,-1.712357e+02,1.098055e-01,-5.238786e+01,1.098055e-01,-5.238788e+01,9.641559e-01,-1.451489e+02
3630.78055,6.874775e-01,-1.717290e+02,1.021400e-01,-5.266893e+01,1.021400e-01,-5.266894e+01,9.655524e-01,-1.480467e+02
3981.07171,6.882215e-01,-1.721584e+02,9.506513e-02,-5.272556e+01,9.506512e-02,-5.272557e+01,9.667501e-01,-1.507273e+02
4365.15832,6.889557e-01,-1.725264e+02,8.857244e-02,-5.256709e+01,8.857243e-02,-5.256710e+01,9.677729e-01,-1.532016e+02
4786.30092,6.896987e-01,-1.728355e+02,8.264580e-02,-5.220572e+01,8.264579e-02,-5.220573e+01,9.686429e-01,-1.554810e+02
5248.07460,6.904708e-01,-1.730878e+02,7.726336e-02,-5.165668e+01,7.726335e-02,-5.165669e+01,9.693809e-01,-1.575773e+02
5754.39937,6.912943e-01,-1.732852e+02,7.239893e-02,-5.093838e+01,7.239892e-02,-5.093839e+01,9.700055e-01,-1.595026e+02
6309.57344,6.921938e-01,-1.734295e+02,6.802315e-02,-5.007244e+01,6.802314e-02,-5.007245e+01,9.705333e-01,-1.612688e+02
6918.30971,6.931965e-01,-1.735223e+02,6.410437e-02,-4.908363e+01,6.410437e-02,-4.908363e+01,9.709791e-01,-1.628874e+02
7585.77575,6.943328e-01,-1.735650e+02,6.060942e-02,-4.799959e+01,6.060941e-02,-4.799959e+01,9.713557e-01,-1.643694e+02
8317.63771,6.956369e-01,-1.735588e+02,5.750411e-02,-4.685037e+01,5.750410e-02,-4.685037e+01,9.716742e-01,-1.657253e+02
9120.10839,6.971474e-01,-1.735050e+02,5.475379e-02,-4.566776e+01,5.475378e-02,-4.566776e+01,9.719444e-01,-1.669652e+02
10000.00000,6.989078e-01,-1.734051e+02,5.232370e-02,-4.448442e+01,5.232370e-02,-4.448442e+01,9.721745e-01,-1.680984e+02
