! ! 
! S ! 
! ! 
! # MHz  S  MA  R  50.00000
! ! ===================================================================
1.00000,9.947446e-01,-6.654189e-01,2.339393e-03,8.962332e+01,2.339391e-03,8.954661e+01,9.478716e-01,-1.380969e-01
1.09648,9.947416e-01,-7.296154e-01,2.565080e-03,8.957279e+01,2.565078e-03,8.950283e+01,9.478710e-01,-1.514181e-01
1.20226,9.947381e-01,-8.000048e-01,2.812536e-03,8.951864e+01,2.812534e-03,8.945483e+01,9.478703e-01,-1.660246e-01
1.31826,9.947338e-01,-8.771845e-01,3.083861e-03,8.946040e+01,3.083859e-03,8.940221e+01,9.478693e-01,-1.820404e-01
1.44544,9.947287e-01,-9.618093e-01,3.381356e-03,8.939759e+01,3.381354e-03,8.934451e+01,9.478683e-01,-1.996012e-01
1.58489,9.947226e-01,-1.054597e+00,3.707543e-03,8.932966e+01,3.707541e-03,8.928125e+01,9.478669e-01,-2.188562e-01
1.73780,9.947152e-01,-1.156335e+00,4.065187e-03,8.925604e+01,4.065185e-03,8.921189e+01,9.478654e-01,-2.399688e-01
1.90546,9.947064e-01,-1.267886e+00,4.457319e-03,8.917610e+01,4.457317e-03,8.913584e+01,9.478635e-01,-2.631179e-01
2.08930,9.946957e-01,-1.390196e+00,4.887261e-03,8.908918e+01,4.887259e-03,8.905246e+01,9.478612e-01,-2.885000e-01
2.29087,9.946829e-01,-1.524302e+00,5.358654e-03,8.899453e+01,5.358652e-03,8.896104e+01,9.478584e-01,-3.163304e-01
2.51189,9.946675e-01,-1.671341e+00,5.875487e-03,8.889135e+01,5.875485e-03,8.886081e+01,9.478551e-01,-3.468449e-01
2.75423,9.946490e-01,-1.832558e+00,6.442133e-03,8.877877e+01,6.442131e-03,8.875091e+01,9.478512e-01,-3.803024e-01
3.01995,9.946267e-01,-2.009320e+00,7.063381e-03,8.865582e+01,7.063379e-03,8.863042e+01,9.478464e-01,-4.169864e-01
3.31131,9.945999e-01,-2.203123e+00,7.744477e-03,8.852148e+01,7.744476e-03,8.849832e+01,9.478407e-01,-4.572076e-01
3.63078,9.945678e-01,-2.415606e+00,8.491169e-03,8.837461e+01,8.491167e-03,8.835348e+01,9.478338e-01,-5.013067e-01
3.98107,9.945291e-01,-2.648568e+00,9.309746e-03,8.821396e+01,9.309744e-03,8.819469e+01,9.478255e-01,-5.496570e-01
4.36516,9.944826e-01,-2.903976e+00,1.020710e-02,8.803818e+01,1.020709e-02,8.802060e+01,9.478156e-01,-6.026675e-01
4.78630,9.944268e-01,-3.183986e+00,1.119076e-02,8.784578e+01,1.119075e-02,8.782975e+01,9.478036e-01,-6.607863e-01
5.24807,9.943596e-01,-3.490961e+00,1.226897e-02,8.763515e+01,1.226896e-02,8.762053e+01,9.477892e-01,-7.245045e-01
5.75440,9.942790e-01,-3.827485e+00,1.345074e-02,8.740451e+01,1.345074e-02,8.739117e+01,9.477720e-01,-7.943596e-01
6.30957,9.941820e-01,-4.196388e+00,1.474592e-02,8.715192e+01,1.474592e-02,8.713976e+01,9.477512e-01,-8.709405e-01
6.91831,9.940656e-01,-4.600766e+00,1.616525e-02,8.687528e+01,1.616525e-02,8.686419e+01,9.477263e-01,-9.548917e-01
7.58578,9.939256e-01,-5.044005e+00,1.772047e-02,8.657226e+01,1.772046e-02,8.656214e+01,9.476964e-01,-1.046918e+00
8.31764,9.937576e-01,-5.529804e+00,1.942434e-02,8.624034e+01,1.942433e-02,8.623112e+01,9.476604e-01,-1.147792e+00
9.12011,9.935557e-01,-6.062208e+00,2.129076e-02,8.587678e+01,2.129076e-02,8.586837e+01,9.476172e-01,-1.258357e+00
10.00000,9.933133e-01,-6.645627e+00,2.333485e-02,8.547857e+01,2.333485e-02,8.547090e+01,9.475654e-01,-1.379534e+00
10.96478,9.930224e-01,-7.284873e+00,2.557298e-02,8.504244e+01,2.557298e-02,8.503545e+01,9.475032e-01,-1.512331e+00
12.02264,9.926734e-01,-7.985187e+00,2.802288e-02,8.456484e+01,2.802288e-02,8.455846e+01,9.474286e-01,-1.657846e+00
13.18257,9.922546e-01,-8.752270e+00,3.070367e-02,8.404189e+01,3.070367e-02,8.403607e+01,9.473392e-01,-1.817276e+00
14.45440,9.917526e-01,-9.592312e+00,3.363592e-02,8.346943e+01,3.363591e-02,8.346412e+01,9.472319e-01,-1.991926e+00
15.84893,9.911510e-01,-1.051202e+01,3.684162e-02,8.284291e+01,3.684162e-02,8.283807e+01,9.471035e-01,-2.183213e+00
17.37801,9.904306e-01,-1.151866e+01,4.034424e-02,8.215745e+01,4.034424e-02,8.215304e+01,9.469499e-01,-2.392677e+00
19.05461,9.895686e-01,-1.262004e+01,4.416859e-02,8.140781e+01,4.416858e-02,8.140378e+01,9.467661e-01,-2.621985e+00
20.89296,9.885382e-01,-1.382457e+01,4.834071e-02,8.058836e+01,4.834070e-02,8.058468e+01,9.465467e-01,-2.872941e+00
22.90868,9.873077e-01,-1.514124e+01,5.288766e-02,7.969311e+01,5.288765e-02,7.968976e+01,9.462849e-01,-3.147488e+00
25.11886,9.858405e-01,-1.657961e+01,5.783718e-02,7.871573e+01,5.783717e-02,7.871267e+01,9.459732e-01,-3.447717e+00
27.54229,9.840937e-01,-1.814979e+01,6.321725e-02,7.764956e+01,6.321724e-02,7.764677e+01,9.456026e-01,-3.775865e+00
30.19952,9.820180e-01,-1.986237e+01,6.905540e-02,7.648767e+01,6.905539e-02,7.648513e+01,9.451631e-01,-4.134319e+00
33.11311,9.795572e-01,-2.172838e+01,7.537792e-02,7.522296e+01,7.537791e-02,7.522064e+01,9.446432e-01,-4.525612e+00
36.30781,9.766475e-01,-2.375908e+01,8.220870e-02,7.384820e+01,8.220869e-02,7.384609e+01,9.440300e-01,-4.952419e+00
39.81072,9.732181e-01,-2.596586e+01,8.956790e-02,7.235625e+01,8.956788e-02,7.235433e+01,9.433095e-01,-5.417548e+00
43.65158,9.691910e-01,-2.835997e+01,9.747024e-02,7.074020e+01,9.747023e-02,7.073845e+01,9.424666e-01,-5.923932e+00
47.86301,9.644830e-01,-3.095221e+01,1.059231e-01,6.899362e+01,1.059231e-01,6.899201e+01,9.414855e-01,-6.474611e+00
52.48075,9.590068e-01,-3.375255e+01,1.149240e-01,6.711079e+01,1.149240e-01,6.710933e+01,9.403503e-01,-7.072725e+00
57.54399,9.526748e-01,-3.676967e+01,1.244588e-01,6.508712e+01,1.244587e-01,6.508579e+01,9.390456e-01,-7.721504e+00
63.09573,9.454031e-01,-4.001043e+01,1.344982e-01,6.291943e+01,1.344982e-01,6.291821e+01,9.375580e-01,-8.424270e+00
69.18310,9.371172e-01,-4.347926e+01,1.449967e-01,6.060635e+01,1.449967e-01,6.060524e+01,9.358774e-01,-9.184453e+00
75.85776,9.277594e-01,-4.717751e+01,1.558896e-01,5.814873e+01,1.558896e-01,5.814772e+01,9.339980e-01,-1.000563e+01
83.17638,9.172960e-01,-5.110281e+01,1.670930e-01,5.554993e+01,1.670930e-01,5.554901e+01,9.319208e-01,-1.089160e+01
91.20108,9.057262e-01,-5.524845e+01,1.785033e-01,5.281609e+01,1.785033e-01,5.281525e+01,9.296546e-01,-1.184649e+01
100.00000,8.930889e-01,-5.960291e+01,1.899995e-01,4.995624e+01,1.899995e-01,4.995547e+01,9.272178e-01,-1.287488e+01
109.64782,8.794690e-01,-6.414950e+01,2.014462e-01,4.698216e+01,2.014462e-01,4.698146e+01,9.246387e-01,-1.398201e+01
120.22644,8.649997e-01,-6.886627e+01,2.126990e-01,4.390818e+01,2.126990e-01,4.390754e+01,9.219558e-01,-1.517397e+01
131.82567,8.498606e-01,-7.372624e+01,2.236105e-01,4.075056e+01,2.236104e-01,4.074998e+01,9.192163e-01,-1.645786e+01
144.54398,8.342714e-01,-7.869781e+01,2.340373e-01,3.752686e+01,2.340373e-01,3.752633e+01,9.164749e-01,-1.784202e+01
158.48932,8.184812e-01,-8.374564e+01,2.438471e-01,3.425501e+01,2.438470e-01,3.425453e+01,9.137902e-01,-1.933604e+01
173.78008,8.027536e-01,-8.883165e+01,2.529238e-01,3.095247e+01,2.529237e-01,3.095203e+01,9.112220e-01,-2.095086e+01
190.54607,7.873505e-01,-9.391633e+01,2.611720e-01,2.763529e+01,2.611719e-01,2.763488e+01,9.088283e-01,-2.269865e+01
208.92961,7.725164e-01,-9.896003e+01,2.685186e-01,2.431737e+01,2.685185e-01,2.431700e+01,9.066621e-01,-2.459263e+01
229.08677,7.584652e-01,-1.039244e+02,2.749122e-01,2.100995e+01,2.749121e-01,2.100961e+01,9.047704e-01,-2.664681e+01
251.18864,7.453698e-01,-1.087738e+02,2.803211e-01,1.772127e+01,2.803210e-01,1.772097e+01,9.031924e-01,-2.887563e+01
275.42287,7.333576e-01,-1.134760e+02,2.847292e-01,1.445654e+01,2.847291e-01,1.445626e+01,9.019601e-01,-3.129350e+01
301.99517,7.225101e-01,-1.180037e+02,2.881317e-01,1.121810e+01,2.881317e-01,1.121785e+01,9.010987e-01,-3.391439e+01
331.13112,7.128657e-01,-1.223345e+02,2.905308e-01,8.005859e+00,2.905307e-01,8.005627e+00,9.006275e-01,-3.675124e+01
363.07805,7.044256e-01,-1.264514e+02,2.919310e-01,4.817784e+00,2.919309e-01,4.817573e+00,9.005614e-01,-3.981539e+01
398.10717,6.971614e-01,-1.303431e+02,2.923368e-01,1.650613e+00,2.923367e-01,1.650421e+00,9.009111e-01,-4.311591e+01
436.51583,6.910219e-01,-1.340030e+02,2.917503e-01,-1.499436e+00,2.917502e-01,-1.499612e+00,9.016839e-01,-4.665893e+01
478.63009,6.859405e-01,-1.374296e+02,2.901708e-01,-4.635897e+00,2.901708e-01,-4.636057e+00,9.028833e-01,-5.044686e+01
524.80746,6.818403e-01,-1.406254e+02,2.875960e-01,-7.761292e+00,2.875960e-01,-7.761438e+00,9.045080e-01,-5.447763e+01
575.43994,6.786386e-01,-1.435961e+02,2.840237e-01,-1.087642e+01,2.840237e-01,-1.087655e+01,9.065506e-01,-5.874398e+01
630.95734,6.762500e-01,-1.463505e+02,2.794555e-01,-1.397970e+01,2.794555e-01,-1.397982e+01,9.089960e-01,-6.323288e+01
691.83097,6.745875e-01,-1.488992e+02,2.739011e-01,-1.706668e+01,2.739011e-01,-1.706679e+01,9.118194e-01,-6.792507e+01
758.57758,6.735644e-01,-1.512542e+02,2.673825e-01,-2.012968e+01,2.673825e-01,-2.012978e+01,9.149851e-01,-7.279502e+01
831.76377,6.730941e-01,-1.534283e+02,2.599386e-01,-2.315768e+01,2.599385e-01,-2.315777e+01,9.184455e-01,-7.781119e+01
912.01084,6.730911e-01,-1.554344e+02,2.516284e-01,-2.613640e+01,2.516284e-01,-2.613648e+01,9.221419e-01,-8.293675e+01
1000.00000,6.734719e-01,-1.572849e+02,2.425332e-01,-2.904871e+01,2.425332e-01,-2.904878e+01,9.260065e-01,-8.813070e+01
1096.47820,6.741560e-01,-1.589919e+02,2.327560e-01,-3.187523e+01,2.327560e-01,-3.187529e+01,9.299646e-01,-9.334942e+01
1202.26443,6.750676e-01,-1.605662e+02,2.224194e-01,-3.459510e+01,2.224193e-01,-3.459516e+01,9.339395e-01,-9.854841e+01
1318.25674,6.761371e-01,-1.620176e+02,2.116609e-01,-3.718694e+01,2.116609e-01,-3.718700e+01,9.378569e-01,-1.036842e+02
1445.43977,6.773032e-01,-1.633547e+02,2.006271e-01,-3.962972e+01,2.006271e-01,-3.962977e+01,9.416488e-01,-1.087158e+02
1584.89319,6.785138e-01,-1.645851e+02,1.894667e-01,-4.190366e+01,1.894667e-01,-4.190370e+01,9.452573e-01,-1.136068e+02
1737.80083,6.797269e-01,-1.657152e+02,1.783236e-01,-4.399089e+01,1.783235e-01,-4.399093e+01,9.486372e-01,-1.183257e+02
1905.46072,6.809107e-01,-1.667509e+02,1.673311e-01,-4.587601e+01,1.673310e-01,-4.587605e+01,9.517568e-01,-1.228472e+02
2089.29613,6.820433e-01,-1.676972e+02,1.566073e-01,-4.754642e+01,1.566073e-01,-4.754645e+01,9.545978e-01,-1.271520e+02
2290.86765,6.831114e-01,-1.685586e+02,1.462521e-01,-4.899240e+01,1.462521e-01,-4.899243e+01,9.571539e-01,-1.312270e+02
2511.88643,6.841096e-01,-1.693393e+02,1.363459e-01,-5.020716e+01,1.363459e-01,-5.020719e+01,9.594287e-01,-1.350645e+02
2754.22870,6.850384e-01,-1.700432e+02,1.269498e-01,-5.118678e+01,1.269498e-01,-5.118680e+01,9.614338e-01,-1.386618e+02
3019.95172,6.859035e-01,-1.706737e+02,1.181064e-01,-5.193003e+01,1.181063e-01,-5.193006e+01,9.631865e-01,-1.420204e+02
3311.31121,6.867146e-01,-1.712342e+02,1.098421e-01,-5.243835e+01,1.098421e-01,-5.243837e+01,9.647073e-01,-1.451451e+02
3630.78055,6.874842e-01,-1.717278e+02,1.021695e-01,-5.271575e+01,1.021694e-01,-5.271576e+01,9.660187e-01,-1.480433e+02
3981.07171,6.882272e-01,-1.721573e+02,9.508893e-02,-5.276887e+01,9.508892e-02,-5.276888e+01,9.671434e-01,-1.507243e+02
4365.15832,6.889605e-01,-1.725255e+02,8.859170e-02,-5.260706e+01,8.859169e-02,-5.260708e+01,9.681038e-01,-1.531989e+02
4786.30092,6.897027e-01,-1.728347e+02,8.266147e-02,-5.224255e+01,8.266146e-02,-5.224256e+01,9.689208e-01,-1.554786e+02
5248.07460,6.904741e-01,-1.730870e+02,7.727618e-02,-5.169056e+01,7.727617e-02,-5.169057e+01,9.696139e-01,-1.575751e+02
5754.39937,6.912970e-01,-1.732845e+02,7.240950e-02,-5.096950e+01,7.240950e-02,-5.096951e+01,9.702005e-01,-1.595007e+02
6309.57344,6.921959e-01,-1.734289e+02,6.803194e-02,-5.010099e+01,6.803193e-02,-5.010100e+01,9.706964e-01,-1.612671e+02
6918.30971,6.931981e-01,-1.735218e+02,6.411175e-02,-4.910980e+01,6.411174e-02,-4.910981e+01,9.711153e-01,-1.628858e+02
7585.77575,6.943341e-01,-1.735645e+02,6.061567e-02,-4.802356e+01,6.061566e-02,-4.802357e+01,9.714693e-01,-1.643679e+02
8317.63771,6.956378e-01,-1.735583e+02,5.750947e-02,-4.687232e+01,5.750946e-02,-4.687232e+01,9.717689e-01,-1.657240e+02
9120.10839,6.971480e-01,-1.735046e+02,5.475843e-02,-4.568784e+01,5.475843e-02,-4.568784e+01,9.720232e-01,-1.669641e+02
10000.00000,6.989082e-01,-1.734047e+02,5.232777e-02,-4.450279e+01,5.232777e-02,-4.450279e+01,9.722401e-01,-1.680973e+02
