! ! 
! S ! 
! ! 
! # MHz  S  MA  R  50.00000
! ! ===================================================================
1.00000,9.947224e-01,-6.666832e-01,2.340811e-03,8.963943e+01,2.340808e-03,8.954584e+01,9.464689e-01,-1.382879e-01
1.09648,9.947194e-01,-7.310016e-01,2.566635e-03,8.958734e+01,2.566631e-03,8.950199e+01,9.464683e-01,-1.516274e-01
1.20226,9.947159e-01,-8.015248e-01,2.814241e-03,8.953175e+01,2.814238e-03,8.945391e+01,9.464675e-01,-1.662540e-01
1.31826,9.947116e-01,-8.788510e-01,3.085730e-03,8.947219e+01,3.085727e-03,8.940120e+01,9.464666e-01,-1.822918e-01
1.44544,9.947065e-01,-9.636366e-01,3.383405e-03,8.940815e+01,3.383402e-03,8.934340e+01,9.464655e-01,-1.998768e-01
1.58489,9.947003e-01,-1.056601e+00,3.709789e-03,8.933908e+01,3.709786e-03,8.928003e+01,9.464642e-01,-2.191583e-01
1.73780,9.946929e-01,-1.158532e+00,4.067649e-03,8.926441e+01,4.067646e-03,8.921055e+01,9.464626e-01,-2.402999e-01
1.90546,9.946840e-01,-1.270295e+00,4.460018e-03,8.918349e+01,4.460016e-03,8.913438e+01,9.464607e-01,-2.634809e-01
2.08930,9.946733e-01,-1.392837e+00,4.890220e-03,8.909565e+01,4.890218e-03,8.905085e+01,9.464585e-01,-2.888980e-01
2.29087,9.946605e-01,-1.527198e+00,5.361898e-03,8.900013e+01,5.361895e-03,8.895928e+01,9.464557e-01,-3.167667e-01
2.51189,9.946450e-01,-1.674516e+00,5.879043e-03,8.889613e+01,5.879041e-03,8.885887e+01,9.464524e-01,-3.473233e-01
2.75423,9.946264e-01,-1.836040e+00,6.446031e-03,8.878277e+01,6.446029e-03,8.874879e+01,9.464484e-01,-3.808269e-01
3.01995,9.946041e-01,-2.013137e+00,7.067654e-03,8.865908e+01,7.067652e-03,8.862809e+01,9.464437e-01,-4.175613e-01
3.31131,9.945773e-01,-2.207308e+00,7.749162e-03,8.852402e+01,7.749159e-03,8.849576e+01,9.464379e-01,-4.578380e-01
3.63078,9.945450e-01,-2.420194e+00,8.496303e-03,8.837646e+01,8.496300e-03,8.835068e+01,9.464311e-01,-5.019978e-01
3.98107,9.945062e-01,-2.653598e+00,9.315373e-03,8.821513e+01,9.315370e-03,8.819162e+01,9.464228e-01,-5.504147e-01
4.36516,9.944596e-01,-2.909490e+00,1.021326e-02,8.803868e+01,1.021326e-02,8.801724e+01,9.464128e-01,-6.034981e-01
4.78630,9.944035e-01,-3.190032e+00,1.119751e-02,8.784562e+01,1.119751e-02,8.782606e+01,9.464009e-01,-6.616970e-01
5.24807,9.943361e-01,-3.497589e+00,1.227637e-02,8.763432e+01,1.227637e-02,8.761648e+01,9.463865e-01,-7.255029e-01
5.75440,9.942552e-01,-3.834751e+00,1.345885e-02,8.740300e+01,1.345884e-02,8.738674e+01,9.463692e-01,-7.954541e-01
6.30957,9.941579e-01,-4.204353e+00,1.475480e-02,8.714973e+01,1.475479e-02,8.713490e+01,9.463484e-01,-8.721404e-01
6.91831,9.940411e-01,-4.609497e+00,1.617497e-02,8.687239e+01,1.617497e-02,8.685886e+01,9.463235e-01,-9.562069e-01
7.58578,9.939007e-01,-5.053574e+00,1.773111e-02,8.656864e+01,1.773110e-02,8.655630e+01,9.462936e-01,-1.048360e+00
8.31764,9.937320e-01,-5.540293e+00,1.943598e-02,8.623597e+01,1.943598e-02,8.622472e+01,9.462576e-01,-1.149373e+00
9.12011,9.935295e-01,-6.073702e+00,2.130350e-02,8.587162e+01,2.130349e-02,8.586136e+01,9.462144e-01,-1.260089e+00
10.00000,9.932863e-01,-6.658222e+00,2.334877e-02,8.547258e+01,2.334877e-02,8.546322e+01,9.461625e-01,-1.381432e+00
10.96478,9.929944e-01,-7.298673e+00,2.558819e-02,8.503556e+01,2.558819e-02,8.502703e+01,9.461003e-01,-1.514411e+00
12.02264,9.926442e-01,-8.000304e+00,2.803949e-02,8.455702e+01,2.803948e-02,8.454924e+01,9.460257e-01,-1.660125e+00
13.18257,9.922241e-01,-8.768827e+00,3.072178e-02,8.403308e+01,3.072178e-02,8.402598e+01,9.459362e-01,-1.819773e+00
14.45440,9.917204e-01,-9.610442e+00,3.365565e-02,8.345955e+01,3.365564e-02,8.345307e+01,9.458289e-01,-1.994660e+00
15.84893,9.911168e-01,-1.053187e+01,3.686310e-02,8.283188e+01,3.686309e-02,8.282598e+01,9.457004e-01,-2.186207e+00
17.37801,9.903940e-01,-1.154038e+01,4.036758e-02,8.214520e+01,4.036757e-02,8.213981e+01,9.455467e-01,-2.395955e+00
19.05461,9.895292e-01,-1.264380e+01,4.419389e-02,8.139424e+01,4.419389e-02,8.138932e+01,9.453629e-01,-2.625573e+00
20.89296,9.884954e-01,-1.385056e+01,4.836809e-02,8.057337e+01,4.836808e-02,8.056889e+01,9.451433e-01,-2.876866e+00
22.90868,9.872609e-01,-1.516964e+01,5.291720e-02,7.967659e+01,5.291719e-02,7.967251e+01,9.448815e-01,-3.151782e+00
25.11886,9.857890e-01,-1.661062e+01,5.786895e-02,7.869758e+01,5.786894e-02,7.869385e+01,9.445696e-01,-3.452410e+00
27.54229,9.840366e-01,-1.818363e+01,6.325128e-02,7.762966e+01,6.325127e-02,7.762626e+01,9.441990e-01,-3.780993e+00
30.19952,9.819545e-01,-1.989928e+01,6.909168e-02,7.646590e+01,6.909167e-02,7.646280e+01,9.437593e-01,-4.139917e+00
33.11311,9.794860e-01,-2.176857e+01,7.541635e-02,7.519918e+01,7.541634e-02,7.519636e+01,9.432393e-01,-4.531720e+00
36.30781,9.765675e-01,-2.380280e+01,8.224912e-02,7.382230e+01,8.224910e-02,7.381973e+01,9.426261e-01,-4.959078e+00
39.81072,9.731279e-01,-2.601335e+01,8.961002e-02,7.232812e+01,8.961000e-02,7.232577e+01,9.419056e-01,-5.424801e+00
43.65158,9.690893e-01,-2.841145e+01,9.751364e-02,7.070972e+01,9.751362e-02,7.070758e+01,9.410628e-01,-5.931823e+00
47.86301,9.643682e-01,-3.100791e+01,1.059671e-01,6.896068e+01,1.059671e-01,6.895873e+01,9.400819e-01,-6.483186e+00
52.48075,9.588774e-01,-3.381266e+01,1.149680e-01,6.707533e+01,1.149680e-01,6.707355e+01,9.389470e-01,-7.082032e+00
57.54399,9.525292e-01,-3.683437e+01,1.245015e-01,6.504908e+01,1.245015e-01,6.504745e+01,9.376430e-01,-7.731593e+00
63.09573,9.452401e-01,-4.007985e+01,1.345385e-01,6.287879e+01,1.345385e-01,6.287730e+01,9.361566e-01,-8.435194e+00
69.18310,9.369357e-01,-4.355347e+01,1.450328e-01,6.056313e+01,1.450328e-01,6.056178e+01,9.344775e-01,-9.196267e+00
75.85776,9.275587e-01,-4.725652e+01,1.559198e-01,5.810300e+01,1.559197e-01,5.810177e+01,9.326004e-01,-1.001840e+01
83.17638,9.170762e-01,-5.118654e+01,1.671149e-01,5.550183e+01,1.671149e-01,5.550071e+01,9.305263e-01,-1.090538e+01
91.20108,9.054877e-01,-5.533674e+01,1.785147e-01,5.276581e+01,1.785146e-01,5.276478e+01,9.282644e-01,-1.186136e+01
100.00000,8.928335e-01,-5.969548e+01,1.899977e-01,4.990400e+01,1.899976e-01,4.990307e+01,9.258330e-01,-1.289093e+01
109.64782,8.791990e-01,-6.424598e+01,2.014286e-01,4.692829e+01,2.014285e-01,4.692743e+01,9.232608e-01,-1.399934e+01
120.22644,8.647185e-01,-6.896617e+01,2.126629e-01,4.385301e+01,2.126629e-01,4.385223e+01,9.205864e-01,-1.519271e+01
131.82567,8.495724e-01,-7.382897e+01,2.235537e-01,4.069448e+01,2.235536e-01,4.069377e+01,9.178572e-01,-1.647816e+01
144.54398,8.339811e-01,-7.880270e+01,2.339578e-01,3.747027e+01,2.339578e-01,3.746962e+01,9.151278e-01,-1.786404e+01
158.48932,8.181938e-01,-8.385195e+01,2.437433e-01,3.419833e+01,2.437433e-01,3.419774e+01,9.124569e-01,-1.935998e+01
173.78008,8.024743e-01,-8.893860e+01,2.527948e-01,3.089608e+01,2.527947e-01,3.089555e+01,9.099045e-01,-2.097695e+01
190.54607,7.870843e-01,-9.402309e+01,2.610173e-01,2.757955e+01,2.610173e-01,2.757906e+01,9.075282e-01,-2.272712e+01
208.92961,7.722677e-01,-9.906582e+01,2.683384e-01,2.426259e+01,2.683383e-01,2.426214e+01,9.053812e-01,-2.462374e+01
229.08677,7.582374e-01,-1.040285e+02,2.747072e-01,2.095639e+01,2.747071e-01,2.095598e+01,9.035102e-01,-2.668082e+01
251.18864,7.451655e-01,-1.088754e+02,2.800924e-01,1.766913e+01,2.800923e-01,1.766876e+01,9.019546e-01,-2.891280e+01
275.42287,7.331784e-01,-1.135746e+02,2.844782e-01,1.440596e+01,2.844782e-01,1.440562e+01,9.007464e-01,-3.133409e+01
301.99517,7.223565e-01,-1.180987e+02,2.878602e-01,1.116917e+01,2.878602e-01,1.116886e+01,8.999110e-01,-3.395864e+01
331.13112,7.127374e-01,-1.224255e+02,2.902405e-01,7.958602e+00,2.902404e-01,7.958320e+00,8.994678e-01,-3.679935e+01
363.07805,7.043217e-01,-1.265381e+02,2.916238e-01,4.772206e+00,2.916238e-01,4.771948e+00,8.994320e-01,-3.986754e+01
398.10717,6.970803e-01,-1.304252e+02,2.920146e-01,1.606685e+00,2.920146e-01,1.606450e+00,8.998145e-01,-4.317222e+01
436.51583,6.909618e-01,-1.340806e+02,2.914150e-01,-1.541759e+00,2.914149e-01,-1.541973e+00,9.006230e-01,-4.671947e+01
478.63009,6.858992e-01,-1.375026e+02,2.898243e-01,-4.676664e+00,2.898242e-01,-4.676859e+00,9.018612e-01,-5.051160e+01
524.80746,6.818156e-01,-1.406938e+02,2.872399e-01,-7.800546e+00,2.872398e-01,-7.800724e+00,9.035279e-01,-5.454648e+01
575.43994,6.786284e-01,-1.436601e+02,2.836598e-01,-1.091419e+01,2.836597e-01,-1.091435e+01,9.056160e-01,-5.881675e+01
630.95734,6.762518e-01,-1.464102e+02,2.790855e-01,-1.401599e+01,2.790855e-01,-1.401613e+01,9.081101e-01,-6.330926e+01
691.83097,6.745994e-01,-1.489548e+02,2.735268e-01,-1.710147e+01,2.735267e-01,-1.710160e+01,9.109853e-01,-6.800466e+01
758.57758,6.735842e-01,-1.513060e+02,2.670057e-01,-2.016291e+01,2.670057e-01,-2.016303e+01,9.142055e-01,-7.287731e+01
831.76377,6.731200e-01,-1.534764e+02,2.595612e-01,-2.318925e+01,2.595612e-01,-2.318936e+01,9.177224e-01,-7.789558e+01
912.01084,6.731214e-01,-1.554790e+02,2.512525e-01,-2.616619e+01,2.512525e-01,-2.616630e+01,9.214767e-01,-8.302255e+01
1000.00000,6.735051e-01,-1.573263e+02,2.421608e-01,-2.907657e+01,2.421608e-01,-2.907667e+01,9.253995e-01,-8.821718e+01
1096.47820,6.741908e-01,-1.590303e+02,2.323893e-01,-3.190098e+01,2.323892e-01,-3.190106e+01,9.294154e-01,-9.343583e+01
1202.26443,6.751027e-01,-1.606017e+02,2.220604e-01,-3.461855e+01,2.220604e-01,-3.461862e+01,9.334468e-01,-9.863402e+01
1318.25674,6.761717e-01,-1.620504e+02,2.113117e-01,-3.720788e+01,2.113116e-01,-3.720795e+01,9.374184e-01,-1.037682e+02
1445.43977,6.773365e-01,-1.633850e+02,2.002895e-01,-3.964795e+01,2.002895e-01,-3.964801e+01,9.412615e-01,-1.087977e+02
1584.89319,6.785453e-01,-1.646129e+02,1.891424e-01,-4.191898e+01,1.891423e-01,-4.191904e+01,9.449177e-01,-1.136860e+02
1737.80083,6.797563e-01,-1.657409e+02,1.780139e-01,-4.400313e+01,1.780139e-01,-4.400318e+01,9.483415e-01,-1.184017e+02
1905.46072,6.809378e-01,-1.667744e+02,1.670372e-01,-4.588503e+01,1.670372e-01,-4.588507e+01,9.515009e-01,-1.229197e+02
2089.29613,6.820681e-01,-1.677187e+02,1.563300e-01,-4.755206e+01,1.563299e-01,-4.755211e+01,9.543775e-01,-1.272208e+02
2290.86765,6.831339e-01,-1.685782e+02,1.459919e-01,-4.899456e+01,1.459918e-01,-4.899460e+01,9.569652e-01,-1.312918e+02
2511.88643,6.841299e-01,-1.693572e+02,1.361030e-01,-5.020577e+01,1.361029e-01,-5.020581e+01,9.592678e-01,-1.351253e+02
2754.22870,6.850568e-01,-1.700593e+02,1.267240e-01,-5.118178e+01,1.267240e-01,-5.118181e+01,9.612972e-01,-1.387187e+02
3019.95172,6.859203e-01,-1.706883e+02,1.178975e-01,-5.192140e+01,1.178975e-01,-5.192143e+01,9.630708e-01,-1.420734e+02
3311.31121,6.867300e-01,-1.712473e+02,1.096498e-01,-5.242610e+01,1.096498e-01,-5.242612e+01,9.646097e-01,-1.451943e+02
3630.78055,6.874985e-01,-1.717394e+02,1.019930e-01,-5.269993e+01,1.019930e-01,-5.269995e+01,9.659365e-01,-1.480888e+02
3981.07171,6.882408e-01,-1.721676e+02,9.492775e-02,-5.274957e+01,9.492774e-02,-5.274959e+01,9.670744e-01,-1.507664e+02
4365.15832,6.889737e-01,-1.725345e+02,8.844499e-02,-5.258443e+01,8.844498e-02,-5.258445e+01,9.680459e-01,-1.532377e+02
4786.30092,6.897158e-01,-1.728425e+02,8.252842e-02,-5.221678e+01,8.252840e-02,-5.221680e+01,9.688724e-01,-1.555142e+02
5248.07460,6.904875e-01,-1.730937e+02,7.715594e-02,-5.166191e+01,7.715593e-02,-5.166193e+01,9.695734e-01,-1.576079e+02
5754.39937,6.913111e-01,-1.732902e+02,7.230122e-02,-5.093830e+01,7.230121e-02,-5.093831e+01,9.701667e-01,-1.595307e+02
6309.57344,6.922112e-01,-1.734335e+02,6.793474e-02,-5.006763e+01,6.793473e-02,-5.006764e+01,9.706682e-01,-1.612946e+02
6918.30971,6.932150e-01,-1.735254e+02,6.402478e-02,-4.907473e+01,6.402477e-02,-4.907473e+01,9.710919e-01,-1.629110e+02
7585.77575,6.943529e-01,-1.735671e+02,6.053807e-02,-4.798729e+01,6.053807e-02,-4.798729e+01,9.714498e-01,-1.643910e+02
8317.63771,6.956593e-01,-1.735601e+02,5.744041e-02,-4.683540e+01,5.744040e-02,-4.683540e+01,9.717528e-01,-1.657452e+02
9120.10839,6.971727e-01,-1.735055e+02,5.469709e-02,-4.565086e+01,5.469708e-02,-4.565086e+01,9.720099e-01,-1.669834e+02
10000.00000,6.989368e-01,-1.734048e+02,5.227334e-02,-4.446634e+01,5.227334e-02,-4.446634e+01,9.722291e-01,-1.681150e+02
