! ! 
! S ! 
! ! 
! # MHz  S  MA  R  50.00000
! ! ===================================================================
1.00000,9.944843e-01,-6.646280e-01,2.335608e-03,8.961474e+01,2.335606e-03,8.954722e+01,9.464689e-01,-1.379969e-01
1.09648,9.944813e-01,-7.287482e-01,2.560929e-03,8.956508e+01,2.560928e-03,8.950350e+01,9.464683e-01,-1.513084e-01
1.20226,9.944778e-01,-7.990540e-01,2.807985e-03,8.951173e+01,2.807984e-03,8.945556e+01,9.464676e-01,-1.659042e-01
1.31826,9.944736e-01,-8.761419e-01,3.078872e-03,8.945423e+01,3.078870e-03,8.940301e+01,9.464666e-01,-1.819083e-01
1.44544,9.944685e-01,-9.606661e-01,3.375885e-03,8.939211e+01,3.375883e-03,8.934539e+01,9.464656e-01,-1.994563e-01
1.58489,9.944624e-01,-1.053344e+00,3.701544e-03,8.932482e+01,3.701543e-03,8.928221e+01,9.464643e-01,-2.186973e-01
1.73780,9.944550e-01,-1.154961e+00,4.058610e-03,8.925180e+01,4.058608e-03,8.921294e+01,9.464627e-01,-2.397944e-01
1.90546,9.944462e-01,-1.266379e+00,4.450107e-03,8.917243e+01,4.450106e-03,8.913700e+01,9.464608e-01,-2.629266e-01
2.08930,9.944356e-01,-1.388544e+00,4.879354e-03,8.908605e+01,4.879353e-03,8.905373e+01,9.464585e-01,-2.882902e-01
2.29087,9.944228e-01,-1.522491e+00,5.349985e-03,8.899190e+01,5.349983e-03,8.896243e+01,9.464558e-01,-3.161003e-01
2.51189,9.944074e-01,-1.669355e+00,5.865983e-03,8.888921e+01,5.865981e-03,8.886233e+01,9.464525e-01,-3.465926e-01
2.75423,9.943890e-01,-1.830381e+00,6.431712e-03,8.877709e+01,6.431711e-03,8.875257e+01,9.464485e-01,-3.800258e-01
3.01995,9.943668e-01,-2.006932e+00,7.051956e-03,8.865460e+01,7.051955e-03,8.863224e+01,9.464438e-01,-4.166830e-01
3.31131,9.943401e-01,-2.200505e+00,7.731952e-03,8.852071e+01,7.731951e-03,8.850031e+01,9.464381e-01,-4.568749e-01
3.63078,9.943081e-01,-2.412736e+00,8.477437e-03,8.837427e+01,8.477435e-03,8.835567e+01,9.464312e-01,-5.009419e-01
3.98107,9.942695e-01,-2.645421e+00,9.294693e-03,8.821405e+01,9.294691e-03,8.819709e+01,9.464230e-01,-5.492570e-01
4.36516,9.942232e-01,-2.900526e+00,1.019059e-02,8.803870e+01,1.019059e-02,8.802323e+01,9.464131e-01,-6.022290e-01
4.78630,9.941675e-01,-3.180204e+00,1.117267e-02,8.784675e+01,1.117266e-02,8.783264e+01,9.464012e-01,-6.603056e-01
5.24807,9.941006e-01,-3.486814e+00,1.224914e-02,8.763656e+01,1.224914e-02,8.762369e+01,9.463868e-01,-7.239775e-01
5.75440,9.940202e-01,-3.822940e+00,1.342900e-02,8.740638e+01,1.342900e-02,8.739464e+01,9.463696e-01,-7.937819e-01
6.30957,9.939236e-01,-4.191405e+00,1.472210e-02,8.715426e+01,1.472210e-02,8.714356e+01,9.463490e-01,-8.703072e-01
6.91831,9.938075e-01,-4.595305e+00,1.613915e-02,8.687811e+01,1.613915e-02,8.686835e+01,9.463241e-01,-9.541975e-01
7.58578,9.936680e-01,-5.038019e+00,1.769186e-02,8.657561e+01,1.769186e-02,8.656671e+01,9.462943e-01,-1.046158e+00
8.31764,9.935004e-01,-5.523244e+00,1.939299e-02,8.624424e+01,1.939299e-02,8.623612e+01,9.462585e-01,-1.146958e+00
9.12011,9.932992e-01,-6.055019e+00,2.125643e-02,8.588126e+01,2.125643e-02,8.587385e+01,9.462155e-01,-1.257443e+00
10.00000,9.930577e-01,-6.637750e+00,2.329725e-02,8.548366e+01,2.329724e-02,8.547690e+01,9.461639e-01,-1.378533e+00
10.96478,9.927677e-01,-7.276243e+00,2.553181e-02,8.504818e+01,2.553180e-02,8.504202e+01,9.461019e-01,-1.511234e+00
12.02264,9.924197e-01,-7.975734e+00,2.797781e-02,8.457128e+01,2.797780e-02,8.456566e+01,9.460276e-01,-1.656644e+00
13.18257,9.920023e-01,-8.741916e+00,3.065434e-02,8.404909e+01,3.065434e-02,8.404396e+01,9.459384e-01,-1.815960e+00
14.45440,9.915019e-01,-9.580976e+00,3.358195e-02,8.347743e+01,3.358195e-02,8.347276e+01,9.458316e-01,-1.990485e+00
15.84893,9.909022e-01,-1.049961e+01,3.678262e-02,8.285178e+01,3.678261e-02,8.284752e+01,9.457037e-01,-2.181636e+00
17.37801,9.901841e-01,-1.150508e+01,4.027976e-02,8.216726e+01,4.027976e-02,8.216338e+01,9.455506e-01,-2.390951e+00
19.05461,9.893248e-01,-1.260519e+01,4.409817e-02,8.141864e+01,4.409816e-02,8.141509e+01,9.453675e-01,-2.620097e+00
20.89296,9.882976e-01,-1.380834e+01,4.826386e-02,8.060028e+01,4.826386e-02,8.059705e+01,9.451489e-01,-2.870877e+00
22.90868,9.870711e-01,-1.512350e+01,5.280388e-02,7.970621e+01,5.280387e-02,7.970326e+01,9.448881e-01,-3.145233e+00
25.11886,9.856084e-01,-1.656024e+01,5.774595e-02,7.873010e+01,5.774594e-02,7.872741e+01,9.445775e-01,-3.445255e+00
27.54229,9.838670e-01,-1.812865e+01,6.311803e-02,7.766530e+01,6.311802e-02,7.766284e+01,9.442082e-01,-3.773178e+00
30.19952,9.817977e-01,-1.983934e+01,6.894767e-02,7.650488e+01,6.894766e-02,7.650264e+01,9.437703e-01,-4.131390e+00
33.11311,9.793442e-01,-2.170330e+01,7.526116e-02,7.524173e+01,7.526115e-02,7.523969e+01,9.432522e-01,-4.522422e+00
36.30781,9.764432e-01,-2.373182e+01,8.208244e-02,7.386865e+01,8.208243e-02,7.386679e+01,9.426412e-01,-4.948950e+00
39.81072,9.730239e-01,-2.593627e+01,8.943171e-02,7.237847e+01,8.943170e-02,7.237678e+01,9.419232e-01,-5.413780e+00
43.65158,9.690084e-01,-2.832791e+01,9.732380e-02,7.076430e+01,9.732379e-02,7.076275e+01,9.410831e-01,-5.919845e+00
47.86301,9.643137e-01,-3.091755e+01,1.057662e-01,6.901967e+01,1.057661e-01,6.901826e+01,9.401053e-01,-6.470185e+00
52.48075,9.588525e-01,-3.371518e+01,1.147566e-01,6.713889e+01,1.147566e-01,6.713760e+01,9.389737e-01,-7.067940e+00
57.54399,9.525373e-01,-3.672949e+01,1.242809e-01,6.511732e+01,1.242809e-01,6.511615e+01,9.376732e-01,-7.716341e+00
63.09573,9.452841e-01,-3.996738e+01,1.343104e-01,6.295177e+01,1.343103e-01,6.295069e+01,9.361903e-01,-8.418709e+00
69.18310,9.370185e-01,-4.343331e+01,1.447994e-01,6.064084e+01,1.447994e-01,6.063986e+01,9.345146e-01,-9.178474e+00
75.85776,9.276823e-01,-4.712868e+01,1.556838e-01,5.818535e+01,1.556838e-01,5.818446e+01,9.326407e-01,-9.999212e+00
83.17638,9.172417e-01,-5.105118e+01,1.668800e-01,5.558862e+01,1.668799e-01,5.558781e+01,9.305692e-01,-1.088472e+01
91.20108,9.056951e-01,-5.519414e+01,1.782846e-01,5.285676e+01,1.782845e-01,5.285602e+01,9.283090e-01,-1.183911e+01
100.00000,8.930810e-01,-5.954613e+01,1.897768e-01,4.999875e+01,1.897768e-01,4.999807e+01,9.258783e-01,-1.286697e+01
109.64782,8.794836e-01,-6.409050e+01,2.012217e-01,4.702634e+01,2.012216e-01,4.702573e+01,9.233053e-01,-1.397353e+01
120.22644,8.650353e-01,-6.880539e+01,2.124747e-01,4.395382e+01,2.124747e-01,4.395326e+01,9.206284e-01,-1.516485e+01
131.82567,8.499149e-01,-7.366386e+01,2.233886e-01,4.079744e+01,2.233886e-01,4.079693e+01,9.178950e-01,-1.644805e+01
144.54398,8.343417e-01,-7.863437e+01,2.338201e-01,3.757474e+01,2.338201e-01,3.757427e+01,9.151594e-01,-1.783141e+01
158.48932,8.185641e-01,-8.368163e+01,2.436365e-01,3.430366e+01,2.436365e-01,3.430323e+01,9.124806e-01,-1.932454e+01
173.78008,8.028454e-01,-8.876757e+01,2.527217e-01,3.100166e+01,2.527216e-01,3.100128e+01,9.099183e-01,-2.093835e+01
190.54607,7.874476e-01,-9.385267e+01,2.609798e-01,2.768483e+01,2.609798e-01,2.768447e+01,9.075307e-01,-2.268500e+01
208.92961,7.726155e-01,-9.889729e+01,2.683376e-01,2.436710e+01,2.683376e-01,2.436677e+01,9.053712e-01,-2.457770e+01
229.08677,7.585629e-01,-1.038631e+02,2.747435e-01,2.105975e+01,2.747435e-01,2.105946e+01,9.034868e-01,-2.663045e+01
251.18864,7.454635e-01,-1.087142e+02,2.801654e-01,1.777107e+01,2.801653e-01,1.777080e+01,9.019174e-01,-2.885768e+01
275.42287,7.334453e-01,-1.134186e+02,2.845870e-01,1.450630e+01,2.845870e-01,1.450606e+01,9.006951e-01,-3.127382e+01
301.99517,7.225901e-01,-1.179487e+02,2.880037e-01,1.126783e+01,2.880036e-01,1.126761e+01,8.998456e-01,-3.389283e+01
331.13112,7.129368e-01,-1.222822e+02,2.904172e-01,8.055588e+00,2.904171e-01,8.055384e+00,8.993887e-01,-3.672768e+01
363.07805,7.044873e-01,-1.264019e+02,2.918323e-01,4.867568e+00,2.918323e-01,4.867382e+00,8.993396e-01,-3.978971e+01
398.10717,6.972134e-01,-1.302965e+02,2.922535e-01,1.700515e+00,2.922534e-01,1.700346e+00,8.997094e-01,-4.308802e+01
436.51583,6.910643e-01,-1.339594e+02,2.916829e-01,-1.449354e+00,2.916828e-01,-1.449508e+00,9.005058e-01,-4.662878e+01
478.63009,6.859734e-01,-1.373889e+02,2.901199e-01,-4.585587e+00,2.901198e-01,-4.585728e+00,9.017327e-01,-5.041441e+01
524.80746,6.818643e-01,-1.405875e+02,2.875621e-01,-7.710734e+00,2.875620e-01,-7.710862e+00,9.033891e-01,-5.444291e+01
575.43994,6.786542e-01,-1.435610e+02,2.840072e-01,-1.082562e+01,2.840072e-01,-1.082574e+01,9.054679e-01,-5.870706e+01
630.95734,6.762579e-01,-1.463180e+02,2.794570e-01,-1.392873e+01,2.794569e-01,-1.392884e+01,9.079541e-01,-6.319386e+01
691.83097,6.745885e-01,-1.488691e+02,2.739206e-01,-1.701566e+01,2.739206e-01,-1.701576e+01,9.108228e-01,-6.788414e+01
758.57758,6.735592e-01,-1.512264e+02,2.674200e-01,-2.007878e+01,2.674200e-01,-2.007887e+01,9.140382e-01,-7.275241e+01
831.76377,6.730837e-01,-1.534025e+02,2.599937e-01,-2.310712e+01,2.599936e-01,-2.310720e+01,9.175523e-01,-7.776719e+01
912.01084,6.730765e-01,-1.554105e+02,2.517003e-01,-2.608646e+01,2.517002e-01,-2.608654e+01,9.213060e-01,-8.289169e+01
1000.00000,6.734541e-01,-1.572628e+02,2.426205e-01,-2.899973e+01,2.426205e-01,-2.899979e+01,9.252303e-01,-8.808495e+01
1096.47820,6.741359e-01,-1.589714e+02,2.328572e-01,-3.182755e+01,2.328572e-01,-3.182761e+01,9.292500e-01,-9.330339e+01
1202.26443,6.750461e-01,-1.605472e+02,2.225324e-01,-3.454910e+01,2.225324e-01,-3.454915e+01,9.332873e-01,-9.850250e+01
1318.25674,6.761151e-01,-1.619999e+02,2.117835e-01,-3.714298e+01,2.117835e-01,-3.714303e+01,9.372667e-01,-1.036388e+02
1445.43977,6.772815e-01,-1.633383e+02,2.007568e-01,-3.958817e+01,2.007568e-01,-3.958821e+01,9.411191e-01,-1.086713e+02
1584.89319,6.784930e-01,-1.645699e+02,1.896011e-01,-4.186483e+01,1.896010e-01,-4.186487e+01,9.447858e-01,-1.135635e+02
1737.80083,6.797074e-01,-1.657012e+02,1.784602e-01,-4.395507e+01,1.784602e-01,-4.395511e+01,9.482208e-01,-1.182839e+02
1905.46072,6.808930e-01,-1.667379e+02,1.674678e-01,-4.584346e+01,1.674678e-01,-4.584349e+01,9.513917e-01,-1.228071e+02
2089.29613,6.820274e-01,-1.676852e+02,1.567422e-01,-4.751731e+01,1.567422e-01,-4.751734e+01,9.542798e-01,-1.271138e+02
2290.86765,6.830975e-01,-1.685477e+02,1.463835e-01,-4.896687e+01,1.463835e-01,-4.896690e+01,9.568785e-01,-1.311908e+02
2511.88643,6.840976e-01,-1.693293e+02,1.364725e-01,-5.018531e+01,1.364725e-01,-5.018534e+01,9.591916e-01,-1.350305e+02
2754.22870,6.850282e-01,-1.700341e+02,1.270705e-01,-5.116865e+01,1.270705e-01,-5.116867e+01,9.612308e-01,-1.386299e+02
3019.95172,6.858950e-01,-1.706654e+02,1.182205e-01,-5.191562e+01,1.182205e-01,-5.191564e+01,9.630133e-01,-1.419906e+02
3311.31121,6.867075e-01,-1.712268e+02,1.099491e-01,-5.242762e+01,1.099491e-01,-5.242764e+01,9.645601e-01,-1.451174e+02
3630.78055,6.874783e-01,-1.717211e+02,1.022691e-01,-5.270863e+01,1.022691e-01,-5.270865e+01,9.658940e-01,-1.480176e+02
3981.07171,6.882223e-01,-1.721514e+02,9.518109e-02,-5.276524e+01,9.518107e-02,-5.276526e+01,9.670381e-01,-1.507006e+02
4365.15832,6.889564e-01,-1.725203e+02,8.867644e-02,-5.260678e+01,8.867643e-02,-5.260679e+01,9.680151e-01,-1.531770e+02
4786.30092,6.896990e-01,-1.728302e+02,8.273896e-02,-5.224541e+01,8.273895e-02,-5.224542e+01,9.688462e-01,-1.554583e+02
5248.07460,6.904706e-01,-1.730832e+02,7.734667e-02,-5.169634e+01,7.734667e-02,-5.169635e+01,9.695513e-01,-1.575566e+02
5754.39937,6.912934e-01,-1.732813e+02,7.247332e-02,-5.097792e+01,7.247331e-02,-5.097793e+01,9.701480e-01,-1.594836e+02
6309.57344,6.921919e-01,-1.734264e+02,6.808945e-02,-5.011175e+01,6.808944e-02,-5.011175e+01,9.706524e-01,-1.612514e+02
6918.30971,6.931935e-01,-1.735198e+02,6.416335e-02,-4.912253e+01,6.416335e-02,-4.912254e+01,9.710785e-01,-1.628714e+02
7585.77575,6.943284e-01,-1.735630e+02,6.066180e-02,-4.803789e+01,6.066179e-02,-4.803790e+01,9.714386e-01,-1.643548e+02
8317.63771,6.956307e-01,-1.735574e+02,5.755056e-02,-4.688783e+01,5.755056e-02,-4.688784e+01,9.717432e-01,-1.657120e+02
9120.10839,6.971392e-01,-1.735043e+02,5.479494e-02,-4.570412e+01,5.479494e-02,-4.570412e+01,9.720018e-01,-1.669531e+02
10000.00000,6.988971e-01,-1.734049e+02,5.236014e-02,-4.451940e+01,5.236014e-02,-4.451941e+01,9.722222e-01,-1.680873e+02
