! ! 
! S ! 
! ! 
! # MHz  S  MA  R  50.00000
! ! ===================================================================
1.00000,9.943719e-01,-6.642945e-01,2.334754e-03,8.961139e+01,2.334752e-03,8.954745e+01,9.464689e-01,-1.379543e-01
1.09648,9.943690e-01,-7.283825e-01,2.559993e-03,8.956207e+01,2.559992e-03,8.950375e+01,9.464683e-01,-1.512616e-01
1.20226,9.943655e-01,-7.986530e-01,2.806959e-03,8.950903e+01,2.806958e-03,8.945584e+01,9.464676e-01,-1.658529e-01
1.31826,9.943612e-01,-8.757022e-01,3.077746e-03,8.945182e+01,3.077745e-03,8.940332e+01,9.464667e-01,-1.818520e-01
1.44544,9.943562e-01,-9.601840e-01,3.374651e-03,8.938996e+01,3.374650e-03,8.934573e+01,9.464656e-01,-1.993946e-01
1.58489,9.943501e-01,-1.052815e+00,3.700192e-03,8.932293e+01,3.700190e-03,8.928258e+01,9.464643e-01,-2.186296e-01
1.73780,9.943427e-01,-1.154381e+00,4.057127e-03,8.925014e+01,4.057125e-03,8.921335e+01,9.464627e-01,-2.397202e-01
1.90546,9.943339e-01,-1.265744e+00,4.448482e-03,8.917100e+01,4.448480e-03,8.913744e+01,9.464608e-01,-2.628453e-01
2.08930,9.943233e-01,-1.387847e+00,4.877572e-03,8.908482e+01,4.877570e-03,8.905421e+01,9.464585e-01,-2.882011e-01
2.29087,9.943105e-01,-1.521727e+00,5.348030e-03,8.899087e+01,5.348029e-03,8.896296e+01,9.464558e-01,-3.160026e-01
2.51189,9.942952e-01,-1.668517e+00,5.863840e-03,8.888837e+01,5.863839e-03,8.886291e+01,9.464525e-01,-3.464855e-01
2.75423,9.942767e-01,-1.829462e+00,6.429363e-03,8.877643e+01,6.429362e-03,8.875322e+01,9.464486e-01,-3.799083e-01
3.01995,9.942546e-01,-2.005926e+00,7.049381e-03,8.865412e+01,7.049379e-03,8.863295e+01,9.464438e-01,-4.165542e-01
3.31131,9.942279e-01,-2.199401e+00,7.729129e-03,8.852040e+01,7.729127e-03,8.850109e+01,9.464381e-01,-4.567337e-01
3.63078,9.941959e-01,-2.411526e+00,8.474342e-03,8.837413e+01,8.474341e-03,8.835652e+01,9.464313e-01,-5.007871e-01
3.98107,9.941574e-01,-2.644094e+00,9.291300e-03,8.821408e+01,9.291298e-03,8.819802e+01,9.464230e-01,-5.490873e-01
4.36516,9.941112e-01,-2.899071e+00,1.018688e-02,8.803890e+01,1.018687e-02,8.802425e+01,9.464131e-01,-6.020429e-01
4.78630,9.940556e-01,-3.178609e+00,1.116859e-02,8.784711e+01,1.116859e-02,8.783375e+01,9.464012e-01,-6.601016e-01
5.24807,9.939887e-01,-3.485066e+00,1.224467e-02,8.763710e+01,1.224467e-02,8.762491e+01,9.463869e-01,-7.237538e-01
5.75440,9.939084e-01,-3.821023e+00,1.342411e-02,8.740709e+01,1.342411e-02,8.739598e+01,9.463697e-01,-7.935367e-01
6.30957,9.938119e-01,-4.189304e+00,1.471673e-02,8.715516e+01,1.471673e-02,8.714503e+01,9.463491e-01,-8.700384e-01
6.91831,9.936960e-01,-4.593001e+00,1.613327e-02,8.687920e+01,1.613327e-02,8.686996e+01,9.463242e-01,-9.539028e-01
7.58578,9.935567e-01,-5.035494e+00,1.768542e-02,8.657690e+01,1.768542e-02,8.656847e+01,9.462944e-01,-1.045835e+00
8.31764,9.933894e-01,-5.520477e+00,1.938594e-02,8.624574e+01,1.938594e-02,8.623806e+01,9.462586e-01,-1.146605e+00
9.12011,9.931884e-01,-6.051987e+00,2.124871e-02,8.588298e+01,2.124871e-02,8.587597e+01,9.462157e-01,-1.257055e+00
10.00000,9.929472e-01,-6.634427e+00,2.328880e-02,8.548562e+01,2.328879e-02,8.547923e+01,9.461641e-01,-1.378108e+00
10.96478,9.926576e-01,-7.272603e+00,2.552256e-02,8.505040e+01,2.552256e-02,8.504457e+01,9.461021e-01,-1.510768e+00
12.02264,9.923100e-01,-7.971746e+00,2.796769e-02,8.457376e+01,2.796769e-02,8.456845e+01,9.460279e-01,-1.656134e+00
13.18257,9.918932e-01,-8.737550e+00,3.064329e-02,8.405186e+01,3.064328e-02,8.404701e+01,9.459388e-01,-1.815401e+00
14.45440,9.913934e-01,-9.576194e+00,3.356987e-02,8.348052e+01,3.356986e-02,8.347610e+01,9.458320e-01,-1.989873e+00
15.84893,9.907945e-01,-1.049438e+01,3.676942e-02,8.285521e+01,3.676942e-02,8.285117e+01,9.457042e-01,-2.180966e+00
17.37801,9.900773e-01,-1.149935e+01,4.026537e-02,8.217106e+01,4.026536e-02,8.216738e+01,9.455512e-01,-2.390218e+00
19.05461,9.892192e-01,-1.259893e+01,4.408248e-02,8.142282e+01,4.408248e-02,8.141946e+01,9.453682e-01,-2.619295e+00
20.89296,9.881933e-01,-1.380149e+01,4.824678e-02,8.060488e+01,4.824678e-02,8.060182e+01,9.451497e-01,-2.870000e+00
22.90868,9.869682e-01,-1.511602e+01,5.278531e-02,7.971127e+01,5.278531e-02,7.970848e+01,9.448891e-01,-3.144274e+00
25.11886,9.855074e-01,-1.655206e+01,5.772580e-02,7.873565e+01,5.772579e-02,7.873310e+01,9.445787e-01,-3.444207e+00
27.54229,9.837682e-01,-1.811973e+01,6.309621e-02,7.767137e+01,6.309621e-02,7.766905e+01,9.442097e-01,-3.772035e+00
30.19952,9.817014e-01,-1.982962e+01,6.892410e-02,7.651152e+01,6.892410e-02,7.650940e+01,9.437720e-01,-4.130143e+00
33.11311,9.792510e-01,-2.169272e+01,7.523578e-02,7.524897e+01,7.523577e-02,7.524704e+01,9.432542e-01,-4.521063e+00
36.30781,9.763535e-01,-2.372031e+01,8.205519e-02,7.387653e+01,8.205518e-02,7.387477e+01,9.426435e-01,-4.947470e+00
39.81072,9.729382e-01,-2.592378e+01,8.940259e-02,7.238703e+01,8.940258e-02,7.238543e+01,9.419259e-01,-5.412172e+00
43.65158,9.689274e-01,-2.831437e+01,9.729283e-02,7.077357e+01,9.729281e-02,7.077211e+01,9.410862e-01,-5.918098e+00
47.86301,9.642380e-01,-3.090291e+01,1.057334e-01,6.902969e+01,1.057334e-01,6.902835e+01,9.401089e-01,-6.468291e+00
52.48075,9.587829e-01,-3.369939e+01,1.147222e-01,6.714968e+01,1.147222e-01,6.714846e+01,9.389778e-01,-7.065889e+00
57.54399,9.524744e-01,-3.671251e+01,1.242451e-01,6.512890e+01,1.242450e-01,6.512779e+01,9.376777e-01,-7.714124e+00
63.09573,9.452287e-01,-3.994918e+01,1.342734e-01,6.296415e+01,1.342733e-01,6.296313e+01,9.361953e-01,-8.416315e+00
69.18310,9.369713e-01,-4.341388e+01,1.447616e-01,6.065402e+01,1.447616e-01,6.065309e+01,9.345201e-01,-9.175894e+00
75.85776,9.276438e-01,-4.710802e+01,1.556458e-01,5.819930e+01,1.556458e-01,5.819846e+01,9.326466e-01,-9.996434e+00
83.17638,9.172122e-01,-5.102931e+01,1.668423e-01,5.560333e+01,1.668422e-01,5.560256e+01,9.305754e-01,-1.088173e+01
91.20108,9.056749e-01,-5.517113e+01,1.782479e-01,5.287217e+01,1.782478e-01,5.287147e+01,9.283153e-01,-1.183589e+01
100.00000,8.930701e-01,-5.952204e+01,1.897419e-01,5.001478e+01,1.897419e-01,5.001414e+01,9.258845e-01,-1.286351e+01
109.64782,8.794816e-01,-6.406545e+01,2.011892e-01,4.704293e+01,2.011892e-01,4.704234e+01,9.233113e-01,-1.396980e+01
120.22644,8.650416e-01,-6.877951e+01,2.124456e-01,4.397086e+01,2.124456e-01,4.397033e+01,9.206338e-01,-1.516083e+01
131.82567,8.499286e-01,-7.363731e+01,2.233637e-01,4.081482e+01,2.233636e-01,4.081434e+01,9.178994e-01,-1.644370e+01
144.54398,8.343616e-01,-7.860734e+01,2.338000e-01,3.759236e+01,2.337999e-01,3.759191e+01,9.151627e-01,-1.782670e+01
158.48932,8.185888e-01,-8.365430e+01,2.436218e-01,3.432140e+01,2.436217e-01,3.432100e+01,9.124822e-01,-1.931941e+01
173.78008,8.028735e-01,-8.874015e+01,2.527128e-01,3.101942e+01,2.527127e-01,3.101905e+01,9.099181e-01,-2.093275e+01
190.54607,7.874776e-01,-9.382538e+01,2.609772e-01,2.770250e+01,2.609771e-01,2.770217e+01,9.075284e-01,-2.267887e+01
208.92961,7.726460e-01,-9.887034e+01,2.683413e-01,2.438461e+01,2.683413e-01,2.438430e+01,9.053666e-01,-2.457098e+01
229.08677,7.585927e-01,-1.038366e+02,2.747535e-01,2.107703e+01,2.747535e-01,2.107675e+01,9.034798e-01,-2.662307e+01
251.18864,7.454915e-01,-1.086885e+02,2.801817e-01,1.778806e+01,2.801816e-01,1.778781e+01,9.019079e-01,-2.884957e+01
275.42287,7.334707e-01,-1.133937e+02,2.846094e-01,1.452298e+01,2.846094e-01,1.452274e+01,9.006832e-01,-3.126492e+01
301.99517,7.226124e-01,-1.179248e+02,2.880319e-01,1.128418e+01,2.880319e-01,1.128397e+01,8.998313e-01,-3.388309e+01
331.13112,7.129556e-01,-1.222593e+02,2.904510e-01,8.071597e+00,2.904510e-01,8.071404e+00,8.993720e-01,-3.671703e+01
363.07805,7.045024e-01,-1.263802e+02,2.918715e-01,4.883250e+00,2.918714e-01,4.883074e+00,8.993207e-01,-3.977811e+01
398.10717,6.972249e-01,-1.302760e+02,2.922976e-01,1.715884e+00,2.922976e-01,1.715724e+00,8.996884e-01,-4.307544e+01
436.51583,6.910722e-01,-1.339401e+02,2.917317e-01,-1.434281e+00,2.917317e-01,-1.434427e+00,9.004829e-01,-4.661520e+01
478.63009,6.859781e-01,-1.373708e+02,2.901732e-01,-4.570793e+00,2.901732e-01,-4.570926e+00,9.017081e-01,-5.039983e+01
524.80746,6.818659e-01,-1.405705e+02,2.876196e-01,-7.696207e+00,2.876196e-01,-7.696328e+00,9.033629e-01,-5.442734e+01
575.43994,6.786532e-01,-1.435452e+02,2.840688e-01,-1.081136e+01,2.840687e-01,-1.081147e+01,9.054403e-01,-5.869054e+01
630.95734,6.762545e-01,-1.463032e+02,2.795222e-01,-1.391474e+01,2.795222e-01,-1.391484e+01,9.079254e-01,-6.317646e+01
691.83097,6.745831e-01,-1.488554e+02,2.739893e-01,-1.700195e+01,2.739892e-01,-1.700204e+01,9.107933e-01,-6.786595e+01
758.57758,6.735523e-01,-1.512136e+02,2.674917e-01,-2.006539e+01,2.674917e-01,-2.006547e+01,9.140081e-01,-7.273354e+01
831.76377,6.730755e-01,-1.533907e+02,2.600680e-01,-2.309410e+01,2.600680e-01,-2.309417e+01,9.175220e-01,-7.774777e+01
912.01084,6.730675e-01,-1.553995e+02,2.517768e-01,-2.607387e+01,2.517767e-01,-2.607394e+01,9.212758e-01,-8.287188e+01
1000.00000,6.734445e-01,-1.572526e+02,2.426987e-01,-2.898763e+01,2.426987e-01,-2.898769e+01,9.252007e-01,-8.806492e+01
1096.47820,6.741262e-01,-1.589620e+02,2.329363e-01,-3.181603e+01,2.329363e-01,-3.181608e+01,9.292213e-01,-9.328331e+01
1202.26443,6.750365e-01,-1.605384e+02,2.226119e-01,-3.453824e+01,2.226119e-01,-3.453829e+01,9.332598e-01,-9.848255e+01
1318.25674,6.761058e-01,-1.619918e+02,2.118626e-01,-3.713288e+01,2.118626e-01,-3.713293e+01,9.372406e-01,-1.036191e+02
1445.43977,6.772727e-01,-1.633308e+02,2.008350e-01,-3.957890e+01,2.008349e-01,-3.957894e+01,9.410947e-01,-1.086521e+02
1584.89319,6.784849e-01,-1.645629e+02,1.896775e-01,-4.185648e+01,1.896775e-01,-4.185652e+01,9.447633e-01,-1.135449e+02
1737.80083,6.797001e-01,-1.656948e+02,1.785344e-01,-4.394771e+01,1.785344e-01,-4.394774e+01,9.482003e-01,-1.182660e+02
1905.46072,6.808865e-01,-1.667320e+02,1.675393e-01,-4.583714e+01,1.675392e-01,-4.583717e+01,9.513732e-01,-1.227900e+02
2089.29613,6.820218e-01,-1.676798e+02,1.568105e-01,-4.751209e+01,1.568104e-01,-4.751212e+01,9.542633e-01,-1.270976e+02
2290.86765,6.830927e-01,-1.685427e+02,1.464483e-01,-4.896279e+01,1.464483e-01,-4.896281e+01,9.568639e-01,-1.311755e+02
2511.88643,6.840935e-01,-1.693248e+02,1.365335e-01,-5.018239e+01,1.365335e-01,-5.018242e+01,9.591788e-01,-1.350160e+02
2754.22870,6.850248e-01,-1.700300e+02,1.271276e-01,-5.116691e+01,1.271276e-01,-5.116693e+01,9.612196e-01,-1.386164e+02
3019.95172,6.858922e-01,-1.706617e+02,1.182737e-01,-5.191507e+01,1.182737e-01,-5.191509e+01,9.630036e-01,-1.419780e+02
3311.31121,6.867053e-01,-1.712234e+02,1.099984e-01,-5.242825e+01,1.099984e-01,-5.242826e+01,9.645518e-01,-1.451057e+02
3630.78055,6.874766e-01,-1.717182e+02,1.023145e-01,-5.271041e+01,1.023145e-01,-5.271043e+01,9.658869e-01,-1.480068e+02
3981.07171,6.882209e-01,-1.721488e+02,9.522276e-02,-5.276815e+01,9.522275e-02,-5.276816e+01,9.670321e-01,-1.506906e+02
4365.15832,6.889552e-01,-1.725180e+02,8.871450e-02,-5.261076e+01,8.871449e-02,-5.261078e+01,9.680099e-01,-1.531678e+02
4786.30092,6.896979e-01,-1.728281e+02,8.277356e-02,-5.225041e+01,8.277356e-02,-5.225042e+01,9.688419e-01,-1.554498e+02
5248.07460,6.904695e-01,-1.730815e+02,7.737802e-02,-5.170228e+01,7.737801e-02,-5.170229e+01,9.695476e-01,-1.575487e+02
5754.39937,6.912923e-01,-1.732799e+02,7.250159e-02,-5.098471e+01,7.250159e-02,-5.098472e+01,9.701449e-01,-1.594764e+02
6309.57344,6.921906e-01,-1.734251e+02,6.811486e-02,-5.011927e+01,6.811485e-02,-5.011927e+01,9.706498e-01,-1.612448e+02
6918.30971,6.931918e-01,-1.735188e+02,6.418611e-02,-4.913066e+01,6.418611e-02,-4.913067e+01,9.710763e-01,-1.628654e+02
7585.77575,6.943263e-01,-1.735623e+02,6.068211e-02,-4.804648e+01,6.068211e-02,-4.804648e+01,9.714367e-01,-1.643493e+02
8317.63771,6.956281e-01,-1.735569e+02,5.756865e-02,-4.689673e+01,5.756864e-02,-4.689673e+01,9.717417e-01,-1.657070e+02
9120.10839,6.971358e-01,-1.735040e+02,5.481100e-02,-4.571316e+01,5.481100e-02,-4.571316e+01,9.720005e-01,-1.669485e+02
10000.00000,6.988928e-01,-1.734048e+02,5.237439e-02,-4.452842e+01,5.237438e-02,-4.452843e+01,9.722211e-01,-1.680831e+02
