! ! 
! S ! 
! ! 
! # MHz  S  MA  R  50.00000
! ! ===================================================================
1.00000,9.947446e-01,-6.654189e-01,2.334148e-03,8.962349e+01,2.334145e-03,8.954678e+01,9.435041e-01,-1.381166e-01
1.09648,9.947416e-01,-7.296154e-01,2.559328e-03,8.957298e+01,2.559326e-03,8.950301e+01,9.435034e-01,-1.514394e-01
1.20226,9.947381e-01,-8.000048e-01,2.806230e-03,8.951884e+01,2.806228e-03,8.945503e+01,9.435027e-01,-1.660476e-01
1.31826,9.947339e-01,-8.771845e-01,3.076947e-03,8.946062e+01,3.076945e-03,8.940242e+01,9.435018e-01,-1.820653e-01
1.44544,9.947288e-01,-9.618093e-01,3.373774e-03,8.939782e+01,3.373772e-03,8.934474e+01,9.435007e-01,-1.996283e-01
1.58489,9.947226e-01,-1.054597e+00,3.699230e-03,8.932991e+01,3.699228e-03,8.928150e+01,9.434994e-01,-2.188857e-01
1.73780,9.947152e-01,-1.156335e+00,4.056072e-03,8.925631e+01,4.056070e-03,8.921216e+01,9.434978e-01,-2.400008e-01
1.90546,9.947064e-01,-1.267886e+00,4.447324e-03,8.917640e+01,4.447323e-03,8.913614e+01,9.434959e-01,-2.631528e-01
2.08930,9.946957e-01,-1.390196e+00,4.876302e-03,8.908950e+01,4.876301e-03,8.905279e+01,9.434937e-01,-2.885381e-01
2.29087,9.946829e-01,-1.524302e+00,5.346638e-03,8.899488e+01,5.346637e-03,8.896140e+01,9.434910e-01,-3.163720e-01
2.51189,9.946675e-01,-1.671341e+00,5.862313e-03,8.889174e+01,5.862311e-03,8.886119e+01,9.434877e-01,-3.468904e-01
2.75423,9.946490e-01,-1.832558e+00,6.427688e-03,8.877919e+01,6.427687e-03,8.875133e+01,9.434837e-01,-3.803522e-01
3.01995,9.946268e-01,-2.009320e+00,7.047543e-03,8.865628e+01,7.047542e-03,8.863088e+01,9.434790e-01,-4.170408e-01
3.31131,9.946000e-01,-2.203123e+00,7.727113e-03,8.852199e+01,7.727111e-03,8.849882e+01,9.434733e-01,-4.572672e-01
3.63078,9.945679e-01,-2.415606e+00,8.472130e-03,8.837516e+01,8.472128e-03,8.835403e+01,9.434665e-01,-5.013719e-01
3.98107,9.945292e-01,-2.648568e+00,9.288873e-03,8.821456e+01,9.288871e-03,8.819529e+01,9.434582e-01,-5.497284e-01
4.36516,9.944828e-01,-2.903976e+00,1.018421e-02,8.803884e+01,1.018421e-02,8.802127e+01,9.434484e-01,-6.027457e-01
4.78630,9.944269e-01,-3.183986e+00,1.116567e-02,8.784651e+01,1.116566e-02,8.783048e+01,9.434365e-01,-6.608720e-01
5.24807,9.943598e-01,-3.490961e+00,1.224146e-02,8.763594e+01,1.224146e-02,8.762132e+01,9.434222e-01,-7.245984e-01
5.75440,9.942792e-01,-3.827485e+00,1.342058e-02,8.740538e+01,1.342058e-02,8.739204e+01,9.434051e-01,-7.944626e-01
6.30957,9.941823e-01,-4.196388e+00,1.471286e-02,8.715287e+01,1.471286e-02,8.714072e+01,9.433844e-01,-8.710534e-01
6.91831,9.940659e-01,-4.600766e+00,1.612901e-02,8.687632e+01,1.612901e-02,8.686523e+01,9.433597e-01,-9.550154e-01
7.58578,9.939260e-01,-5.044005e+00,1.768074e-02,8.657340e+01,1.768074e-02,8.656329e+01,9.433299e-01,-1.047054e+00
8.31764,9.937580e-01,-5.529805e+00,1.938079e-02,8.624160e+01,1.938079e-02,8.623238e+01,9.432942e-01,-1.147941e+00
9.12011,9.935562e-01,-6.062209e+00,2.124303e-02,8.587816e+01,2.124303e-02,8.586975e+01,9.432513e-01,-1.258520e+00
10.00000,9.933140e-01,-6.645629e+00,2.328254e-02,8.548008e+01,2.328254e-02,8.547241e+01,9.431998e-01,-1.379713e+00
10.96478,9.930232e-01,-7.284875e+00,2.551566e-02,8.504409e+01,2.551566e-02,8.503710e+01,9.431381e-01,-1.512528e+00
12.02264,9.926743e-01,-7.985190e+00,2.796008e-02,8.456665e+01,2.796007e-02,8.456027e+01,9.430639e-01,-1.658062e+00
13.18257,9.922557e-01,-8.752274e+00,3.063486e-02,8.404388e+01,3.063486e-02,8.403806e+01,9.429751e-01,-1.817513e+00
14.45440,9.917539e-01,-9.592317e+00,3.356054e-02,8.347160e+01,3.356054e-02,8.346629e+01,9.428685e-01,-1.992186e+00
15.84893,9.911526e-01,-1.051203e+01,3.675908e-02,8.284529e+01,3.675907e-02,8.284045e+01,9.427410e-01,-2.183498e+00
17.37801,9.904325e-01,-1.151867e+01,4.025386e-02,8.216006e+01,4.025386e-02,8.215565e+01,9.425883e-01,-2.392990e+00
19.05461,9.895709e-01,-1.262005e+01,4.406966e-02,8.141067e+01,4.406965e-02,8.140664e+01,9.424058e-01,-2.622330e+00
20.89296,9.885408e-01,-1.382459e+01,4.823246e-02,8.059149e+01,4.823245e-02,8.058781e+01,9.421878e-01,-2.873320e+00
22.90868,9.873109e-01,-1.514126e+01,5.276925e-02,7.969654e+01,5.276924e-02,7.969319e+01,9.419277e-01,-3.147906e+00
25.11886,9.858443e-01,-1.657963e+01,5.770774e-02,7.871948e+01,5.770773e-02,7.871643e+01,9.416181e-01,-3.448177e+00
27.54229,9.840983e-01,-1.814982e+01,6.307581e-02,7.765367e+01,6.307580e-02,7.765088e+01,9.412499e-01,-3.776372e+00
30.19952,9.820235e-01,-1.986241e+01,6.890098e-02,7.649217e+01,6.890096e-02,7.648963e+01,9.408133e-01,-4.134879e+00
33.11311,9.795637e-01,-2.172843e+01,7.520944e-02,7.522787e+01,7.520943e-02,7.522556e+01,9.402968e-01,-4.526230e+00
36.30781,9.766552e-01,-2.375915e+01,8.202506e-02,7.385357e+01,8.202505e-02,7.385146e+01,9.396877e-01,-4.953103e+00
39.81072,9.732272e-01,-2.596595e+01,8.936797e-02,7.236213e+01,8.936795e-02,7.236020e+01,9.389721e-01,-5.418306e+00
43.65158,9.692018e-01,-2.836009e+01,9.725286e-02,7.074662e+01,9.725284e-02,7.074486e+01,9.381348e-01,-5.924773e+00
47.86301,9.644957e-01,-3.095236e+01,1.056871e-01,6.900062e+01,1.056871e-01,6.899902e+01,9.371603e-01,-6.475545e+00
52.48075,9.590217e-01,-3.375274e+01,1.146683e-01,6.711843e+01,1.146683e-01,6.711697e+01,9.360328e-01,-7.073764e+00
57.54399,9.526922e-01,-3.676991e+01,1.241822e-01,6.509545e+01,1.241821e-01,6.509411e+01,9.347370e-01,-7.722663e+00
63.09573,9.454233e-01,-4.001074e+01,1.341998e-01,6.292849e+01,1.341998e-01,6.292727e+01,9.332598e-01,-8.425564e+00
69.18310,9.371406e-01,-4.347965e+01,1.446756e-01,6.061620e+01,1.446755e-01,6.061509e+01,9.315910e-01,-9.185901e+00
75.85776,9.277862e-01,-4.717800e+01,1.555451e-01,5.815943e+01,1.555451e-01,5.815842e+01,9.297251e-01,-1.000725e+01
83.17638,9.173266e-01,-5.110342e+01,1.667246e-01,5.556154e+01,1.667246e-01,5.556062e+01,9.276630e-01,-1.089342e+01
91.20108,9.057608e-01,-5.524921e+01,1.781109e-01,5.282868e+01,1.781108e-01,5.282784e+01,9.254139e-01,-1.184853e+01
100.00000,8.931278e-01,-5.960384e+01,1.895831e-01,4.996986e+01,1.895830e-01,4.996910e+01,9.229960e-01,-1.287717e+01
109.64782,8.795124e-01,-6.415063e+01,2.010062e-01,4.699690e+01,2.010062e-01,4.699620e+01,9.204377e-01,-1.398459e+01
120.22644,8.650475e-01,-6.886764e+01,2.122363e-01,4.392409e+01,2.122362e-01,4.392346e+01,9.177776e-01,-1.517686e+01
131.82567,8.499129e-01,-7.372786e+01,2.231261e-01,4.076774e+01,2.231261e-01,4.076716e+01,9.150630e-01,-1.646111e+01
144.54398,8.343280e-01,-7.869972e+01,2.335328e-01,3.754538e+01,2.335328e-01,3.754485e+01,9.123485e-01,-1.784565e+01
158.48932,8.185418e-01,-8.374787e+01,2.433243e-01,3.427497e+01,2.433242e-01,3.427449e+01,9.096928e-01,-1.934009e+01
173.78008,8.028178e-01,-8.883422e+01,2.523848e-01,3.097397e+01,2.523847e-01,3.097352e+01,9.071561e-01,-2.095537e+01
190.54607,7.874179e-01,-9.391925e+01,2.606192e-01,2.765842e+01,2.606191e-01,2.765802e+01,9.047963e-01,-2.270365e+01
208.92961,7.725866e-01,-9.896333e+01,2.679545e-01,2.434226e+01,2.679545e-01,2.434189e+01,9.026671e-01,-2.459815e+01
229.08677,7.585373e-01,-1.039281e+02,2.743397e-01,2.103672e+01,2.743396e-01,2.103638e+01,9.008157e-01,-2.665289e+01
251.18864,7.454432e-01,-1.087779e+02,2.797430e-01,1.775004e+01,2.797430e-01,1.774974e+01,8.992821e-01,-2.888228e+01
275.42287,7.334316e-01,-1.134805e+02,2.841486e-01,1.448744e+01,2.841486e-01,1.448717e+01,8.980990e-01,-3.130075e+01
301.99517,7.225839e-01,-1.180085e+02,2.875519e-01,1.125127e+01,2.875518e-01,1.125102e+01,8.972924e-01,-3.392225e+01
331.13112,7.129383e-01,-1.223397e+02,2.899548e-01,8.041410e+00,2.899547e-01,8.041178e+00,8.968827e-01,-3.675970e+01
363.07805,7.044963e-01,-1.264570e+02,2.913623e-01,4.855827e+00,2.913622e-01,4.855616e+00,8.968858e-01,-3.982445e+01
398.10717,6.972293e-01,-1.303489e+02,2.917787e-01,1.691238e+00,2.917786e-01,1.691046e+00,8.973136e-01,-4.312554e+01
436.51583,6.910863e-01,-1.340091e+02,2.912063e-01,-1.456168e+00,2.912062e-01,-1.456344e+00,8.981744e-01,-4.666909e+01
478.63009,6.860005e-01,-1.374360e+02,2.896444e-01,-4.589963e+00,2.896444e-01,-4.590122e+00,8.994727e-01,-5.045749e+01
524.80746,6.818951e-01,-1.406319e+02,2.870906e-01,-7.712715e+00,2.870906e-01,-7.712860e+00,9.012081e-01,-5.448864e+01
575.43994,6.786877e-01,-1.436028e+02,2.835426e-01,-1.082527e+01,2.835426e-01,-1.082541e+01,9.033738e-01,-5.875529e+01
630.95734,6.762928e-01,-1.463572e+02,2.790018e-01,-1.392613e+01,2.790017e-01,-1.392626e+01,9.059548e-01,-6.324436e+01
691.83097,6.746238e-01,-1.489059e+02,2.734774e-01,-1.701091e+01,2.734773e-01,-1.701102e+01,9.089261e-01,-6.793659e+01
758.57758,6.735940e-01,-1.512608e+02,2.669910e-01,-2.007199e+01,2.669909e-01,-2.007209e+01,9.122511e-01,-7.280645e+01
831.76377,6.731171e-01,-1.534346e+02,2.595809e-01,-2.309842e+01,2.595808e-01,-2.309851e+01,9.158809e-01,-7.782238e+01
912.01084,6.731078e-01,-1.554404e+02,2.513055e-01,-2.607598e+01,2.513054e-01,-2.607607e+01,9.197549e-01,-8.294756e+01
1000.00000,6.734828e-01,-1.572906e+02,2.422451e-01,-2.898760e+01,2.422451e-01,-2.898768e+01,9.238027e-01,-8.814102e+01
1096.47820,6.741618e-01,-1.589972e+02,2.325022e-01,-3.181392e+01,2.325022e-01,-3.181399e+01,9.279468e-01,-9.335915e+01
1202.26443,6.750690e-01,-1.605710e+02,2.221985e-01,-3.453411e+01,2.221985e-01,-3.453417e+01,9.321076e-01,-9.855748e+01
1318.25674,6.761350e-01,-1.620220e+02,2.114710e-01,-3.712676e+01,2.114709e-01,-3.712682e+01,9.362075e-01,-1.036925e+02
1445.43977,6.772985e-01,-1.633586e+02,2.004656e-01,-3.957082e+01,2.004656e-01,-3.957087e+01,9.401758e-01,-1.087234e+02
1584.89319,6.785072e-01,-1.645885e+02,1.893309e-01,-4.184644e+01,1.893308e-01,-4.184649e+01,9.439521e-01,-1.136137e+02
1737.80083,6.797191e-01,-1.657182e+02,1.782104e-01,-4.393572e+01,1.782104e-01,-4.393576e+01,9.474892e-01,-1.183319e+02
1905.46072,6.809024e-01,-1.667535e+02,1.672377e-01,-4.582319e+01,1.672376e-01,-4.582323e+01,9.507540e-01,-1.228527e+02
2089.29613,6.820349e-01,-1.676995e+02,1.565307e-01,-4.749615e+01,1.565307e-01,-4.749618e+01,9.537274e-01,-1.271569e+02
2290.86765,6.831033e-01,-1.685606e+02,1.461898e-01,-4.894483e+01,1.461898e-01,-4.894486e+01,9.564026e-01,-1.312314e+02
2511.88643,6.841019e-01,-1.693410e+02,1.362955e-01,-5.016238e+01,1.362954e-01,-5.016241e+01,9.587837e-01,-1.350684e+02
2754.22870,6.850313e-01,-1.700446e+02,1.269090e-01,-5.114482e+01,1.269090e-01,-5.114484e+01,9.608826e-01,-1.386653e+02
3019.95172,6.858972e-01,-1.706749e+02,1.180735e-01,-5.189086e+01,1.180735e-01,-5.189089e+01,9.627173e-01,-1.420235e+02
3311.31121,6.867090e-01,-1.712352e+02,1.098157e-01,-5.240191e+01,1.098157e-01,-5.240193e+01,9.643093e-01,-1.451478e+02
3630.78055,6.874794e-01,-1.717287e+02,1.021482e-01,-5.268196e+01,1.021482e-01,-5.268197e+01,9.656821e-01,-1.480457e+02
3981.07171,6.882231e-01,-1.721581e+02,9.507176e-02,-5.273761e+01,9.507175e-02,-5.273763e+01,9.668596e-01,-1.507265e+02
4365.15832,6.889570e-01,-1.725262e+02,8.857781e-02,-5.257821e+01,8.857779e-02,-5.257823e+01,9.678650e-01,-1.532009e+02
4786.30092,6.896998e-01,-1.728353e+02,8.265016e-02,-5.221597e+01,8.265015e-02,-5.221598e+01,9.687203e-01,-1.554803e+02
5248.07460,6.904717e-01,-1.730876e+02,7.726693e-02,-5.166611e+01,7.726692e-02,-5.166612e+01,9.694457e-01,-1.575767e+02
5754.39937,6.912950e-01,-1.732850e+02,7.240188e-02,-5.094704e+01,7.240187e-02,-5.094705e+01,9.700598e-01,-1.595021e+02
6309.57344,6.921944e-01,-1.734294e+02,6.802560e-02,-5.008038e+01,6.802559e-02,-5.008039e+01,9.705787e-01,-1.612683e+02
6918.30971,6.931969e-01,-1.735222e+02,6.410643e-02,-4.909091e+01,6.410642e-02,-4.909092e+01,9.710170e-01,-1.628869e+02
7585.77575,6.943331e-01,-1.735648e+02,6.061116e-02,-4.800626e+01,6.061115e-02,-4.800626e+01,9.713873e-01,-1.643690e+02
8317.63771,6.956372e-01,-1.735586e+02,5.750560e-02,-4.685648e+01,5.750559e-02,-4.685648e+01,9.717006e-01,-1.657250e+02
9120.10839,6.971476e-01,-1.735049e+02,5.475508e-02,-4.567335e+01,5.475508e-02,-4.567335e+01,9.719663e-01,-1.669649e+02
10000.00000,6.989079e-01,-1.734050e+02,5.232483e-02,-4.448953e+01,5.232483e-02,-4.448953e+01,9.721927e-01,-1.680981e+02
