! ! 
! S ! 
! ! 
! # MHz  S  MA  R  50.00000
! ! ===================================================================
1.00000,9.945917e-01,-6.649514e-01,2.336453e-03,8.961815e+01,2.336451e-03,8.954699e+01,9.464689e-01,-1.380395e-01
1.09648,9.945888e-01,-7.291028e-01,2.561857e-03,8.956815e+01,2.561855e-03,8.950325e+01,9.464683e-01,-1.513550e-01
1.20226,9.945853e-01,-7.994427e-01,2.809002e-03,8.951448e+01,2.809000e-03,8.945529e+01,9.464676e-01,-1.659554e-01
1.31826,9.945811e-01,-8.765682e-01,3.079986e-03,8.945669e+01,3.079984e-03,8.940271e+01,9.464666e-01,-1.819643e-01
1.44544,9.945760e-01,-9.611335e-01,3.377107e-03,8.939429e+01,3.377105e-03,8.934506e+01,9.464656e-01,-1.995178e-01
1.58489,9.945698e-01,-1.053856e+00,3.702884e-03,8.932675e+01,3.702883e-03,8.928185e+01,9.464642e-01,-2.187647e-01
1.73780,9.945625e-01,-1.155523e+00,4.060079e-03,8.925350e+01,4.060077e-03,8.921255e+01,9.464627e-01,-2.398683e-01
1.90546,9.945536e-01,-1.266995e+00,4.451718e-03,8.917391e+01,4.451717e-03,8.913656e+01,9.464608e-01,-2.630076e-01
2.08930,9.945430e-01,-1.389219e+00,4.881120e-03,8.908731e+01,4.881119e-03,8.905325e+01,9.464585e-01,-2.883791e-01
2.29087,9.945302e-01,-1.523231e+00,5.351921e-03,8.899297e+01,5.351919e-03,8.896191e+01,9.464558e-01,-3.161977e-01
2.51189,9.945148e-01,-1.670167e+00,5.868105e-03,8.889009e+01,5.868104e-03,8.886176e+01,9.464525e-01,-3.466994e-01
2.75423,9.944963e-01,-1.831271e+00,6.434040e-03,8.877779e+01,6.434038e-03,8.875195e+01,9.464485e-01,-3.801429e-01
3.01995,9.944741e-01,-2.007909e+00,7.054508e-03,8.865512e+01,7.054506e-03,8.863156e+01,9.464438e-01,-4.168114e-01
3.31131,9.944474e-01,-2.201575e+00,7.734749e-03,8.852105e+01,7.734748e-03,8.849956e+01,9.464381e-01,-4.570157e-01
3.63078,9.944153e-01,-2.413910e+00,8.480503e-03,8.837445e+01,8.480502e-03,8.835485e+01,9.464312e-01,-5.010963e-01
3.98107,9.943767e-01,-2.646708e+00,9.298054e-03,8.821406e+01,9.298052e-03,8.819619e+01,9.464230e-01,-5.494263e-01
4.36516,9.943303e-01,-2.901936e+00,1.019428e-02,8.803855e+01,1.019428e-02,8.802225e+01,9.464130e-01,-6.024145e-01
4.78630,9.942746e-01,-3.181750e+00,1.117670e-02,8.784642e+01,1.117670e-02,8.783155e+01,9.464011e-01,-6.605090e-01
5.24807,9.942076e-01,-3.488510e+00,1.225356e-02,8.763606e+01,1.225356e-02,8.762250e+01,9.463868e-01,-7.242004e-01
5.75440,9.941271e-01,-3.824798e+00,1.343385e-02,8.740571e+01,1.343385e-02,8.739334e+01,9.463696e-01,-7.940263e-01
6.30957,9.940303e-01,-4.193443e+00,1.472741e-02,8.715341e+01,1.472741e-02,8.714213e+01,9.463489e-01,-8.705751e-01
6.91831,9.939141e-01,-4.597538e+00,1.614497e-02,8.687707e+01,1.614497e-02,8.686679e+01,9.463240e-01,-9.544912e-01
7.58578,9.937744e-01,-5.040466e+00,1.769824e-02,8.657438e+01,1.769824e-02,8.656499e+01,9.462942e-01,-1.046479e+00
8.31764,9.936067e-01,-5.525926e+00,1.939998e-02,8.624280e+01,1.939998e-02,8.623424e+01,9.462584e-01,-1.147311e+00
9.12011,9.934052e-01,-6.057958e+00,2.126408e-02,8.587960e+01,2.126408e-02,8.587179e+01,9.462153e-01,-1.257830e+00
10.00000,9.931633e-01,-6.640971e+00,2.330562e-02,8.548177e+01,2.330562e-02,8.547465e+01,9.461637e-01,-1.378957e+00
10.96478,9.928730e-01,-7.279772e+00,2.554097e-02,8.504604e+01,2.554097e-02,8.503955e+01,9.461017e-01,-1.511698e+00
12.02264,9.925246e-01,-7.979599e+00,2.798783e-02,8.456887e+01,2.798783e-02,8.456295e+01,9.460273e-01,-1.657153e+00
13.18257,9.921067e-01,-8.746150e+00,3.066530e-02,8.404640e+01,3.066530e-02,8.404100e+01,9.459381e-01,-1.816517e+00
14.45440,9.916056e-01,-9.585611e+00,3.359393e-02,8.347444e+01,3.359392e-02,8.346951e+01,9.458312e-01,-1.991095e+00
15.84893,9.910052e-01,-1.050469e+01,3.679570e-02,8.284846e+01,3.679569e-02,8.284397e+01,9.457032e-01,-2.182303e+00
17.37801,9.902862e-01,-1.151063e+01,4.029403e-02,8.216359e+01,4.029402e-02,8.215950e+01,9.455500e-01,-2.391682e+00
19.05461,9.894259e-01,-1.261126e+01,4.411372e-02,8.141458e+01,4.411372e-02,8.141085e+01,9.453668e-01,-2.620897e+00
20.89296,9.883974e-01,-1.381498e+01,4.828079e-02,8.059581e+01,4.828079e-02,8.059241e+01,9.451480e-01,-2.871751e+00
22.90868,9.871693e-01,-1.513076e+01,5.282228e-02,7.970130e+01,5.282228e-02,7.969820e+01,9.448871e-01,-3.146189e+00
25.11886,9.857048e-01,-1.656816e+01,5.776592e-02,7.872472e+01,5.776592e-02,7.872188e+01,9.445763e-01,-3.446299e+00
27.54229,9.839613e-01,-1.813730e+01,6.313967e-02,7.765940e+01,6.313966e-02,7.765682e+01,9.442068e-01,-3.774318e+00
30.19952,9.818895e-01,-1.984876e+01,6.897105e-02,7.649844e+01,6.897104e-02,7.649608e+01,9.437686e-01,-4.132633e+00
33.11311,9.794332e-01,-2.171356e+01,7.528635e-02,7.523470e+01,7.528634e-02,7.523255e+01,9.432502e-01,-4.523777e+00
36.30781,9.765288e-01,-2.374297e+01,8.210948e-02,7.386100e+01,8.210947e-02,7.385904e+01,9.426389e-01,-4.950425e+00
39.81072,9.731055e-01,-2.594838e+01,8.946064e-02,7.237017e+01,8.946062e-02,7.236838e+01,9.419205e-01,-5.415385e+00
43.65158,9.690855e-01,-2.834104e+01,9.735458e-02,7.075530e+01,9.735457e-02,7.075367e+01,9.410801e-01,-5.921587e+00
47.86301,9.643856e-01,-3.093174e+01,1.057987e-01,6.900995e+01,1.057987e-01,6.900846e+01,9.401018e-01,-6.472075e+00
52.48075,9.589186e-01,-3.373048e+01,1.147908e-01,6.712841e+01,1.147908e-01,6.712706e+01,9.389697e-01,-7.069987e+00
57.54399,9.525968e-01,-3.674595e+01,1.243166e-01,6.510608e+01,1.243166e-01,6.510484e+01,9.376687e-01,-7.718554e+00
63.09573,9.453364e-01,-3.998502e+01,1.343472e-01,6.293975e+01,1.343472e-01,6.293862e+01,9.361852e-01,-8.421098e+00
69.18310,9.370630e-01,-4.345215e+01,1.448371e-01,6.062804e+01,1.448371e-01,6.062702e+01,9.345091e-01,-9.181049e+00
75.85776,9.277184e-01,-4.714871e+01,1.557219e-01,5.817179e+01,1.557219e-01,5.817086e+01,9.326347e-01,-1.000199e+01
83.17638,9.172689e-01,-5.107237e+01,1.669178e-01,5.557434e+01,1.669177e-01,5.557349e+01,9.305629e-01,-1.088770e+01
91.20108,9.057133e-01,-5.521645e+01,1.783215e-01,5.284181e+01,1.783215e-01,5.284103e+01,9.283025e-01,-1.184232e+01
100.00000,8.930903e-01,-5.956947e+01,1.898121e-01,4.998318e+01,1.898121e-01,4.998246e+01,9.258719e-01,-1.287042e+01
109.64782,8.794843e-01,-6.411478e+01,2.012546e-01,4.701023e+01,2.012546e-01,4.700959e+01,9.232992e-01,-1.397725e+01
120.22644,8.650279e-01,-6.883047e+01,2.125045e-01,4.393727e+01,2.125044e-01,4.393668e+01,9.206228e-01,-1.516887e+01
131.82567,8.499004e-01,-7.368958e+01,2.234145e-01,4.078055e+01,2.234145e-01,4.078001e+01,9.178902e-01,-1.645239e+01
144.54398,8.343212e-01,-7.866057e+01,2.338414e-01,3.755762e+01,2.338414e-01,3.755713e+01,9.151558e-01,-1.783612e+01
158.48932,8.185390e-01,-8.370810e+01,2.436526e-01,3.428642e+01,2.436526e-01,3.428597e+01,9.124784e-01,-1.932966e+01
173.78008,8.028171e-01,-8.879412e+01,2.527321e-01,3.098441e+01,2.527321e-01,3.098400e+01,9.099179e-01,-2.094394e+01
190.54607,7.874175e-01,-9.387909e+01,2.609844e-01,2.766764e+01,2.609844e-01,2.766727e+01,9.075323e-01,-2.269111e+01
208.92961,7.725849e-01,-9.892339e+01,2.683361e-01,2.435007e+01,2.683361e-01,2.434973e+01,9.053749e-01,-2.458439e+01
229.08677,7.585331e-01,-1.038887e+02,2.747358e-01,2.104295e+01,2.747358e-01,2.104263e+01,9.034929e-01,-2.663779e+01
251.18864,7.454355e-01,-1.087391e+02,2.801516e-01,1.775453e+01,2.801516e-01,1.775425e+01,9.019258e-01,-2.886573e+01
275.42287,7.334198e-01,-1.134427e+02,2.845674e-01,1.449006e+01,2.845674e-01,1.448981e+01,9.007059e-01,-3.128265e+01
301.99517,7.225677e-01,-1.179719e+02,2.879784e-01,1.125191e+01,2.879783e-01,1.125168e+01,8.998587e-01,-3.390250e+01
331.13112,7.129178e-01,-1.223043e+02,2.903865e-01,8.039984e+00,2.903864e-01,8.039769e+00,8.994041e-01,-3.673824e+01
363.07805,7.044719e-01,-1.264229e+02,2.917965e-01,4.852274e+00,2.917964e-01,4.852078e+00,8.993571e-01,-3.980120e+01
398.10717,6.972015e-01,-1.303163e+02,2.922128e-01,1.685518e+00,2.922127e-01,1.685339e+00,8.997290e-01,-4.310048e+01
436.51583,6.910559e-01,-1.339780e+02,2.916375e-01,-1.464073e+00,2.916375e-01,-1.464235e+00,9.005273e-01,-4.664222e+01
478.63009,6.859683e-01,-1.374064e+02,2.900702e-01,-4.600043e+00,2.900701e-01,-4.600192e+00,9.017559e-01,-5.042884e+01
524.80746,6.818621e-01,-1.406039e+02,2.875082e-01,-7.724939e+00,2.875081e-01,-7.725074e+00,9.034139e-01,-5.445831e+01
575.43994,6.786547e-01,-1.435763e+02,2.839495e-01,-1.083958e+01,2.839494e-01,-1.083971e+01,9.054940e-01,-5.872339e+01
630.95734,6.762606e-01,-1.463322e+02,2.793955e-01,-1.394244e+01,2.793955e-01,-1.394255e+01,9.079813e-01,-6.321106e+01
691.83097,6.745932e-01,-1.488823e+02,2.738558e-01,-1.702909e+01,2.738558e-01,-1.702920e+01,9.108509e-01,-6.790212e+01
758.57758,6.735655e-01,-1.512386e+02,2.673521e-01,-2.009191e+01,2.673521e-01,-2.009200e+01,9.140668e-01,-7.277106e+01
831.76377,6.730912e-01,-1.534139e+02,2.599231e-01,-2.311990e+01,2.599231e-01,-2.311999e+01,9.175812e-01,-7.778637e+01
912.01084,6.730849e-01,-1.554211e+02,2.516275e-01,-2.609884e+01,2.516275e-01,-2.609891e+01,9.213348e-01,-8.291125e+01
1000.00000,6.734630e-01,-1.572726e+02,2.425461e-01,-2.901162e+01,2.425461e-01,-2.901169e+01,9.252587e-01,-8.810473e+01
1096.47820,6.741451e-01,-1.589805e+02,2.327817e-01,-3.183888e+01,2.327816e-01,-3.183894e+01,9.292776e-01,-9.332321e+01
1202.26443,6.750552e-01,-1.605556e+02,2.224564e-01,-3.455979e+01,2.224564e-01,-3.455984e+01,9.333138e-01,-9.852219e+01
1318.25674,6.761240e-01,-1.620078e+02,2.117077e-01,-3.715294e+01,2.117077e-01,-3.715299e+01,9.372918e-01,-1.036581e+02
1445.43977,6.772899e-01,-1.633456e+02,2.006820e-01,-3.959731e+01,2.006820e-01,-3.959736e+01,9.411425e-01,-1.086902e+02
1584.89319,6.785007e-01,-1.645766e+02,1.895277e-01,-4.187308e+01,1.895277e-01,-4.187313e+01,9.448074e-01,-1.135818e+02
1737.80083,6.797144e-01,-1.657073e+02,1.783890e-01,-4.396237e+01,1.783890e-01,-4.396241e+01,9.482405e-01,-1.183016e+02
1905.46072,6.808992e-01,-1.667436e+02,1.673992e-01,-4.584973e+01,1.673992e-01,-4.584977e+01,9.514095e-01,-1.228240e+02
2089.29613,6.820328e-01,-1.676904e+02,1.566766e-01,-4.752251e+01,1.566766e-01,-4.752254e+01,9.542957e-01,-1.271299e+02
2290.86765,6.831022e-01,-1.685524e+02,1.463212e-01,-4.897096e+01,1.463212e-01,-4.897099e+01,9.568926e-01,-1.312060e+02
2511.88643,6.841015e-01,-1.693337e+02,1.364138e-01,-5.018827e+01,1.364138e-01,-5.018830e+01,9.592040e-01,-1.350447e+02
2754.22870,6.850314e-01,-1.700380e+02,1.270155e-01,-5.117046e+01,1.270155e-01,-5.117049e+01,9.612415e-01,-1.386432e+02
3019.95172,6.858976e-01,-1.706690e+02,1.181692e-01,-5.191629e+01,1.181692e-01,-5.191631e+01,9.630226e-01,-1.420031e+02
3311.31121,6.867097e-01,-1.712300e+02,1.099017e-01,-5.242714e+01,1.099017e-01,-5.242716e+01,9.645681e-01,-1.451289e+02
3630.78055,6.874801e-01,-1.717240e+02,1.022253e-01,-5.270702e+01,1.022253e-01,-5.270704e+01,9.659009e-01,-1.480283e+02
3981.07171,6.882238e-01,-1.721540e+02,9.514096e-02,-5.276254e+01,9.514095e-02,-5.276256e+01,9.670440e-01,-1.507104e+02
4365.15832,6.889576e-01,-1.725225e+02,8.863980e-02,-5.260303e+01,8.863979e-02,-5.260304e+01,9.680200e-01,-1.531861e+02
4786.30092,6.897001e-01,-1.728321e+02,8.270563e-02,-5.224067e+01,8.270562e-02,-5.224068e+01,9.688504e-01,-1.554667e+02
5248.07460,6.904716e-01,-1.730849e+02,7.731649e-02,-5.169069e+01,7.731648e-02,-5.169070e+01,9.695548e-01,-1.575643e+02
5754.39937,6.912945e-01,-1.732827e+02,7.244609e-02,-5.097145e+01,7.244608e-02,-5.097146e+01,9.701510e-01,-1.594907e+02
6309.57344,6.921933e-01,-1.734275e+02,6.806498e-02,-5.010456e+01,6.806497e-02,-5.010457e+01,9.706550e-01,-1.612579e+02
6918.30971,6.931951e-01,-1.735207e+02,6.414144e-02,-4.911477e+01,6.414144e-02,-4.911477e+01,9.710807e-01,-1.628774e+02
7585.77575,6.943305e-01,-1.735637e+02,6.064224e-02,-4.802968e+01,6.064224e-02,-4.802968e+01,9.714404e-01,-1.643602e+02
8317.63771,6.956334e-01,-1.735579e+02,5.753316e-02,-4.687933e+01,5.753315e-02,-4.687933e+01,9.717448e-01,-1.657170e+02
9120.10839,6.971426e-01,-1.735045e+02,5.477949e-02,-4.569547e+01,5.477948e-02,-4.569548e+01,9.720031e-01,-1.669576e+02
10000.00000,6.989015e-01,-1.734049e+02,5.234644e-02,-4.451078e+01,5.234644e-02,-4.451078e+01,9.722233e-01,-1.680914e+02
