! ! 
! S ! 
! ! 
! # MHz  S  MA  R  50.00000
! ! ===================================================================
1.00000,9.941931e-01,-6.637727e-01,2.333455e-03,8.960648e+01,2.333454e-03,8.954782e+01,9.464689e-01,-1.378899e-01
1.09648,9.941902e-01,-7.278104e-01,2.558570e-03,8.955766e+01,2.558568e-03,8.950415e+01,9.464683e-01,-1.511910e-01
1.20226,9.941867e-01,-7.980257e-01,2.805398e-03,8.950508e+01,2.805397e-03,8.945628e+01,9.464676e-01,-1.657755e-01
1.31826,9.941824e-01,-8.750144e-01,3.076035e-03,8.944830e+01,3.076033e-03,8.940380e+01,9.464667e-01,-1.817672e-01
1.44544,9.941774e-01,-9.594299e-01,3.372775e-03,8.938684e+01,3.372773e-03,8.934625e+01,9.464656e-01,-1.993016e-01
1.58489,9.941713e-01,-1.051988e+00,3.698134e-03,8.932018e+01,3.698133e-03,8.928316e+01,9.464643e-01,-2.185276e-01
1.73780,9.941640e-01,-1.153474e+00,4.054871e-03,8.924774e+01,4.054870e-03,8.921398e+01,9.464627e-01,-2.396084e-01
1.90546,9.941551e-01,-1.264750e+00,4.446008e-03,8.916892e+01,4.446007e-03,8.913813e+01,9.464608e-01,-2.627227e-01
2.08930,9.941446e-01,-1.386757e+00,4.874860e-03,8.908306e+01,4.874858e-03,8.905497e+01,9.464585e-01,-2.880666e-01
2.29087,9.941318e-01,-1.520532e+00,5.345057e-03,8.898941e+01,5.345056e-03,8.896380e+01,9.464558e-01,-3.158551e-01
2.51189,9.941165e-01,-1.667207e+00,5.860580e-03,8.888718e+01,5.860579e-03,8.886383e+01,9.464525e-01,-3.463238e-01
2.75423,9.940981e-01,-1.828026e+00,6.425789e-03,8.877552e+01,6.425788e-03,8.875422e+01,9.464486e-01,-3.797310e-01
3.01995,9.940760e-01,-2.004350e+00,7.045463e-03,8.865347e+01,7.045462e-03,8.863405e+01,9.464438e-01,-4.163599e-01
3.31131,9.940494e-01,-2.197674e+00,7.724834e-03,8.852001e+01,7.724832e-03,8.850229e+01,9.464381e-01,-4.565206e-01
3.63078,9.940175e-01,-2.409632e+00,8.469634e-03,8.837400e+01,8.469632e-03,8.835784e+01,9.464313e-01,-5.005535e-01
3.98107,9.939791e-01,-2.642018e+00,9.286138e-03,8.821420e+01,9.286137e-03,8.819947e+01,9.464231e-01,-5.488312e-01
4.36516,9.939329e-01,-2.896795e+00,1.018122e-02,8.803928e+01,1.018122e-02,8.802584e+01,9.464132e-01,-6.017621e-01
4.78630,9.938774e-01,-3.176114e+00,1.116239e-02,8.784775e+01,1.116239e-02,8.783549e+01,9.464013e-01,-6.597937e-01
5.24807,9.938107e-01,-3.482330e+00,1.223787e-02,8.763800e+01,1.223787e-02,8.762682e+01,9.463870e-01,-7.234163e-01
5.75440,9.937306e-01,-3.818024e+00,1.341666e-02,8.740827e+01,1.341666e-02,8.739807e+01,9.463698e-01,-7.931667e-01
6.30957,9.936343e-01,-4.186017e+00,1.470857e-02,8.715662e+01,1.470857e-02,8.714732e+01,9.463492e-01,-8.696328e-01
6.91831,9.935185e-01,-4.589398e+00,1.612433e-02,8.688095e+01,1.612433e-02,8.687247e+01,9.463244e-01,-9.534583e-01
7.58578,9.933795e-01,-5.031545e+00,1.767563e-02,8.657896e+01,1.767563e-02,8.657123e+01,9.462946e-01,-1.045347e+00
8.31764,9.932126e-01,-5.516149e+00,1.937522e-02,8.624813e+01,1.937522e-02,8.624108e+01,9.462589e-01,-1.146070e+00
9.12011,9.930120e-01,-6.047244e+00,2.123697e-02,8.588571e+01,2.123696e-02,8.587928e+01,9.462159e-01,-1.256470e+00
10.00000,9.927713e-01,-6.629230e+00,2.327594e-02,8.548872e+01,2.327594e-02,8.548285e+01,9.461644e-01,-1.377467e+00
10.96478,9.924823e-01,-7.266909e+00,2.550849e-02,8.505389e+01,2.550849e-02,8.504854e+01,9.461025e-01,-1.510066e+00
12.02264,9.921354e-01,-7.965509e+00,2.795231e-02,8.457768e+01,2.795230e-02,8.457280e+01,9.460283e-01,-1.655364e+00
13.18257,9.917194e-01,-8.730718e+00,3.062647e-02,8.405623e+01,3.062646e-02,8.405178e+01,9.459393e-01,-1.814558e+00
14.45440,9.912207e-01,-9.568714e+00,3.355149e-02,8.348537e+01,3.355149e-02,8.348131e+01,9.458327e-01,-1.988950e+00
15.84893,9.906230e-01,-1.048619e+01,3.674936e-02,8.286058e+01,3.674936e-02,8.285688e+01,9.457050e-01,-2.179955e+00
17.37801,9.899072e-01,-1.149039e+01,4.024348e-02,8.217699e+01,4.024348e-02,8.217362e+01,9.455521e-01,-2.389112e+00
19.05461,9.890508e-01,-1.258912e+01,4.405863e-02,8.142937e+01,4.405862e-02,8.142629e+01,9.453693e-01,-2.618085e+00
20.89296,9.880269e-01,-1.379077e+01,4.822082e-02,8.061209e+01,4.822082e-02,8.060928e+01,9.451510e-01,-2.868677e+00
22.90868,9.868043e-01,-1.510431e+01,5.275710e-02,7.971918e+01,5.275709e-02,7.971662e+01,9.448906e-01,-3.142828e+00
25.11886,9.853464e-01,-1.653928e+01,5.769519e-02,7.874433e+01,5.769518e-02,7.874199e+01,9.445805e-01,-3.442628e+00
27.54229,9.836106e-01,-1.810578e+01,6.306307e-02,7.768087e+01,6.306306e-02,7.767874e+01,9.442118e-01,-3.770311e+00
30.19952,9.815478e-01,-1.981441e+01,6.888831e-02,7.652189e+01,6.888831e-02,7.651995e+01,9.437745e-01,-4.128263e+00
33.11311,9.791021e-01,-2.167616e+01,7.519724e-02,7.526029e+01,7.519723e-02,7.525852e+01,9.432571e-01,-4.519015e+00
36.30781,9.762101e-01,-2.370230e+01,8.201385e-02,7.388884e+01,8.201384e-02,7.388723e+01,9.426469e-01,-4.945240e+00
39.81072,9.728011e-01,-2.590423e+01,8.935842e-02,7.240041e+01,8.935841e-02,7.239893e+01,9.419299e-01,-5.409747e+00
43.65158,9.687977e-01,-2.829319e+01,9.724588e-02,7.078806e+01,9.724587e-02,7.078671e+01,9.410909e-01,-5.915466e+00
47.86301,9.641166e-01,-3.088001e+01,1.056838e-01,6.904534e+01,1.056838e-01,6.904411e+01,9.401142e-01,-6.465436e+00
52.48075,9.586710e-01,-3.367468e+01,1.146701e-01,6.716653e+01,1.146701e-01,6.716542e+01,9.389838e-01,-7.062799e+00
57.54399,9.523731e-01,-3.668594e+01,1.241909e-01,6.514699e+01,1.241909e-01,6.514597e+01,9.376845e-01,-7.710784e+00
63.09573,9.451392e-01,-3.992070e+01,1.342176e-01,6.298348e+01,1.342176e-01,6.298255e+01,9.362028e-01,-8.412711e+00
69.18310,9.368944e-01,-4.338347e+01,1.447048e-01,6.067460e+01,1.447048e-01,6.067375e+01,9.345283e-01,-9.172009e+00
75.85776,9.275806e-01,-4.707568e+01,1.555888e-01,5.822110e+01,1.555888e-01,5.822033e+01,9.326553e-01,-9.992252e+00
83.17638,9.171633e-01,-5.099509e+01,1.667859e-01,5.562629e+01,1.667858e-01,5.562559e+01,9.305845e-01,-1.087723e+01
91.20108,9.056406e-01,-5.513511e+01,1.781932e-01,5.289622e+01,1.781932e-01,5.289558e+01,9.283246e-01,-1.183106e+01
100.00000,8.930503e-01,-5.948434e+01,1.896901e-01,5.003982e+01,1.896901e-01,5.003923e+01,9.258937e-01,-1.285830e+01
109.64782,8.794759e-01,-6.402624e+01,2.011416e-01,4.706882e+01,2.011416e-01,4.706828e+01,9.233199e-01,-1.396419e+01
120.22644,8.650489e-01,-6.873900e+01,2.124034e-01,4.399745e+01,2.124034e-01,4.399696e+01,9.206414e-01,-1.515478e+01
131.82567,8.499475e-01,-7.359574e+01,2.233280e-01,4.084195e+01,2.233280e-01,4.084151e+01,9.179055e-01,-1.643715e+01
144.54398,8.343903e-01,-7.856501e+01,2.337720e-01,3.761985e+01,2.337720e-01,3.761944e+01,9.151666e-01,-1.781959e+01
158.48932,8.186252e-01,-8.361151e+01,2.436024e-01,3.434908e+01,2.436024e-01,3.434871e+01,9.124837e-01,-1.931167e+01
173.78008,8.029152e-01,-8.869723e+01,2.527027e-01,3.104711e+01,2.527027e-01,3.104677e+01,9.099166e-01,-2.092430e+01
190.54607,7.875224e-01,-9.378265e+01,2.609769e-01,2.773005e+01,2.609769e-01,2.772975e+01,9.075235e-01,-2.266961e+01
208.92961,7.726917e-01,-9.882812e+01,2.683511e-01,2.441189e+01,2.683510e-01,2.441161e+01,9.053581e-01,-2.456081e+01
229.08677,7.586373e-01,-1.037952e+02,2.747733e-01,2.110393e+01,2.747733e-01,2.110368e+01,9.034675e-01,-2.661189e+01
251.18864,7.455335e-01,-1.086482e+02,2.802114e-01,1.781452e+01,2.802113e-01,1.781428e+01,9.018917e-01,-2.883728e+01
275.42287,7.335087e-01,-1.133547e+02,2.846487e-01,1.454893e+01,2.846487e-01,1.454871e+01,9.006631e-01,-3.125142e+01
301.99517,7.226455e-01,-1.178874e+02,2.880804e-01,1.130959e+01,2.880804e-01,1.130940e+01,8.998073e-01,-3.386829e+01
331.13112,7.129833e-01,-1.222235e+02,2.905082e-01,8.096475e+00,2.905082e-01,8.096298e+00,8.993444e-01,-3.670084e+01
363.07805,7.045246e-01,-1.263462e+02,2.919369e-01,4.907600e+00,2.919369e-01,4.907439e+00,8.992896e-01,-3.976047e+01
398.10717,6.972413e-01,-1.302438e+02,2.923709e-01,1.739729e+00,2.923708e-01,1.739582e+00,8.996541e-01,-4.305629e+01
436.51583,6.910833e-01,-1.339098e+02,2.918123e-01,-1.410915e+00,2.918123e-01,-1.411049e+00,9.004456e-01,-4.659451e+01
478.63009,6.859841e-01,-1.373424e+02,2.902607e-01,-4.547880e+00,2.902607e-01,-4.548002e+00,9.016681e-01,-5.037760e+01
524.80746,6.818673e-01,-1.405439e+02,2.877136e-01,-7.673727e+00,2.877135e-01,-7.673838e+00,9.033205e-01,-5.440360e+01
575.43994,6.786504e-01,-1.435203e+02,2.841688e-01,-1.078931e+01,2.841688e-01,-1.078941e+01,9.053959e-01,-5.866535e+01
630.95734,6.762482e-01,-1.462801e+02,2.796279e-01,-1.389312e+01,2.796278e-01,-1.389321e+01,9.078793e-01,-6.314991e+01
691.83097,6.745738e-01,-1.488339e+02,2.741001e-01,-1.698079e+01,2.741001e-01,-1.698088e+01,9.107460e-01,-6.783817e+01
758.57758,6.735406e-01,-1.511936e+02,2.676071e-01,-2.004474e+01,2.676071e-01,-2.004482e+01,9.139601e-01,-7.270472e+01
831.76377,6.730620e-01,-1.533721e+02,2.601874e-01,-2.307403e+01,2.601873e-01,-2.307410e+01,9.174738e-01,-7.771811e+01
912.01084,6.730527e-01,-1.553822e+02,2.518993e-01,-2.605448e+01,2.518993e-01,-2.605454e+01,9.212279e-01,-8.284161e+01
1000.00000,6.734290e-01,-1.572366e+02,2.428236e-01,-2.896902e+01,2.428235e-01,-2.896908e+01,9.251537e-01,-8.803431e+01
1096.47820,6.741104e-01,-1.589471e+02,2.330626e-01,-3.179833e+01,2.330625e-01,-3.179838e+01,9.291757e-01,-9.325262e+01
1202.26443,6.750209e-01,-1.605246e+02,2.227385e-01,-3.452159e+01,2.227384e-01,-3.452164e+01,9.332162e-01,-9.845206e+01
1318.25674,6.760909e-01,-1.619790e+02,2.119885e-01,-3.711740e+01,2.119884e-01,-3.711744e+01,9.371994e-01,-1.035891e+02
1445.43977,6.772587e-01,-1.633190e+02,2.009590e-01,-3.956472e+01,2.009590e-01,-3.956476e+01,9.410563e-01,-1.086228e+02
1584.89319,6.784720e-01,-1.645520e+02,1.897988e-01,-4.184373e+01,1.897988e-01,-4.184376e+01,9.447279e-01,-1.135164e+02
1737.80083,6.796885e-01,-1.656847e+02,1.786520e-01,-4.393650e+01,1.786520e-01,-4.393653e+01,9.481680e-01,-1.182386e+02
1905.46072,6.808762e-01,-1.667228e+02,1.676524e-01,-4.582756e+01,1.676523e-01,-4.582759e+01,9.513441e-01,-1.227638e+02
2089.29613,6.820128e-01,-1.676713e+02,1.569184e-01,-4.750422e+01,1.569184e-01,-4.750424e+01,9.542374e-01,-1.270727e+02
2290.86765,6.830851e-01,-1.685349e+02,1.465506e-01,-4.895669e+01,1.465506e-01,-4.895671e+01,9.568410e-01,-1.311520e+02
2511.88643,6.840871e-01,-1.693177e+02,1.366300e-01,-5.017811e+01,1.366299e-01,-5.017813e+01,9.591587e-01,-1.349940e+02
2754.22870,6.850196e-01,-1.700235e+02,1.272179e-01,-5.116446e+01,1.272179e-01,-5.116448e+01,9.612021e-01,-1.385958e+02
3019.95172,6.858880e-01,-1.706559e+02,1.183577e-01,-5.191446e+01,1.183577e-01,-5.191448e+01,9.629885e-01,-1.419588e+02
3311.31121,6.867019e-01,-1.712182e+02,1.100762e-01,-5.242947e+01,1.100762e-01,-5.242949e+01,9.645388e-01,-1.450878e+02
3630.78055,6.874739e-01,-1.717134e+02,1.023862e-01,-5.271344e+01,1.023862e-01,-5.271345e+01,9.658758e-01,-1.479902e+02
3981.07171,6.882187e-01,-1.721446e+02,9.528850e-02,-5.277293e+01,9.528849e-02,-5.277294e+01,9.670226e-01,-1.506752e+02
4365.15832,6.889534e-01,-1.725143e+02,8.877454e-02,-5.261723e+01,8.877453e-02,-5.261724e+01,9.680019e-01,-1.531536e+02
4786.30092,6.896964e-01,-1.728249e+02,8.282816e-02,-5.225847e+01,8.282815e-02,-5.225848e+01,9.688350e-01,-1.554368e+02
5248.07460,6.904681e-01,-1.730787e+02,7.742746e-02,-5.171180e+01,7.742746e-02,-5.171181e+01,9.695418e-01,-1.575368e+02
5754.39937,6.912907e-01,-1.732775e+02,7.254620e-02,-5.099555e+01,7.254620e-02,-5.099556e+01,9.701400e-01,-1.594655e+02
6309.57344,6.921888e-01,-1.734232e+02,6.815496e-02,-5.013126e+01,6.815495e-02,-5.013127e+01,9.706457e-01,-1.612348e+02
6918.30971,6.931895e-01,-1.735173e+02,6.422203e-02,-4.914360e+01,6.422203e-02,-4.914361e+01,9.710728e-01,-1.628562e+02
7585.77575,6.943233e-01,-1.735611e+02,6.071419e-02,-4.806015e+01,6.071418e-02,-4.806015e+01,9.714338e-01,-1.643408e+02
8317.63771,6.956243e-01,-1.735561e+02,5.759720e-02,-4.691088e+01,5.759720e-02,-4.691089e+01,9.717392e-01,-1.656993e+02
9120.10839,6.971308e-01,-1.735035e+02,5.483637e-02,-4.572755e+01,5.483637e-02,-4.572755e+01,9.719984e-01,-1.669414e+02
10000.00000,6.988865e-01,-1.734046e+02,5.239689e-02,-4.454279e+01,5.239689e-02,-4.454279e+01,9.722193e-01,-1.680766e+02
