! ! 
! S ! 
! ! 
! # MHz  S  MA  R  50.00000
! ! ===================================================================
1.00000,9.947446e-01,-6.654189e-01,2.287065e-03,8.962483e+01,2.287062e-03,8.954812e+01,9.043010e-01,-1.383480e-01
1.09648,9.947417e-01,-7.296154e-01,2.507703e-03,8.957445e+01,2.507701e-03,8.950448e+01,9.043004e-01,-1.516933e-01
1.20226,9.947382e-01,-8.000049e-01,2.749625e-03,8.952045e+01,2.749623e-03,8.945665e+01,9.042997e-01,-1.663263e-01
1.31826,9.947340e-01,-8.771845e-01,3.014881e-03,8.946239e+01,3.014879e-03,8.940420e+01,9.042989e-01,-1.823710e-01
1.44544,9.947289e-01,-9.618093e-01,3.305721e-03,8.939976e+01,3.305719e-03,8.934669e+01,9.042979e-01,-1.999637e-01
1.58489,9.947228e-01,-1.054597e+00,3.624612e-03,8.933204e+01,3.624610e-03,8.928364e+01,9.042966e-01,-2.192536e-01
1.73780,9.947154e-01,-1.156335e+00,3.974256e-03,8.925865e+01,3.974254e-03,8.921451e+01,9.042951e-01,-2.404044e-01
1.90546,9.947066e-01,-1.267886e+00,4.357617e-03,8.917897e+01,4.357615e-03,8.913871e+01,9.042934e-01,-2.635955e-01
2.08930,9.946960e-01,-1.390196e+00,4.777942e-03,8.909232e+01,4.777940e-03,8.905561e+01,9.042912e-01,-2.890237e-01
2.29087,9.946832e-01,-1.524302e+00,5.238791e-03,8.899798e+01,5.238789e-03,8.896449e+01,9.042887e-01,-3.169045e-01
2.51189,9.946679e-01,-1.671341e+00,5.744064e-03,8.889513e+01,5.744063e-03,8.886459e+01,9.042856e-01,-3.474744e-01
2.75423,9.946494e-01,-1.832559e+00,6.298036e-03,8.878291e+01,6.298034e-03,8.875505e+01,9.042819e-01,-3.809926e-01
3.01995,9.946273e-01,-2.009321e+00,6.905389e-03,8.866036e+01,6.905387e-03,8.863496e+01,9.042774e-01,-4.177432e-01
3.31131,9.946006e-01,-2.203123e+00,7.571252e-03,8.852646e+01,7.571250e-03,8.850329e+01,9.042720e-01,-4.580374e-01
3.63078,9.945686e-01,-2.415607e+00,8.301242e-03,8.838007e+01,8.301241e-03,8.835894e+01,9.042656e-01,-5.022166e-01
3.98107,9.945301e-01,-2.648569e+00,9.101512e-03,8.821994e+01,9.101510e-03,8.820067e+01,9.042579e-01,-5.506547e-01
4.36516,9.944838e-01,-2.903977e+00,9.978793e-03,8.804474e+01,9.978791e-03,8.802716e+01,9.042486e-01,-6.037616e-01
4.78630,9.944282e-01,-3.183988e+00,1.094045e-02,8.785297e+01,1.094045e-02,8.783695e+01,9.042374e-01,-6.619861e-01
5.24807,9.943614e-01,-3.490963e+00,1.199455e-02,8.764303e+01,1.199455e-02,8.762842e+01,9.042239e-01,-7.258202e-01
5.75440,9.942810e-01,-3.827488e+00,1.314990e-02,8.741315e+01,1.314989e-02,8.739982e+01,9.042078e-01,-7.958025e-01
6.30957,9.941845e-01,-4.196392e+00,1.441611e-02,8.716140e+01,1.441611e-02,8.714924e+01,9.041883e-01,-8.725229e-01
6.91831,9.940686e-01,-4.600771e+00,1.580371e-02,8.688567e+01,1.580371e-02,8.687458e+01,9.041650e-01,-9.566272e-01
7.58578,9.939292e-01,-5.044011e+00,1.732415e-02,8.658365e+01,1.732415e-02,8.657354e+01,9.041370e-01,-1.048822e+00
8.31764,9.937619e-01,-5.529813e+00,1.898993e-02,8.625284e+01,1.898993e-02,8.624361e+01,9.041034e-01,-1.149880e+00
9.12011,9.935609e-01,-6.062219e+00,2.081464e-02,8.589048e+01,2.081463e-02,8.588206e+01,9.040630e-01,-1.260647e+00
10.00000,9.933196e-01,-6.645642e+00,2.281304e-02,8.549358e+01,2.281304e-02,8.548591e+01,9.040145e-01,-1.382047e+00
10.96478,9.930299e-01,-7.284893e+00,2.500116e-02,8.505890e+01,2.500115e-02,8.505190e+01,9.039563e-01,-1.515088e+00
12.02264,9.926824e-01,-7.985214e+00,2.739632e-02,8.458287e+01,2.739631e-02,8.457649e+01,9.038865e-01,-1.660871e+00
13.18257,9.922654e-01,-8.752304e+00,3.001723e-02,8.406166e+01,3.001722e-02,8.405584e+01,9.038028e-01,-1.820596e+00
14.45440,9.917656e-01,-9.592357e+00,3.288399e-02,8.349109e+01,3.288399e-02,8.348578e+01,9.037025e-01,-1.995570e+00
15.84893,9.911666e-01,-1.051208e+01,3.601814e-02,8.286665e+01,3.601813e-02,8.286181e+01,9.035823e-01,-2.187213e+00
17.37801,9.904493e-01,-1.151874e+01,3.944260e-02,8.218346e+01,3.944259e-02,8.217905e+01,9.034386e-01,-2.397070e+00
19.05461,9.895910e-01,-1.262015e+01,4.318165e-02,8.143631e+01,4.318164e-02,8.143228e+01,9.032667e-01,-2.626811e+00
20.89296,9.885649e-01,-1.382471e+01,4.726076e-02,8.061957e+01,4.726076e-02,8.061590e+01,9.030614e-01,-2.878243e+00
22.90868,9.873397e-01,-1.514142e+01,5.170643e-02,7.972730e+01,5.170642e-02,7.972395e+01,9.028166e-01,-3.153318e+00
25.11886,9.858787e-01,-1.657984e+01,5.654579e-02,7.875316e+01,5.654578e-02,7.875011e+01,9.025251e-01,-3.454128e+00
27.54229,9.841393e-01,-1.815009e+01,6.180623e-02,7.769053e+01,6.180622e-02,7.768775e+01,9.021786e-01,-3.782920e+00
30.19952,9.820724e-01,-1.986277e+01,6.751473e-02,7.653251e+01,6.751472e-02,7.652997e+01,9.017676e-01,-4.142088e+00
33.11311,9.796218e-01,-2.172889e+01,7.369704e-02,7.527200e+01,7.369703e-02,7.526968e+01,9.012816e-01,-4.534172e+00
36.30781,9.767243e-01,-2.375975e+01,8.037659e-02,7.390182e+01,8.037658e-02,7.389971e+01,9.007086e-01,-4.961860e+00
39.81072,9.733090e-01,-2.596674e+01,8.757319e-02,7.241486e+01,8.757317e-02,7.241293e+01,9.000355e-01,-5.427971e+00
43.65158,9.692985e-01,-2.836111e+01,9.530136e-02,7.080421e+01,9.530134e-02,7.080245e+01,8.992483e-01,-5.935449e+00
47.86301,9.646095e-01,-3.095367e+01,1.035684e-01,6.906348e+01,1.035684e-01,6.906187e+01,8.983324e-01,-6.487351e+00
52.48075,9.591552e-01,-3.375442e+01,1.123722e-01,6.718699e+01,1.123722e-01,6.718553e+01,8.972731e-01,-7.086835e+00
57.54399,9.528482e-01,-3.677207e+01,1.216989e-01,6.517015e+01,1.216989e-01,6.516882e+01,8.960566e-01,-7.737150e+00
63.09573,9.456046e-01,-4.001349e+01,1.315204e-01,6.300982e+01,1.315204e-01,6.300861e+01,8.946708e-01,-8.441641e+00
69.18310,9.373503e-01,-4.348313e+01,1.417922e-01,6.070466e+01,1.417922e-01,6.070355e+01,8.931066e-01,-9.203762e+00
75.85776,9.280272e-01,-4.718238e+01,1.524515e-01,5.825553e+01,1.524515e-01,5.825452e+01,8.913597e-01,-1.002712e+01
83.17638,9.176016e-01,-5.110889e+01,1.634165e-01,5.566583e+01,1.634165e-01,5.566491e+01,8.894321e-01,-1.091553e+01
91.20108,9.060723e-01,-5.525599e+01,1.745863e-01,5.294172e+01,1.745863e-01,5.294088e+01,8.873336e-01,-1.187315e+01
100.00000,8.934778e-01,-5.961216e+01,1.858428e-01,5.009224e+01,1.858428e-01,5.009148e+01,8.850831e-01,-1.290460e+01
109.64782,8.799021e-01,-6.416074e+01,1.970541e-01,4.712924e+01,1.970541e-01,4.712854e+01,8.827094e-01,-1.401513e+01
120.22644,8.654777e-01,-6.887981e+01,2.080792e-01,4.406706e+01,2.080792e-01,4.406642e+01,8.802514e-01,-1.521086e+01
131.82567,8.503831e-01,-7.374235e+01,2.187743e-01,4.092204e+01,2.187743e-01,4.092146e+01,8.777567e-01,-1.649891e+01
144.54398,8.348370e-01,-7.871679e+01,2.289996e-01,3.771177e+01,2.289995e-01,3.771124e+01,8.752805e-01,-1.788762e+01
158.48932,8.190873e-01,-8.376775e+01,2.386258e-01,3.445428e+01,2.386258e-01,3.445380e+01,8.728823e-01,-1.938659e+01
173.78008,8.033966e-01,-8.885712e+01,2.475400e-01,3.116709e+01,2.475399e-01,3.116665e+01,8.706235e-01,-2.100677e+01
190.54607,7.880257e-01,-9.394534e+01,2.556492e-01,2.786632e+01,2.556491e-01,2.786592e+01,8.685645e-01,-2.276029e+01
208.92961,7.732185e-01,-9.899273e+01,2.628824e-01,2.456598e+01,2.628824e-01,2.456561e+01,8.667620e-01,-2.466038e+01
229.08677,7.591878e-01,-1.039609e+02,2.691902e-01,2.127736e+01,2.691902e-01,2.127702e+01,8.652675e-01,-2.672098e+01
251.18864,7.461059e-01,-1.088141e+02,2.745422e-01,1.800876e+01,2.745421e-01,1.800846e+01,8.641266e-01,-2.895649e+01
275.42287,7.340999e-01,-1.135202e+02,2.789236e-01,1.476541e+01,2.789235e-01,1.476514e+01,8.633786e-01,-3.138127e+01
301.99517,7.232506e-01,-1.180516e+02,2.823307e-01,1.154966e+01,2.823306e-01,1.154941e+01,8.630573e-01,-3.400917e+01
331.13112,7.135961e-01,-1.223860e+02,2.847665e-01,8.361339e+00,2.847664e-01,8.361107e+00,8.631921e-01,-3.685302e+01
363.07805,7.051375e-01,-1.265064e+02,2.862366e-01,5.198303e+00,2.862366e-01,5.198093e+00,8.638083e-01,-3.992403e+01
398.10717,6.978463e-01,-1.304012e+02,2.867462e-01,2.057098e+00,2.867461e-01,2.056906e+00,8.649277e-01,-4.323108e+01
436.51583,6.916716e-01,-1.340639e+02,2.862978e-01,-1.066336e+00,2.862978e-01,-1.066511e+00,8.665685e-01,-4.678012e+01
478.63009,6.865469e-01,-1.374930e+02,2.848911e-01,-4.175899e+00,2.848910e-01,-4.176058e+00,8.687442e-01,-5.057332e+01
524.80746,6.823962e-01,-1.406906e+02,2.825230e-01,-7.274577e+00,2.825230e-01,-7.274723e+00,8.714621e-01,-5.460838e+01
575.43994,6.791376e-01,-1.436625e+02,2.791903e-01,-1.036372e+01,2.791903e-01,-1.036385e+01,8.747207e-01,-5.887784e+01
630.95734,6.766869e-01,-1.464174e+02,2.748924e-01,-1.344240e+01,2.748924e-01,-1.344252e+01,8.785073e-01,-6.336842e+01
691.83097,6.749591e-01,-1.489658e+02,2.696355e-01,-1.650685e+01,2.696355e-01,-1.650696e+01,8.827949e-01,-6.806073e+01
758.57758,6.738691e-01,-1.513197e+02,2.634369e-01,-1.955011e+01,2.634369e-01,-1.955021e+01,8.875400e-01,-7.292914e+01
831.76377,6.733326e-01,-1.534918e+02,2.563297e-01,-2.256187e+01,2.563297e-01,-2.256196e+01,8.926821e-01,-7.794209e+01
912.01084,6.732662e-01,-1.554950e+02,2.483661e-01,-2.552847e+01,2.483660e-01,-2.552855e+01,8.981433e-01,-8.306285e+01
1000.00000,6.735885e-01,-1.573421e+02,2.396196e-01,-2.843330e+01,2.396195e-01,-2.843338e+01,9.038315e-01,-8.825059e+01
1096.47820,6.742206e-01,-1.590451e+02,2.301856e-01,-3.125731e+01,2.301855e-01,-3.125738e+01,9.096442e-01,-9.346196e+01
1202.26443,6.750878e-01,-1.606150e+02,2.201793e-01,-3.397978e+01,2.201793e-01,-3.397984e+01,9.154744e-01,-9.865277e+01
1318.25674,6.761214e-01,-1.620618e+02,2.097320e-01,-3.657925e+01,2.097320e-01,-3.657930e+01,9.212172e-01,-1.037798e+02
1445.43977,6.772600e-01,-1.633942e+02,1.989852e-01,-3.903440e+01,1.989852e-01,-3.903445e+01,9.267759e-01,-1.088027e+02
1584.89319,6.784510e-01,-1.646200e+02,1.880840e-01,-4.132497e+01,1.880840e-01,-4.132502e+01,9.320678e-01,-1.136849e+02
1737.80083,6.796517e-01,-1.657458e+02,1.771707e-01,-4.343251e+01,1.771707e-01,-4.343255e+01,9.370272e-01,-1.183955e+02
1905.46072,6.808291e-01,-1.667775e+02,1.663783e-01,-4.534094e+01,1.663783e-01,-4.534098e+01,9.416079e-01,-1.229091e+02
2089.29613,6.819601e-01,-1.677202e+02,1.558259e-01,-4.703691e+01,1.558259e-01,-4.703694e+01,9.457827e-01,-1.272068e+02
2290.86765,6.830303e-01,-1.685785e+02,1.456154e-01,-4.851001e+01,1.456154e-01,-4.851004e+01,9.495415e-01,-1.312753e+02
2511.88643,6.840330e-01,-1.693564e+02,1.358298e-01,-4.975282e+01,1.358298e-01,-4.975285e+01,9.528892e-01,-1.351071e+02
2754.22870,6.849680e-01,-1.700578e+02,1.265329e-01,-5.076080e+01,1.265329e-01,-5.076082e+01,9.558421e-01,-1.386994e+02
3019.95172,6.858402e-01,-1.706863e+02,1.177704e-01,-5.153225e+01,1.177704e-01,-5.153228e+01,9.584247e-01,-1.420535e+02
3311.31121,6.866587e-01,-1.712450e+02,1.095717e-01,-5.206821e+01,1.095717e-01,-5.206823e+01,9.606668e-01,-1.451743e+02
3630.78055,6.874357e-01,-1.717371e+02,1.019516e-01,-5.237237e+01,1.019516e-01,-5.237239e+01,9.626008e-01,-1.480692e+02
3981.07171,6.881857e-01,-1.721654e+02,9.491312e-02,-5.245116e+01,9.491311e-02,-5.245117e+01,9.642601e-01,-1.507473e+02
4365.15832,6.889255e-01,-1.725326e+02,8.844936e-02,-5.231376e+01,8.844935e-02,-5.231377e+01,9.656771e-01,-1.532194e+02
4786.30092,6.896735e-01,-1.728409e+02,8.254568e-02,-5.197228e+01,8.254567e-02,-5.197230e+01,9.668825e-01,-1.554968e+02
5248.07460,6.904501e-01,-1.730925e+02,7.718143e-02,-5.144193e+01,7.718143e-02,-5.144194e+01,9.679047e-01,-1.575914e+02
5754.39937,6.912775e-01,-1.732894e+02,7.233141e-02,-5.074108e+01,7.233140e-02,-5.074109e+01,9.687696e-01,-1.595153e+02
6309.57344,6.921804e-01,-1.734332e+02,6.796703e-02,-4.989138e+01,6.796703e-02,-4.989139e+01,9.694999e-01,-1.612802e+02
6918.30971,6.931861e-01,-1.735256e+02,6.405730e-02,-4.891763e+01,6.405729e-02,-4.891764e+01,9.701160e-01,-1.628976e+02
7585.77575,6.943249e-01,-1.735680e+02,6.056952e-02,-4.784752e+01,6.056951e-02,-4.784753e+01,9.706355e-01,-1.643786e+02
8317.63771,6.956311e-01,-1.735615e+02,5.746992e-02,-4.671115e+01,5.746992e-02,-4.671116e+01,9.710739e-01,-1.657337e+02
9120.10839,6.971433e-01,-1.735075e+02,5.472416e-02,-4.554037e+01,5.472416e-02,-4.554038e+01,9.714444e-01,-1.669728e+02
10000.00000,6.989051e-01,-1.734074e+02,5.229773e-02,-4.436791e+01,5.229773e-02,-4.436791e+01,9.717585e-01,-1.681052e+02
