! ! 
! S ! 
! ! 
! # MHz  S  MA  R  50.00000
! ! ===================================================================
1.00000,9.944832e-01,-6.646248e-01,2.285551e-03,8.961615e+01,2.285549e-03,8.954866e+01,9.047590e-01,-1.382377e-01
1.09648,9.944803e-01,-7.287446e-01,2.506043e-03,8.956663e+01,2.506042e-03,8.950508e+01,9.047584e-01,-1.515725e-01
1.20226,9.944768e-01,-7.990500e-01,2.747805e-03,8.951343e+01,2.747803e-03,8.945730e+01,9.047577e-01,-1.661938e-01
1.31826,9.944726e-01,-8.761376e-01,3.012885e-03,8.945610e+01,3.012884e-03,8.940491e+01,9.047569e-01,-1.822257e-01
1.44544,9.944675e-01,-9.606614e-01,3.303533e-03,8.939416e+01,3.303532e-03,8.934747e+01,9.047558e-01,-1.998044e-01
1.58489,9.944614e-01,-1.053338e+00,3.622213e-03,8.932708e+01,3.622211e-03,8.928449e+01,9.047546e-01,-2.190789e-01
1.73780,9.944541e-01,-1.154955e+00,3.971626e-03,8.925428e+01,3.971624e-03,8.921545e+01,9.047531e-01,-2.402129e-01
1.90546,9.944453e-01,-1.266373e+00,4.354733e-03,8.917516e+01,4.354732e-03,8.913974e+01,9.047514e-01,-2.633855e-01
2.08930,9.944347e-01,-1.388537e+00,4.774781e-03,8.908904e+01,4.774779e-03,8.905673e+01,9.047492e-01,-2.887934e-01
2.29087,9.944220e-01,-1.522483e+00,5.235325e-03,8.899519e+01,5.235324e-03,8.896573e+01,9.047467e-01,-3.166520e-01
2.51189,9.944067e-01,-1.669347e+00,5.740264e-03,8.889281e+01,5.740263e-03,8.886594e+01,9.047436e-01,-3.471976e-01
2.75423,9.943883e-01,-1.830372e+00,6.293870e-03,8.878104e+01,6.293869e-03,8.875654e+01,9.047399e-01,-3.806891e-01
3.01995,9.943662e-01,-2.006923e+00,6.900822e-03,8.865894e+01,6.900820e-03,8.863659e+01,9.047354e-01,-4.174104e-01
3.31131,9.943397e-01,-2.200495e+00,7.566245e-03,8.852546e+01,7.566244e-03,8.850508e+01,9.047301e-01,-4.576726e-01
3.63078,9.943078e-01,-2.412725e+00,8.295755e-03,8.837949e+01,8.295753e-03,8.836090e+01,9.047236e-01,-5.018166e-01
3.98107,9.942694e-01,-2.645409e+00,9.095497e-03,8.821977e+01,9.095495e-03,8.820282e+01,9.047159e-01,-5.502161e-01
4.36516,9.942232e-01,-2.900512e+00,9.972200e-03,8.804498e+01,9.972199e-03,8.802952e+01,9.047066e-01,-6.032807e-01
4.78630,9.941678e-01,-3.180190e+00,1.093323e-02,8.785363e+01,1.093323e-02,8.783953e+01,9.046954e-01,-6.614589e-01
5.24807,9.941012e-01,-3.486799e+00,1.198663e-02,8.764411e+01,1.198663e-02,8.763125e+01,9.046820e-01,-7.252423e-01
5.75440,9.940211e-01,-3.822923e+00,1.314122e-02,8.741465e+01,1.314122e-02,8.740292e+01,9.046658e-01,-7.951689e-01
6.30957,9.939248e-01,-4.191388e+00,1.440661e-02,8.716334e+01,1.440661e-02,8.715264e+01,9.046464e-01,-8.718284e-01
6.91831,9.938092e-01,-4.595287e+00,1.579330e-02,8.688806e+01,1.579330e-02,8.687831e+01,9.046231e-01,-9.558658e-01
7.58578,9.936703e-01,-5.038000e+00,1.731275e-02,8.658652e+01,1.731275e-02,8.657762e+01,9.045952e-01,-1.047987e+00
8.31764,9.935035e-01,-5.523225e+00,1.897745e-02,8.625620e+01,1.897744e-02,8.624809e+01,9.045615e-01,-1.148966e+00
9.12011,9.933031e-01,-6.055000e+00,2.080097e-02,8.589437e+01,2.080097e-02,8.588697e+01,9.045212e-01,-1.259645e+00
10.00000,9.930626e-01,-6.637731e+00,2.279808e-02,8.549803e+01,2.279808e-02,8.549129e+01,9.044727e-01,-1.380948e+00
10.96478,9.927738e-01,-7.276226e+00,2.498480e-02,8.506394e+01,2.498479e-02,8.505779e+01,9.044146e-01,-1.513884e+00
12.02264,9.924273e-01,-7.975719e+00,2.737844e-02,8.458855e+01,2.737843e-02,8.458294e+01,9.043448e-01,-1.659552e+00
13.18257,9.920116e-01,-8.741906e+00,2.999769e-02,8.406802e+01,2.999769e-02,8.406290e+01,9.042612e-01,-1.819151e+00
14.45440,9.915132e-01,-9.580972e+00,3.286266e-02,8.349818e+01,3.286265e-02,8.349351e+01,9.041610e-01,-1.993988e+00
15.84893,9.909160e-01,-1.049962e+01,3.599486e-02,8.287452e+01,3.599486e-02,8.287026e+01,9.040410e-01,-2.185481e+00
17.37801,9.902009e-01,-1.150510e+01,3.941724e-02,8.219218e+01,3.941723e-02,8.218830e+01,9.038973e-01,-2.395174e+00
19.05461,9.893452e-01,-1.260523e+01,4.315405e-02,8.144594e+01,4.315404e-02,8.144239e+01,9.037256e-01,-2.624736e+00
20.89296,9.883222e-01,-1.380840e+01,4.723077e-02,8.063018e+01,4.723076e-02,8.062695e+01,9.035205e-01,-2.875974e+00
22.90868,9.871006e-01,-1.512359e+01,5.167389e-02,7.973896e+01,5.167388e-02,7.973602e+01,9.032759e-01,-3.150837e+00
25.11886,9.856439e-01,-1.656038e+01,5.651057e-02,7.876596e+01,5.651056e-02,7.876327e+01,9.029846e-01,-3.451418e+00
27.54229,9.839096e-01,-1.812885e+01,6.176820e-02,7.770455e+01,6.176820e-02,7.770210e+01,9.026383e-01,-3.779960e+00
30.19952,9.818486e-01,-1.983962e+01,6.747380e-02,7.654783e+01,6.747379e-02,7.654560e+01,9.022277e-01,-4.138858e+00
33.11311,9.794051e-01,-2.170369e+01,7.365314e-02,7.528872e+01,7.365313e-02,7.528668e+01,9.017420e-01,-4.530651e+00
36.30781,9.765157e-01,-2.373234e+01,8.032973e-02,7.392002e+01,8.032971e-02,7.391816e+01,9.011694e-01,-4.958024e+00
39.81072,9.731099e-01,-2.593698e+01,8.752342e-02,7.243462e+01,8.752341e-02,7.243292e+01,9.004967e-01,-5.423797e+00
43.65158,9.691103e-01,-2.832886e+01,9.524885e-02,7.082562e+01,9.524884e-02,7.082407e+01,8.997099e-01,-5.930913e+00
47.86301,9.644338e-01,-3.091880e+01,1.035134e-01,6.908660e+01,1.035134e-01,6.908519e+01,8.987944e-01,-6.482428e+00
52.48075,9.589937e-01,-3.371681e+01,1.123152e-01,6.721188e+01,1.123152e-01,6.721060e+01,8.977355e-01,-7.081499e+00
57.54399,9.527024e-01,-3.673162e+01,1.216404e-01,6.519686e+01,1.216404e-01,6.519569e+01,8.965192e-01,-7.731376e+00
63.09573,9.454763e-01,-3.997012e+01,1.314612e-01,6.303836e+01,1.314612e-01,6.303729e+01,8.951335e-01,-8.435400e+00
69.18310,9.372409e-01,-4.343682e+01,1.417333e-01,6.073502e+01,1.417333e-01,6.073404e+01,8.935692e-01,-9.197025e+00
75.85776,9.279380e-01,-4.713313e+01,1.523941e-01,5.828766e+01,1.523941e-01,5.828677e+01,8.918220e-01,-1.001985e+01
83.17638,9.175336e-01,-5.105677e+01,1.633620e-01,5.569965e+01,1.633620e-01,5.569883e+01,8.898936e-01,-1.090770e+01
91.20108,9.060259e-01,-5.520111e+01,1.745363e-01,5.297710e+01,1.745363e-01,5.297636e+01,8.877937e-01,-1.186472e+01
100.00000,8.934529e-01,-5.955472e+01,1.857990e-01,5.012902e+01,1.857990e-01,5.012835e+01,8.855412e-01,-1.289551e+01
109.64782,8.798980e-01,-6.410100e+01,1.970184e-01,4.716721e+01,1.970183e-01,4.716660e+01,8.831647e-01,-1.400534e+01
120.22644,8.654927e-01,-6.881807e+01,2.080533e-01,4.410599e+01,2.080532e-01,4.410543e+01,8.807030e-01,-1.520028e+01
131.82567,8.504150e-01,-7.367900e+01,2.187599e-01,4.096166e+01,2.187598e-01,4.096115e+01,8.782038e-01,-1.648747e+01
144.54398,8.348831e-01,-7.865225e+01,2.289981e-01,3.775182e+01,2.289981e-01,3.775135e+01,8.757219e-01,-1.787520e+01
158.48932,8.191444e-01,-8.370250e+01,2.386386e-01,3.449448e+01,2.386386e-01,3.449405e+01,8.733171e-01,-1.937308e+01
173.78008,8.034612e-01,-8.879165e+01,2.475679e-01,3.120716e+01,2.475679e-01,3.120677e+01,8.710509e-01,-2.099203e+01
190.54607,7.880945e-01,-9.388014e+01,2.556927e-01,2.790603e+01,2.556927e-01,2.790568e+01,8.689834e-01,-2.274418e+01
208.92961,7.732881e-01,-9.892830e+01,2.629417e-01,2.460512e+01,2.629417e-01,2.460479e+01,8.671717e-01,-2.464273e+01
229.08677,7.592553e-01,-1.038977e+02,2.692651e-01,2.131575e+01,2.692650e-01,2.131546e+01,8.656674e-01,-2.670165e+01
251.18864,7.461690e-01,-1.087525e+02,2.746321e-01,1.804628e+01,2.746321e-01,1.804601e+01,8.645159e-01,-2.893530e+01
275.42287,7.341566e-01,-1.134606e+02,2.790279e-01,1.480197e+01,2.790279e-01,1.480172e+01,8.637566e-01,-3.135806e+01
301.99517,7.232997e-01,-1.179943e+02,2.824485e-01,1.158520e+01,2.824485e-01,1.158498e+01,8.634236e-01,-3.398380e+01
331.13112,7.136369e-01,-1.223312e+02,2.848969e-01,8.395840e+00,2.848969e-01,8.395636e+00,8.635460e-01,-3.682537e+01
363.07805,7.051698e-01,-1.264543e+02,2.863786e-01,5.231779e+00,2.863786e-01,5.231593e+00,8.641491e-01,-3.989398e+01
398.10717,6.978701e-01,-1.303519e+02,2.868988e-01,2.089574e+00,2.868988e-01,2.089405e+00,8.652546e-01,-4.319857e+01
436.51583,6.916873e-01,-1.340175e+02,2.864601e-01,-1.034820e+00,2.864601e-01,-1.034975e+00,8.668808e-01,-4.674509e+01
478.63009,6.865551e-01,-1.374494e+02,2.850621e-01,-4.145304e+00,2.850621e-01,-4.145444e+00,8.690410e-01,-5.053579e+01
524.80746,6.823975e-01,-1.406497e+02,2.827019e-01,-7.244867e+00,2.827019e-01,-7.244995e+00,8.717425e-01,-5.456841e+01
575.43994,6.791330e-01,-1.436244e+02,2.793763e-01,-1.033487e+01,2.793762e-01,-1.033499e+01,8.749839e-01,-5.883553e+01
630.95734,6.766772e-01,-1.463819e+02,2.750845e-01,-1.341441e+01,2.750844e-01,-1.341451e+01,8.787524e-01,-6.332396e+01
691.83097,6.749452e-01,-1.489327e+02,2.698328e-01,-1.647973e+01,2.698327e-01,-1.647983e+01,8.830213e-01,-6.801435e+01
758.57758,6.738518e-01,-1.512889e+02,2.636384e-01,-1.952392e+01,2.636384e-01,-1.952401e+01,8.877473e-01,-7.288114e+01
831.76377,6.733129e-01,-1.534632e+02,2.565344e-01,-2.253667e+01,2.565344e-01,-2.253675e+01,8.928701e-01,-7.789283e+01
912.01084,6.732449e-01,-1.554685e+02,2.485728e-01,-2.550437e+01,2.485727e-01,-2.550444e+01,8.983122e-01,-8.301271e+01
1000.00000,6.735663e-01,-1.573176e+02,2.398270e-01,-2.841041e+01,2.398270e-01,-2.841048e+01,9.039817e-01,-8.820001e+01
1096.47820,6.741982e-01,-1.590223e+02,2.303924e-01,-3.123577e+01,2.303924e-01,-3.123584e+01,9.097765e-01,-9.341138e+01
1202.26443,6.750658e-01,-1.605939e+02,2.203842e-01,-3.395976e+01,2.203842e-01,-3.395982e+01,9.155899e-01,-9.860263e+01
1318.25674,6.761004e-01,-1.620422e+02,2.099335e-01,-3.656090e+01,2.099335e-01,-3.656095e+01,9.213171e-01,-1.037305e+02
1445.43977,6.772403e-01,-1.633761e+02,1.991820e-01,-3.901788e+01,1.991820e-01,-3.901792e+01,9.268617e-01,-1.087546e+02
1584.89319,6.784329e-01,-1.646033e+02,1.882748e-01,-4.131043e+01,1.882748e-01,-4.131048e+01,9.321409e-01,-1.136384e+02
1737.80083,6.796354e-01,-1.657305e+02,1.773544e-01,-4.342010e+01,1.773544e-01,-4.342014e+01,9.370891e-01,-1.183508e+02
1905.46072,6.808147e-01,-1.667634e+02,1.665539e-01,-4.533077e+01,1.665539e-01,-4.533080e+01,9.416601e-01,-1.228665e+02
2089.29613,6.819476e-01,-1.677073e+02,1.559927e-01,-4.702908e+01,1.559927e-01,-4.702911e+01,9.458264e-01,-1.271664e+02
2290.86765,6.830197e-01,-1.685667e+02,1.457729e-01,-4.850462e+01,1.457729e-01,-4.850465e+01,9.495781e-01,-1.312372e+02
2511.88643,6.840241e-01,-1.693456e+02,1.359775e-01,-4.974991e+01,1.359775e-01,-4.974994e+01,9.529198e-01,-1.350713e+02
2754.22870,6.849606e-01,-1.700481e+02,1.266707e-01,-5.076042e+01,1.266707e-01,-5.076044e+01,9.558675e-01,-1.386659e+02
3019.95172,6.858342e-01,-1.706775e+02,1.178984e-01,-5.153441e+01,1.178984e-01,-5.153443e+01,9.584459e-01,-1.420223e+02
3311.31121,6.866539e-01,-1.712371e+02,1.096899e-01,-5.207290e+01,1.096899e-01,-5.207292e+01,9.606843e-01,-1.451454e+02
3630.78055,6.874318e-01,-1.717301e+02,1.020603e-01,-5.237956e+01,1.020603e-01,-5.237957e+01,9.626154e-01,-1.480423e+02
3981.07171,6.881825e-01,-1.721592e+02,9.501269e-02,-5.246077e+01,9.501267e-02,-5.246078e+01,9.642722e-01,-1.507225e+02
4365.15832,6.889227e-01,-1.725271e+02,8.854014e-02,-5.232570e+01,8.854014e-02,-5.232571e+01,9.656871e-01,-1.531965e+02
4786.30092,6.896709e-01,-1.728361e+02,8.262813e-02,-5.198642e+01,8.262812e-02,-5.198643e+01,9.668908e-01,-1.554757e+02
5248.07460,6.904475e-01,-1.730884e+02,7.725602e-02,-5.145809e+01,7.725601e-02,-5.145810e+01,9.679116e-01,-1.575721e+02
5754.39937,6.912747e-01,-1.732860e+02,7.239863e-02,-5.075905e+01,7.239863e-02,-5.075906e+01,9.687752e-01,-1.594976e+02
6309.57344,6.921770e-01,-1.734305e+02,6.802740e-02,-4.991090e+01,6.802739e-02,-4.991091e+01,9.695045e-01,-1.612639e+02
6918.30971,6.931818e-01,-1.735235e+02,6.411132e-02,-4.893841e+01,6.411131e-02,-4.893842e+01,9.701198e-01,-1.628827e+02
7585.77575,6.943195e-01,-1.735664e+02,6.061771e-02,-4.786923e+01,6.061771e-02,-4.786924e+01,9.706387e-01,-1.643650e+02
8317.63771,6.956242e-01,-1.735604e+02,5.751280e-02,-4.673344e+01,5.751279e-02,-4.673344e+01,9.710765e-01,-1.657212e+02
9120.10839,6.971346e-01,-1.735070e+02,5.476222e-02,-4.556285e+01,5.476222e-02,-4.556286e+01,9.714465e-01,-1.669614e+02
10000.00000,6.988941e-01,-1.734074e+02,5.233147e-02,-4.439020e+01,5.233147e-02,-4.439021e+01,9.717601e-01,-1.680948e+02
