! ! 
! S ! 
! ! 
! # MHz  S  MA  R  50.00000
! ! ===================================================================
1.00000,9.947446e-01,-6.654189e-01,2.337708e-03,8.962338e+01,2.337706e-03,8.954666e+01,9.464689e-01,-1.381030e-01
1.09648,9.947416e-01,-7.296153e-01,2.563233e-03,8.957285e+01,2.563230e-03,8.950289e+01,9.464683e-01,-1.514247e-01
1.20226,9.947381e-01,-8.000047e-01,2.810511e-03,8.951870e+01,2.810509e-03,8.945490e+01,9.464675e-01,-1.660318e-01
1.31826,9.947338e-01,-8.771844e-01,3.081640e-03,8.946047e+01,3.081638e-03,8.940228e+01,9.464666e-01,-1.820481e-01
1.44544,9.947287e-01,-9.618092e-01,3.378921e-03,8.939766e+01,3.378919e-03,8.934459e+01,9.464656e-01,-1.996096e-01
1.58489,9.947226e-01,-1.054597e+00,3.704873e-03,8.932974e+01,3.704871e-03,8.928133e+01,9.464642e-01,-2.188654e-01
1.73780,9.947152e-01,-1.156335e+00,4.062259e-03,8.925612e+01,4.062257e-03,8.921198e+01,9.464627e-01,-2.399787e-01
1.90546,9.947064e-01,-1.267886e+00,4.454109e-03,8.917620e+01,4.454107e-03,8.913594e+01,9.464608e-01,-2.631288e-01
2.08930,9.946957e-01,-1.390196e+00,4.883741e-03,8.908928e+01,4.883739e-03,8.905257e+01,9.464585e-01,-2.885119e-01
2.29087,9.946829e-01,-1.524302e+00,5.354794e-03,8.899464e+01,5.354793e-03,8.896116e+01,9.464558e-01,-3.163433e-01
2.51189,9.946675e-01,-1.671341e+00,5.871256e-03,8.889147e+01,5.871254e-03,8.886093e+01,9.464525e-01,-3.468591e-01
2.75423,9.946490e-01,-1.832558e+00,6.437493e-03,8.877890e+01,6.437492e-03,8.875105e+01,9.464485e-01,-3.803179e-01
3.01995,9.946267e-01,-2.009320e+00,7.058294e-03,8.865597e+01,7.058292e-03,8.863057e+01,9.464438e-01,-4.170033e-01
3.31131,9.946000e-01,-2.203123e+00,7.738900e-03,8.852165e+01,7.738898e-03,8.849848e+01,9.464380e-01,-4.572261e-01
3.63078,9.945678e-01,-2.415606e+00,8.485054e-03,8.837479e+01,8.485052e-03,8.835366e+01,9.464312e-01,-5.013270e-01
3.98107,9.945291e-01,-2.648567e+00,9.303042e-03,8.821415e+01,9.303040e-03,8.819488e+01,9.464229e-01,-5.496792e-01
4.36516,9.944827e-01,-2.903975e+00,1.019975e-02,8.803839e+01,1.019974e-02,8.802082e+01,9.464130e-01,-6.026918e-01
4.78630,9.944268e-01,-3.183986e+00,1.118270e-02,8.784601e+01,1.118269e-02,8.782999e+01,9.464010e-01,-6.608130e-01
5.24807,9.943597e-01,-3.490960e+00,1.226013e-02,8.763540e+01,1.226013e-02,8.762078e+01,9.463867e-01,-7.245337e-01
5.75440,9.942790e-01,-3.827485e+00,1.344105e-02,8.740479e+01,1.344105e-02,8.739145e+01,9.463695e-01,-7.943917e-01
6.30957,9.941821e-01,-4.196388e+00,1.473530e-02,8.715223e+01,1.473530e-02,8.714007e+01,9.463488e-01,-8.709756e-01
6.91831,9.940657e-01,-4.600766e+00,1.615361e-02,8.687561e+01,1.615361e-02,8.686452e+01,9.463239e-01,-9.549302e-01
7.58578,9.939257e-01,-5.044004e+00,1.770771e-02,8.657263e+01,1.770770e-02,8.656251e+01,9.462940e-01,-1.046961e+00
8.31764,9.937577e-01,-5.529804e+00,1.941035e-02,8.624075e+01,1.941035e-02,8.623152e+01,9.462581e-01,-1.147839e+00
9.12011,9.935559e-01,-6.062208e+00,2.127543e-02,8.587723e+01,2.127543e-02,8.586881e+01,9.462151e-01,-1.258408e+00
10.00000,9.933136e-01,-6.645627e+00,2.331805e-02,8.547906e+01,2.331805e-02,8.547139e+01,9.461634e-01,-1.379590e+00
10.96478,9.930227e-01,-7.284873e+00,2.555457e-02,8.504297e+01,2.555457e-02,8.503598e+01,9.461013e-01,-1.512392e+00
12.02264,9.926736e-01,-7.985187e+00,2.800271e-02,8.456542e+01,2.800270e-02,8.455904e+01,9.460268e-01,-1.657913e+00
13.18257,9.922550e-01,-8.752270e+00,3.068157e-02,8.404253e+01,3.068157e-02,8.403671e+01,9.459376e-01,-1.817350e+00
14.45440,9.917530e-01,-9.592313e+00,3.361171e-02,8.347013e+01,3.361170e-02,8.346482e+01,9.458306e-01,-1.992007e+00
15.84893,9.911515e-01,-1.051202e+01,3.681511e-02,8.284367e+01,3.681510e-02,8.283883e+01,9.457024e-01,-2.183302e+00
17.37801,9.904312e-01,-1.151866e+01,4.031521e-02,8.215829e+01,4.031521e-02,8.215388e+01,9.455491e-01,-2.392774e+00
19.05461,9.895693e-01,-1.262004e+01,4.413681e-02,8.140873e+01,4.413681e-02,8.140470e+01,9.453657e-01,-2.622092e+00
20.89296,9.885390e-01,-1.382458e+01,4.830594e-02,8.058936e+01,4.830593e-02,8.058569e+01,9.451468e-01,-2.873059e+00
22.90868,9.873088e-01,-1.514125e+01,5.284962e-02,7.969421e+01,5.284962e-02,7.969086e+01,9.448856e-01,-3.147618e+00
25.11886,9.858417e-01,-1.657962e+01,5.779560e-02,7.871693e+01,5.779559e-02,7.871388e+01,9.445745e-01,-3.447860e+00
27.54229,9.840952e-01,-1.814979e+01,6.317182e-02,7.765088e+01,6.317181e-02,7.764809e+01,9.442047e-01,-3.776023e+00
30.19952,9.820198e-01,-1.986238e+01,6.900580e-02,7.648912e+01,6.900579e-02,7.648658e+01,9.437661e-01,-4.134493e+00
33.11311,9.795593e-01,-2.172839e+01,7.532380e-02,7.522454e+01,7.532379e-02,7.522222e+01,9.432473e-01,-4.525804e+00
36.30781,9.766500e-01,-2.375910e+01,8.214972e-02,7.384993e+01,8.214970e-02,7.384781e+01,9.426354e-01,-4.952632e+00
39.81072,9.732210e-01,-2.596589e+01,8.950368e-02,7.235814e+01,8.950367e-02,7.235621e+01,9.419165e-01,-5.417785e+00
43.65158,9.691945e-01,-2.836001e+01,9.740042e-02,7.074227e+01,9.740041e-02,7.074051e+01,9.410754e-01,-5.924194e+00
47.86301,9.644871e-01,-3.095226e+01,1.058473e-01,6.899587e+01,1.058472e-01,6.899426e+01,9.400964e-01,-6.474903e+00
52.48075,9.590116e-01,-3.375260e+01,1.148419e-01,6.711325e+01,1.148419e-01,6.711179e+01,9.389636e-01,-7.073050e+00
57.54399,9.526804e-01,-3.676974e+01,1.243699e-01,6.508980e+01,1.243699e-01,6.508847e+01,9.376618e-01,-7.721866e+00
63.09573,9.454096e-01,-4.001052e+01,1.344024e-01,6.292234e+01,1.344024e-01,6.292112e+01,9.361776e-01,-8.424675e+00
69.18310,9.371248e-01,-4.347938e+01,1.448936e-01,6.060952e+01,1.448935e-01,6.060841e+01,9.345008e-01,-9.184906e+00
75.85776,9.277680e-01,-4.717766e+01,1.557790e-01,5.815217e+01,1.557790e-01,5.815116e+01,9.326257e-01,-1.000614e+01
83.17638,9.173059e-01,-5.110300e+01,1.669747e-01,5.555366e+01,1.669747e-01,5.555274e+01,9.305534e-01,-1.089217e+01
91.20108,9.057373e-01,-5.524869e+01,1.783773e-01,5.282014e+01,1.783773e-01,5.281930e+01,9.282927e-01,-1.184713e+01
100.00000,8.931014e-01,-5.960321e+01,1.898658e-01,4.996062e+01,1.898657e-01,4.995985e+01,9.258620e-01,-1.287560e+01
109.64782,8.794830e-01,-6.414986e+01,2.013049e-01,4.698690e+01,2.013049e-01,4.698620e+01,9.232896e-01,-1.398282e+01
120.22644,8.650151e-01,-6.886671e+01,2.125504e-01,4.391329e+01,2.125504e-01,4.391265e+01,9.206139e-01,-1.517488e+01
131.82567,8.498774e-01,-7.372675e+01,2.234549e-01,4.075608e+01,2.234549e-01,4.075550e+01,9.178825e-01,-1.645888e+01
144.54398,8.342896e-01,-7.869842e+01,2.338753e-01,3.753281e+01,2.338752e-01,3.753228e+01,9.151497e-01,-1.784316e+01
158.48932,8.185007e-01,-8.374635e+01,2.436792e-01,3.426143e+01,2.436791e-01,3.426094e+01,9.124743e-01,-1.933731e+01
173.78008,8.027742e-01,-8.883247e+01,2.527507e-01,3.095938e+01,2.527506e-01,3.095894e+01,9.099163e-01,-2.095228e+01
190.54607,7.873721e-01,-9.391726e+01,2.609945e-01,2.764272e+01,2.609944e-01,2.764232e+01,9.075334e-01,-2.270022e+01
208.92961,7.725390e-01,-9.896109e+01,2.683374e-01,2.432536e+01,2.683374e-01,2.432500e+01,9.053792e-01,-2.459437e+01
229.08677,7.584884e-01,-1.039256e+02,2.747283e-01,2.101855e+01,2.747283e-01,2.101821e+01,9.035004e-01,-2.664873e+01
251.18864,7.453934e-01,-1.087751e+02,2.801355e-01,1.773051e+01,2.801354e-01,1.773021e+01,9.019367e-01,-2.887773e+01
275.42287,7.333814e-01,-1.134775e+02,2.845428e-01,1.446647e+01,2.845427e-01,1.446619e+01,9.007202e-01,-3.129579e+01
301.99517,7.225338e-01,-1.180053e+02,2.879455e-01,1.122876e+01,2.879455e-01,1.122850e+01,8.998764e-01,-3.391688e+01
331.13112,7.128890e-01,-1.223361e+02,2.903458e-01,8.017278e+00,2.903458e-01,8.017046e+00,8.994250e-01,-3.675392e+01
363.07805,7.044483e-01,-1.264532e+02,2.917484e-01,4.830003e+00,2.917483e-01,4.829792e+00,8.993811e-01,-3.981825e+01
398.10717,6.971832e-01,-1.303449e+02,2.921576e-01,1.663661e+00,2.921576e-01,1.663469e+00,8.997560e-01,-4.311896e+01
436.51583,6.910426e-01,-1.340050e+02,2.915756e-01,-1.485540e+00,2.915756e-01,-1.485716e+00,9.005571e-01,-4.666214e+01
478.63009,6.859597e-01,-1.374317e+02,2.900019e-01,-4.621145e+00,2.900018e-01,-4.621305e+00,9.017882e-01,-5.045022e+01
524.80746,6.818579e-01,-1.406275e+02,2.874338e-01,-7.745692e+00,2.874337e-01,-7.745838e+00,9.034485e-01,-5.448111e+01
575.43994,6.786544e-01,-1.435983e+02,2.838693e-01,-1.085999e+01,2.838692e-01,-1.086013e+01,9.055306e-01,-5.874756e+01
630.95734,6.762637e-01,-1.463527e+02,2.793099e-01,-1.396250e+01,2.793099e-01,-1.396262e+01,9.080196e-01,-6.323651e+01
691.83097,6.745992e-01,-1.489014e+02,2.737651e-01,-1.704877e+01,2.737651e-01,-1.704888e+01,9.108906e-01,-6.792872e+01
758.57758,6.735739e-01,-1.512563e+02,2.672569e-01,-2.011116e+01,2.672568e-01,-2.011126e+01,9.141074e-01,-7.279864e+01
831.76377,6.731014e-01,-1.534303e+02,2.598238e-01,-2.313865e+01,2.598238e-01,-2.313874e+01,9.176222e-01,-7.781474e+01
912.01084,6.730965e-01,-1.554363e+02,2.515248e-01,-2.611700e+01,2.515248e-01,-2.611709e+01,9.213758e-01,-8.294017e+01
1000.00000,6.734754e-01,-1.572868e+02,2.424408e-01,-2.902910e+01,2.424408e-01,-2.902917e+01,9.252991e-01,-8.813397e+01
1096.47820,6.741579e-01,-1.589936e+02,2.326746e-01,-3.185555e+01,2.326746e-01,-3.185562e+01,9.293170e-01,-9.335250e+01
1202.26443,6.750680e-01,-1.605678e+02,2.223485e-01,-3.457553e+01,2.223485e-01,-3.457559e+01,9.333517e-01,-9.855129e+01
1318.25674,6.761364e-01,-1.620190e+02,2.116000e-01,-3.716763e+01,2.116000e-01,-3.716768e+01,9.373276e-01,-1.036868e+02
1445.43977,6.773017e-01,-1.633560e+02,2.005754e-01,-3.961082e+01,2.005753e-01,-3.961087e+01,9.411761e-01,-1.087182e+02
1584.89319,6.785116e-01,-1.645862e+02,1.894231e-01,-4.188530e+01,1.894231e-01,-4.188534e+01,9.448385e-01,-1.136090e+02
1737.80083,6.797244e-01,-1.657162e+02,1.782873e-01,-4.397319e+01,1.782873e-01,-4.397323e+01,9.482689e-01,-1.183277e+02
1905.46072,6.809080e-01,-1.667517e+02,1.673011e-01,-4.585907e+01,1.673011e-01,-4.585910e+01,9.514351e-01,-1.228489e+02
2089.29613,6.820406e-01,-1.676979e+02,1.565828e-01,-4.753029e+01,1.565827e-01,-4.753033e+01,9.543186e-01,-1.271535e+02
2290.86765,6.831088e-01,-1.685592e+02,1.462321e-01,-4.897714e+01,1.462321e-01,-4.897717e+01,9.569129e-01,-1.312284e+02
2511.88643,6.841071e-01,-1.693399e+02,1.363298e-01,-5.019280e+01,1.363298e-01,-5.019283e+01,9.592218e-01,-1.350657e+02
2754.22870,6.850361e-01,-1.700436e+02,1.269367e-01,-5.117332e+01,1.269367e-01,-5.117334e+01,9.612570e-01,-1.386629e+02
3019.95172,6.859015e-01,-1.706741e+02,1.180959e-01,-5.191747e+01,1.180958e-01,-5.191749e+01,9.630360e-01,-1.420214e+02
3311.31121,6.867128e-01,-1.712345e+02,1.098337e-01,-5.242666e+01,1.098337e-01,-5.242668e+01,9.645797e-01,-1.451460e+02
3630.78055,6.874826e-01,-1.717281e+02,1.021626e-01,-5.270491e+01,1.021626e-01,-5.270493e+01,9.659107e-01,-1.480441e+02
3981.07171,6.882259e-01,-1.721576e+02,9.508344e-02,-5.275884e+01,9.508342e-02,-5.275886e+01,9.670524e-01,-1.507250e+02
4365.15832,6.889594e-01,-1.725257e+02,8.858726e-02,-5.259781e+01,8.858725e-02,-5.259782e+01,9.680272e-01,-1.531995e+02
4786.30092,6.897017e-01,-1.728348e+02,8.265785e-02,-5.223402e+01,8.265784e-02,-5.223404e+01,9.688565e-01,-1.554791e+02
5248.07460,6.904733e-01,-1.730872e+02,7.727322e-02,-5.168272e+01,7.727322e-02,-5.168273e+01,9.695600e-01,-1.575756e+02
5754.39937,6.912963e-01,-1.732847e+02,7.240706e-02,-5.096230e+01,7.240706e-02,-5.096231e+01,9.701554e-01,-1.595011e+02
6309.57344,6.921954e-01,-1.734291e+02,6.802991e-02,-5.009438e+01,6.802990e-02,-5.009439e+01,9.706586e-01,-1.612675e+02
6918.30971,6.931978e-01,-1.735219e+02,6.411005e-02,-4.910374e+01,6.411004e-02,-4.910375e+01,9.710838e-01,-1.628861e+02
7585.77575,6.943338e-01,-1.735646e+02,6.061423e-02,-4.801801e+01,6.061422e-02,-4.801802e+01,9.714430e-01,-1.643683e+02
8317.63771,6.956376e-01,-1.735584e+02,5.750823e-02,-4.686724e+01,5.750823e-02,-4.686724e+01,9.717470e-01,-1.657243e+02
9120.10839,6.971479e-01,-1.735047e+02,5.475736e-02,-4.568319e+01,5.475736e-02,-4.568320e+01,9.720050e-01,-1.669643e+02
10000.00000,6.989081e-01,-1.734048e+02,5.232683e-02,-4.449854e+01,5.232683e-02,-4.449854e+01,9.722249e-01,-1.680976e+02
