! ! 
! S ! 
! ! 
! # MHz  S  MA  R  50.00000
! ! ===================================================================
1.00000,9.947446e-01,-6.654189e-01,2.286589e-03,8.962484e+01,2.286586e-03,8.954813e+01,9.039046e-01,-1.383510e-01
1.09648,9.947417e-01,-7.296154e-01,2.507181e-03,8.957446e+01,2.507179e-03,8.950450e+01,9.039040e-01,-1.516967e-01
1.20226,9.947382e-01,-8.000049e-01,2.749052e-03,8.952047e+01,2.749050e-03,8.945666e+01,9.039033e-01,-1.663299e-01
1.31826,9.947340e-01,-8.771845e-01,3.014253e-03,8.946241e+01,3.014251e-03,8.940421e+01,9.039024e-01,-1.823750e-01
1.44544,9.947289e-01,-9.618093e-01,3.305033e-03,8.939978e+01,3.305031e-03,8.934671e+01,9.039014e-01,-1.999681e-01
1.58489,9.947228e-01,-1.054597e+00,3.623857e-03,8.933206e+01,3.623855e-03,8.928366e+01,9.039002e-01,-2.192585e-01
1.73780,9.947154e-01,-1.156335e+00,3.973429e-03,8.925868e+01,3.973427e-03,8.921453e+01,9.038987e-01,-2.404097e-01
1.90546,9.947066e-01,-1.267886e+00,4.356710e-03,8.917900e+01,4.356708e-03,8.913874e+01,9.038969e-01,-2.636013e-01
2.08930,9.946960e-01,-1.390196e+00,4.776947e-03,8.909235e+01,4.776946e-03,8.905563e+01,9.038948e-01,-2.890300e-01
2.29087,9.946832e-01,-1.524302e+00,5.237700e-03,8.899801e+01,5.237699e-03,8.896452e+01,9.038922e-01,-3.169115e-01
2.51189,9.946679e-01,-1.671341e+00,5.742869e-03,8.889516e+01,5.742867e-03,8.886462e+01,9.038891e-01,-3.474821e-01
2.75423,9.946494e-01,-1.832559e+00,6.296725e-03,8.878294e+01,6.296723e-03,8.875509e+01,9.038854e-01,-3.810011e-01
3.01995,9.946273e-01,-2.009321e+00,6.903951e-03,8.866041e+01,6.903949e-03,8.863500e+01,9.038810e-01,-4.177524e-01
3.31131,9.946006e-01,-2.203123e+00,7.569675e-03,8.852651e+01,7.569674e-03,8.850334e+01,9.038756e-01,-4.580475e-01
3.63078,9.945686e-01,-2.415607e+00,8.299514e-03,8.838012e+01,8.299512e-03,8.835899e+01,9.038692e-01,-5.022277e-01
3.98107,9.945301e-01,-2.648569e+00,9.099617e-03,8.822000e+01,9.099615e-03,8.820073e+01,9.038614e-01,-5.506669e-01
4.36516,9.944838e-01,-2.903977e+00,9.976716e-03,8.804480e+01,9.976714e-03,8.802722e+01,9.038521e-01,-6.037749e-01
4.78630,9.944282e-01,-3.183988e+00,1.093818e-02,8.785304e+01,1.093817e-02,8.783701e+01,9.038410e-01,-6.620007e-01
5.24807,9.943614e-01,-3.490963e+00,1.199205e-02,8.764311e+01,1.199205e-02,8.762849e+01,9.038275e-01,-7.258362e-01
5.75440,9.942811e-01,-3.827488e+00,1.314716e-02,8.741323e+01,1.314716e-02,8.739990e+01,9.038114e-01,-7.958201e-01
6.30957,9.941845e-01,-4.196392e+00,1.441311e-02,8.716149e+01,1.441311e-02,8.714933e+01,9.037920e-01,-8.725422e-01
6.91831,9.940686e-01,-4.600771e+00,1.580042e-02,8.688576e+01,1.580042e-02,8.687467e+01,9.037687e-01,-9.566483e-01
7.58578,9.939293e-01,-5.044011e+00,1.732055e-02,8.658375e+01,1.732055e-02,8.657364e+01,9.037407e-01,-1.048845e+00
8.31764,9.937619e-01,-5.529813e+00,1.898598e-02,8.625295e+01,1.898598e-02,8.624373e+01,9.037070e-01,-1.149906e+00
9.12011,9.935610e-01,-6.062219e+00,2.081030e-02,8.589060e+01,2.081030e-02,8.588219e+01,9.036667e-01,-1.260675e+00
10.00000,9.933197e-01,-6.645642e+00,2.280829e-02,8.549372e+01,2.280829e-02,8.548605e+01,9.036182e-01,-1.382078e+00
10.96478,9.930300e-01,-7.284893e+00,2.499595e-02,8.505905e+01,2.499595e-02,8.505205e+01,9.035600e-01,-1.515121e+00
12.02264,9.926824e-01,-7.985214e+00,2.739062e-02,8.458304e+01,2.739061e-02,8.457666e+01,9.034903e-01,-1.660908e+00
13.18257,9.922655e-01,-8.752305e+00,3.001098e-02,8.406184e+01,3.001098e-02,8.405602e+01,9.034066e-01,-1.820636e+00
14.45440,9.917657e-01,-9.592358e+00,3.287715e-02,8.349129e+01,3.287714e-02,8.348598e+01,9.033064e-01,-1.995614e+00
15.84893,9.911667e-01,-1.051208e+01,3.601064e-02,8.286686e+01,3.601064e-02,8.286202e+01,9.031863e-01,-2.187262e+00
17.37801,9.904494e-01,-1.151874e+01,3.943439e-02,8.218370e+01,3.943439e-02,8.217929e+01,9.030427e-01,-2.397123e+00
19.05461,9.895912e-01,-1.262015e+01,4.317267e-02,8.143657e+01,4.317266e-02,8.143254e+01,9.028709e-01,-2.626869e+00
20.89296,9.885651e-01,-1.382471e+01,4.725094e-02,8.061986e+01,4.725093e-02,8.061618e+01,9.026657e-01,-2.878308e+00
22.90868,9.873400e-01,-1.514142e+01,5.169568e-02,7.972761e+01,5.169567e-02,7.972426e+01,9.024211e-01,-3.153388e+00
25.11886,9.858791e-01,-1.657984e+01,5.653404e-02,7.875350e+01,5.653403e-02,7.875045e+01,9.021297e-01,-3.454206e+00
27.54229,9.841397e-01,-1.815009e+01,6.179339e-02,7.769090e+01,6.179338e-02,7.768812e+01,9.017834e-01,-3.783006e+00
30.19952,9.820729e-01,-1.986277e+01,6.750071e-02,7.653292e+01,6.750070e-02,7.653038e+01,9.013728e-01,-4.142181e+00
33.11311,9.796224e-01,-2.172890e+01,7.368174e-02,7.527245e+01,7.368173e-02,7.527013e+01,9.008870e-01,-4.534276e+00
36.30781,9.767250e-01,-2.375976e+01,8.035992e-02,7.390231e+01,8.035990e-02,7.390020e+01,9.003144e-01,-4.961974e+00
39.81072,9.733098e-01,-2.596675e+01,8.755504e-02,7.241539e+01,8.755502e-02,7.241346e+01,8.996417e-01,-5.428096e+00
43.65158,9.692994e-01,-2.836112e+01,9.528162e-02,7.080479e+01,9.528161e-02,7.080304e+01,8.988550e-01,-5.935587e+00
47.86301,9.646106e-01,-3.095368e+01,1.035470e-01,6.906411e+01,1.035470e-01,6.906251e+01,8.979397e-01,-6.487503e+00
52.48075,9.591566e-01,-3.375444e+01,1.123490e-01,6.718768e+01,1.123490e-01,6.718622e+01,8.968811e-01,-7.087003e+00
57.54399,9.528498e-01,-3.677209e+01,1.216738e-01,6.517091e+01,1.216738e-01,6.516958e+01,8.956654e-01,-7.737336e+00
63.09573,9.456065e-01,-4.001351e+01,1.314933e-01,6.301064e+01,1.314933e-01,6.300943e+01,8.942804e-01,-8.441847e+00
69.18310,9.373524e-01,-4.348317e+01,1.417630e-01,6.070556e+01,1.417630e-01,6.070445e+01,8.927173e-01,-9.203989e+00
75.85776,9.280296e-01,-4.718242e+01,1.524202e-01,5.825650e+01,1.524202e-01,5.825549e+01,8.909716e-01,-1.002737e+01
83.17638,9.176044e-01,-5.110894e+01,1.633830e-01,5.566689e+01,1.633830e-01,5.566596e+01,8.890454e-01,-1.091581e+01
91.20108,9.060754e-01,-5.525605e+01,1.745506e-01,5.294286e+01,1.745506e-01,5.294202e+01,8.869484e-01,-1.187346e+01
100.00000,8.934813e-01,-5.961224e+01,1.858050e-01,5.009348e+01,1.858050e-01,5.009271e+01,8.846995e-01,-1.290494e+01
109.64782,8.799061e-01,-6.416085e+01,1.970141e-01,4.713058e+01,1.970141e-01,4.712988e+01,8.823277e-01,-1.401551e+01
120.22644,8.654821e-01,-6.887993e+01,2.080371e-01,4.406851e+01,2.080371e-01,4.406787e+01,8.798717e-01,-1.521128e+01
131.82567,8.503878e-01,-7.374250e+01,2.187302e-01,4.092360e+01,2.187302e-01,4.092302e+01,8.773792e-01,-1.649938e+01
144.54398,8.348422e-01,-7.871696e+01,2.289537e-01,3.771345e+01,2.289536e-01,3.771292e+01,8.749053e-01,-1.788813e+01
158.48932,8.190929e-01,-8.376795e+01,2.385782e-01,3.445610e+01,2.385782e-01,3.445561e+01,8.725097e-01,-1.938716e+01
173.78008,8.034024e-01,-8.885735e+01,2.474909e-01,3.116904e+01,2.474909e-01,3.116860e+01,8.702537e-01,-2.100739e+01
190.54607,7.880319e-01,-9.394560e+01,2.555989e-01,2.786843e+01,2.555988e-01,2.786802e+01,8.681977e-01,-2.276098e+01
208.92961,7.732249e-01,-9.899303e+01,2.628311e-01,2.456824e+01,2.628310e-01,2.456788e+01,8.663985e-01,-2.466113e+01
229.08677,7.591944e-01,-1.039613e+02,2.691380e-01,2.127980e+01,2.691380e-01,2.127946e+01,8.649076e-01,-2.672180e+01
251.18864,7.461127e-01,-1.088145e+02,2.744895e-01,1.801138e+01,2.744894e-01,1.801108e+01,8.637706e-01,-2.895738e+01
275.42287,7.341067e-01,-1.135206e+02,2.788706e-01,1.476823e+01,2.788705e-01,1.476795e+01,8.630269e-01,-3.138223e+01
301.99517,7.232574e-01,-1.180520e+02,2.822777e-01,1.155269e+01,2.822777e-01,1.155243e+01,8.627105e-01,-3.401021e+01
331.13112,7.136028e-01,-1.223864e+02,2.847138e-01,8.364582e+00,2.847138e-01,8.364350e+00,8.628507e-01,-3.685414e+01
363.07805,7.051441e-01,-1.265069e+02,2.861846e-01,5.201776e+00,2.861845e-01,5.201565e+00,8.634730e-01,-3.992521e+01
398.10717,6.978526e-01,-1.304017e+02,2.866951e-01,2.060809e+00,2.866950e-01,2.060617e+00,8.645994e-01,-4.323234e+01
436.51583,6.916776e-01,-1.340645e+02,2.862479e-01,-1.062380e+00,2.862479e-01,-1.062556e+00,8.662479e-01,-4.678143e+01
478.63009,6.865525e-01,-1.374935e+02,2.848427e-01,-4.171695e+00,2.848427e-01,-4.171855e+00,8.684324e-01,-5.057468e+01
524.80746,6.824013e-01,-1.406911e+02,2.824765e-01,-7.270127e+00,2.824765e-01,-7.270272e+00,8.711601e-01,-5.460980e+01
575.43994,6.791422e-01,-1.436631e+02,2.791460e-01,-1.035903e+01,2.791460e-01,-1.035916e+01,8.744297e-01,-5.887928e+01
630.95734,6.766910e-01,-1.464180e+02,2.748506e-01,-1.343748e+01,2.748505e-01,-1.343760e+01,8.782284e-01,-6.336988e+01
691.83097,6.749626e-01,-1.489664e+02,2.695963e-01,-1.650172e+01,2.695963e-01,-1.650183e+01,8.825291e-01,-6.806218e+01
758.57758,6.738719e-01,-1.513203e+02,2.634006e-01,-1.954480e+01,2.634006e-01,-1.954490e+01,8.872886e-01,-7.293057e+01
831.76377,6.733348e-01,-1.534923e+02,2.562965e-01,-2.255640e+01,2.562964e-01,-2.255649e+01,8.924458e-01,-7.794349e+01
912.01084,6.732679e-01,-1.554956e+02,2.483360e-01,-2.552289e+01,2.483359e-01,-2.552297e+01,8.979230e-01,-8.306419e+01
1000.00000,6.735896e-01,-1.573427e+02,2.395926e-01,-2.842764e+01,2.395926e-01,-2.842772e+01,9.036278e-01,-8.825186e+01
1096.47820,6.742212e-01,-1.590456e+02,2.301618e-01,-3.125162e+01,2.301617e-01,-3.125169e+01,9.094573e-01,-9.346315e+01
1202.26443,6.750881e-01,-1.606155e+02,2.201586e-01,-3.397411e+01,2.201585e-01,-3.397417e+01,9.153044e-01,-9.865387e+01
1318.25674,6.761213e-01,-1.620622e+02,2.097141e-01,-3.657364e+01,2.097141e-01,-3.657370e+01,9.210639e-01,-1.037808e+02
1445.43977,6.772596e-01,-1.633946e+02,1.989699e-01,-3.902890e+01,1.989699e-01,-3.902895e+01,9.266388e-01,-1.088036e+02
1584.89319,6.784505e-01,-1.646203e+02,1.880712e-01,-4.131962e+01,1.880711e-01,-4.131967e+01,9.319460e-01,-1.136857e+02
1737.80083,6.796510e-01,-1.657461e+02,1.771600e-01,-4.342735e+01,1.771600e-01,-4.342739e+01,9.369199e-01,-1.183962e+02
1905.46072,6.808284e-01,-1.667778e+02,1.663694e-01,-4.533599e+01,1.663694e-01,-4.533602e+01,9.415141e-01,-1.229098e+02
2089.29613,6.819593e-01,-1.677204e+02,1.558187e-01,-4.703219e+01,1.558186e-01,-4.703222e+01,9.457011e-01,-1.272074e+02
2290.86765,6.830295e-01,-1.685786e+02,1.456095e-01,-4.850554e+01,1.456095e-01,-4.850557e+01,9.494710e-01,-1.312758e+02
2511.88643,6.840323e-01,-1.693566e+02,1.358250e-01,-4.974860e+01,1.358249e-01,-4.974863e+01,9.528286e-01,-1.351075e+02
2754.22870,6.849673e-01,-1.700580e+02,1.265290e-01,-5.075685e+01,1.265290e-01,-5.075687e+01,9.557903e-01,-1.386997e+02
3019.95172,6.858397e-01,-1.706864e+02,1.177673e-01,-5.152856e+01,1.177673e-01,-5.152858e+01,9.583805e-01,-1.420539e+02
3311.31121,6.866582e-01,-1.712451e+02,1.095691e-01,-5.206477e+01,1.095691e-01,-5.206479e+01,9.606293e-01,-1.451746e+02
3630.78055,6.874352e-01,-1.717372e+02,1.019496e-01,-5.236918e+01,1.019496e-01,-5.236920e+01,9.625691e-01,-1.480694e+02
3981.07171,6.881853e-01,-1.721655e+02,9.491147e-02,-5.244821e+01,9.491146e-02,-5.244822e+01,9.642333e-01,-1.507475e+02
4365.15832,6.889251e-01,-1.725326e+02,8.844802e-02,-5.231103e+01,8.844801e-02,-5.231104e+01,9.656545e-01,-1.532196e+02
4786.30092,6.896732e-01,-1.728409e+02,8.254460e-02,-5.196977e+01,8.254459e-02,-5.196978e+01,9.668635e-01,-1.554970e+02
5248.07460,6.904498e-01,-1.730925e+02,7.718055e-02,-5.143962e+01,7.718054e-02,-5.143963e+01,9.678889e-01,-1.575916e+02
5754.39937,6.912773e-01,-1.732894e+02,7.233068e-02,-5.073896e+01,7.233067e-02,-5.073897e+01,9.687563e-01,-1.595154e+02
6309.57344,6.921803e-01,-1.734333e+02,6.796643e-02,-4.988943e+01,6.796642e-02,-4.988944e+01,9.694888e-01,-1.612803e+02
6918.30971,6.931860e-01,-1.735257e+02,6.405679e-02,-4.891584e+01,6.405678e-02,-4.891585e+01,9.701067e-01,-1.628977e+02
7585.77575,6.943248e-01,-1.735680e+02,6.056908e-02,-4.784588e+01,6.056908e-02,-4.784589e+01,9.706278e-01,-1.643787e+02
8317.63771,6.956310e-01,-1.735615e+02,5.746955e-02,-4.670965e+01,5.746955e-02,-4.670966e+01,9.710675e-01,-1.657338e+02
9120.10839,6.971433e-01,-1.735075e+02,5.472384e-02,-4.553900e+01,5.472384e-02,-4.553900e+01,9.714391e-01,-1.669729e+02
10000.00000,6.989051e-01,-1.734074e+02,5.229745e-02,-4.436665e+01,5.229745e-02,-4.436666e+01,9.717540e-01,-1.681053e+02
