! ! 
! S ! 
! ! 
! # MHz  S  MA  R  50.00000
! ! ===================================================================
1.00000,9.951131e-01,-6.665884e-01,2.341025e-03,8.963807e+01,2.341022e-03,8.954584e+01,9.464689e-01,-1.382734e-01
1.09648,9.951102e-01,-7.308976e-01,2.566869e-03,8.958610e+01,2.566866e-03,8.950198e+01,9.464683e-01,-1.516116e-01
1.20226,9.951066e-01,-8.014108e-01,2.814498e-03,8.953062e+01,2.814495e-03,8.945390e+01,9.464675e-01,-1.662366e-01
1.31826,9.951024e-01,-8.787261e-01,3.086012e-03,8.947115e+01,3.086009e-03,8.940119e+01,9.464666e-01,-1.822727e-01
1.44544,9.950973e-01,-9.634995e-01,3.383714e-03,8.940720e+01,3.383711e-03,8.934339e+01,9.464655e-01,-1.998559e-01
1.58489,9.950911e-01,-1.056450e+00,3.710128e-03,8.933822e+01,3.710125e-03,8.928003e+01,9.464642e-01,-2.191354e-01
1.73780,9.950837e-01,-1.158367e+00,4.068021e-03,8.926362e+01,4.068018e-03,8.921055e+01,9.464626e-01,-2.402748e-01
1.90546,9.950748e-01,-1.270114e+00,4.460426e-03,8.918277e+01,4.460424e-03,8.913437e+01,9.464607e-01,-2.634534e-01
2.08930,9.950641e-01,-1.392639e+00,4.890667e-03,8.909499e+01,4.890665e-03,8.905085e+01,9.464585e-01,-2.888678e-01
2.29087,9.950512e-01,-1.526981e+00,5.362388e-03,8.899953e+01,5.362386e-03,8.895927e+01,9.464557e-01,-3.167336e-01
2.51189,9.950357e-01,-1.674278e+00,5.879581e-03,8.889558e+01,5.879579e-03,8.885886e+01,9.464524e-01,-3.472870e-01
2.75423,9.950171e-01,-1.835778e+00,6.446621e-03,8.878227e+01,6.446619e-03,8.874878e+01,9.464484e-01,-3.807871e-01
3.01995,9.949948e-01,-2.012851e+00,7.068301e-03,8.865862e+01,7.068298e-03,8.862808e+01,9.464437e-01,-4.175177e-01
3.31131,9.949679e-01,-2.206994e+00,7.749870e-03,8.852360e+01,7.749868e-03,8.849575e+01,9.464379e-01,-4.577901e-01
3.63078,9.949356e-01,-2.419850e+00,8.497080e-03,8.837607e+01,8.497077e-03,8.835067e+01,9.464311e-01,-5.019453e-01
3.98107,9.948967e-01,-2.653221e+00,9.316225e-03,8.821477e+01,9.316222e-03,8.819161e+01,9.464228e-01,-5.503572e-01
4.36516,9.948501e-01,-2.909077e+00,1.021420e-02,8.803835e+01,1.021419e-02,8.801722e+01,9.464128e-01,-6.034351e-01
4.78630,9.947940e-01,-3.189578e+00,1.119854e-02,8.784532e+01,1.119853e-02,8.782605e+01,9.464009e-01,-6.616279e-01
5.24807,9.947265e-01,-3.497092e+00,1.227749e-02,8.763404e+01,1.227749e-02,8.761647e+01,9.463865e-01,-7.254271e-01
5.75440,9.946455e-01,-3.834206e+00,1.346008e-02,8.740275e+01,1.346007e-02,8.738672e+01,9.463692e-01,-7.953710e-01
6.30957,9.945481e-01,-4.203755e+00,1.475615e-02,8.714950e+01,1.475614e-02,8.713488e+01,9.463484e-01,-8.720492e-01
6.91831,9.944311e-01,-4.608841e+00,1.617645e-02,8.687217e+01,1.617645e-02,8.685883e+01,9.463235e-01,-9.561070e-01
7.58578,9.942906e-01,-5.052856e+00,1.773273e-02,8.656844e+01,1.773273e-02,8.655628e+01,9.462936e-01,-1.048251e+00
8.31764,9.941218e-01,-5.539505e+00,1.943776e-02,8.623578e+01,1.943775e-02,8.622469e+01,9.462576e-01,-1.149252e+00
9.12011,9.939190e-01,-6.072839e+00,2.130544e-02,8.587144e+01,2.130544e-02,8.586133e+01,9.462144e-01,-1.259957e+00
10.00000,9.936756e-01,-6.657276e+00,2.335091e-02,8.547241e+01,2.335090e-02,8.546318e+01,9.461625e-01,-1.381288e+00
10.96478,9.933834e-01,-7.297635e+00,2.559053e-02,8.503540e+01,2.559053e-02,8.502699e+01,9.461003e-01,-1.514253e+00
12.02264,9.930328e-01,-7.999167e+00,2.804205e-02,8.455687e+01,2.804204e-02,8.454920e+01,9.460257e-01,-1.659951e+00
13.18257,9.926123e-01,-8.767581e+00,3.072459e-02,8.403293e+01,3.072458e-02,8.402594e+01,9.459362e-01,-1.819582e+00
14.45440,9.921080e-01,-9.609077e+00,3.365872e-02,8.345940e+01,3.365872e-02,8.345302e+01,9.458289e-01,-1.994452e+00
15.84893,9.915038e-01,-1.053038e+01,3.686646e-02,8.283174e+01,3.686645e-02,8.282593e+01,9.457005e-01,-2.185978e+00
17.37801,9.907803e-01,-1.153874e+01,4.037126e-02,8.214506e+01,4.037125e-02,8.213976e+01,9.455467e-01,-2.395704e+00
19.05461,9.899146e-01,-1.264201e+01,4.419792e-02,8.139410e+01,4.419791e-02,8.138926e+01,9.453629e-01,-2.625298e+00
20.89296,9.888797e-01,-1.384859e+01,4.837249e-02,8.057323e+01,4.837248e-02,8.056882e+01,9.451434e-01,-2.876565e+00
22.90868,9.876440e-01,-1.516749e+01,5.292201e-02,7.967646e+01,5.292200e-02,7.967244e+01,9.448815e-01,-3.151451e+00
25.11886,9.861706e-01,-1.660827e+01,5.787421e-02,7.869744e+01,5.787420e-02,7.869377e+01,9.445697e-01,-3.452048e+00
27.54229,9.844164e-01,-1.818106e+01,6.325702e-02,7.762952e+01,6.325701e-02,7.762617e+01,9.441990e-01,-3.780596e+00
30.19952,9.823321e-01,-1.989646e+01,6.909794e-02,7.646576e+01,6.909793e-02,7.646271e+01,9.437594e-01,-4.139482e+00
33.11311,9.798611e-01,-2.176549e+01,7.542318e-02,7.519904e+01,7.542316e-02,7.519626e+01,9.432394e-01,-4.531243e+00
36.30781,9.769396e-01,-2.379944e+01,8.225654e-02,7.382216e+01,8.225653e-02,7.381962e+01,9.426262e-01,-4.958555e+00
39.81072,9.734964e-01,-2.600968e+01,8.961809e-02,7.232797e+01,8.961807e-02,7.232566e+01,9.419058e-01,-5.424228e+00
43.65158,9.694536e-01,-2.840746e+01,9.752240e-02,7.070957e+01,9.752238e-02,7.070746e+01,9.410630e-01,-5.931195e+00
47.86301,9.647275e-01,-3.100356e+01,1.059766e-01,6.896053e+01,1.059766e-01,6.895860e+01,9.400821e-01,-6.482499e+00
52.48075,9.592310e-01,-3.380793e+01,1.149782e-01,6.707518e+01,1.149782e-01,6.707342e+01,9.389473e-01,-7.081280e+00
57.54399,9.528762e-01,-3.682924e+01,1.245126e-01,6.504893e+01,1.245126e-01,6.504732e+01,9.376434e-01,-7.730770e+00
63.09573,9.455794e-01,-4.007429e+01,1.345504e-01,6.287863e+01,1.345504e-01,6.287717e+01,9.361570e-01,-8.434293e+00
69.18310,9.372663e-01,-4.354746e+01,1.450456e-01,6.056298e+01,1.450456e-01,6.056165e+01,9.344780e-01,-9.195282e+00
75.85776,9.278794e-01,-4.725004e+01,1.559334e-01,5.810287e+01,1.559334e-01,5.810165e+01,9.326010e-01,-1.001732e+01
83.17638,9.173856e-01,-5.117957e+01,1.671294e-01,5.550171e+01,1.671294e-01,5.550060e+01,9.305271e-01,-1.090420e+01
91.20108,9.057848e-01,-5.532928e+01,1.785300e-01,5.276570e+01,1.785300e-01,5.276469e+01,9.282652e-01,-1.186007e+01
100.00000,8.931169e-01,-5.968752e+01,1.900139e-01,4.990393e+01,1.900139e-01,4.990300e+01,9.258340e-01,-1.288953e+01
109.64782,8.794677e-01,-6.423753e+01,2.014456e-01,4.692824e+01,2.014456e-01,4.692740e+01,9.232620e-01,-1.399782e+01
120.22644,8.649713e-01,-6.895725e+01,2.126808e-01,4.385300e+01,2.126808e-01,4.385223e+01,9.205877e-01,-1.519105e+01
131.82567,8.498084e-01,-7.381961e+01,2.235723e-01,4.069452e+01,2.235723e-01,4.069383e+01,9.178587e-01,-1.647635e+01
144.54398,8.341996e-01,-7.879294e+01,2.339772e-01,3.747038e+01,2.339771e-01,3.746974e+01,9.151295e-01,-1.786207e+01
158.48932,8.183944e-01,-8.384185e+01,2.437633e-01,3.419850e+01,2.437633e-01,3.419792e+01,9.124588e-01,-1.935785e+01
173.78008,8.026569e-01,-8.892823e+01,2.528154e-01,3.089634e+01,2.528154e-01,3.089581e+01,9.099065e-01,-2.097463e+01
190.54607,7.872489e-01,-9.401253e+01,2.610385e-01,2.757989e+01,2.610385e-01,2.757941e+01,9.075303e-01,-2.272461e+01
208.92961,7.724147e-01,-9.905515e+01,2.683602e-01,2.426303e+01,2.683601e-01,2.426259e+01,9.053834e-01,-2.462102e+01
229.08677,7.583674e-01,-1.040178e+02,2.747295e-01,2.095694e+01,2.747294e-01,2.095654e+01,9.035126e-01,-2.667789e+01
251.18864,7.452793e-01,-1.088648e+02,2.801151e-01,1.766980e+01,2.801151e-01,1.766943e+01,9.019570e-01,-2.890963e+01
275.42287,7.332771e-01,-1.135641e+02,2.845014e-01,1.440675e+01,2.845014e-01,1.440641e+01,9.007488e-01,-3.133068e+01
301.99517,7.224412e-01,-1.180885e+02,2.878839e-01,1.117009e+01,2.878838e-01,1.116978e+01,8.999133e-01,-3.395497e+01
331.13112,7.128093e-01,-1.224156e+02,2.902646e-01,7.959656e+00,2.902645e-01,7.959378e+00,8.994700e-01,-3.679542e+01
363.07805,7.043821e-01,-1.265286e+02,2.916484e-01,4.773398e+00,2.916484e-01,4.773145e+00,8.994340e-01,-3.986332e+01
398.10717,6.971304e-01,-1.304161e+02,2.920397e-01,1.608018e+00,2.920396e-01,1.607787e+00,8.998163e-01,-4.316772e+01
436.51583,6.910028e-01,-1.340719e+02,2.914405e-01,-1.540286e+00,2.914405e-01,-1.540497e+00,9.006245e-01,-4.671468e+01
478.63009,6.859322e-01,-1.374944e+02,2.898503e-01,-4.675053e+00,2.898503e-01,-4.675246e+00,9.018623e-01,-5.050652e+01
524.80746,6.818416e-01,-1.406861e+02,2.872664e-01,-7.798805e+00,2.872664e-01,-7.798980e+00,9.035286e-01,-5.454112e+01
575.43994,6.786482e-01,-1.436529e+02,2.836868e-01,-1.091232e+01,2.836868e-01,-1.091248e+01,9.056162e-01,-5.881112e+01
630.95734,6.762665e-01,-1.464035e+02,2.791131e-01,-1.401402e+01,2.791130e-01,-1.401416e+01,9.081099e-01,-6.330338e+01
691.83097,6.746096e-01,-1.489486e+02,2.735548e-01,-1.709940e+01,2.735548e-01,-1.709954e+01,9.109847e-01,-6.799855e+01
758.57758,6.735907e-01,-1.513001e+02,2.670341e-01,-2.016078e+01,2.670341e-01,-2.016090e+01,9.142043e-01,-7.287102e+01
831.76377,6.731233e-01,-1.534710e+02,2.595900e-01,-2.318708e+01,2.595899e-01,-2.318719e+01,9.177208e-01,-7.788914e+01
912.01084,6.731221e-01,-1.554739e+02,2.512815e-01,-2.616400e+01,2.512814e-01,-2.616410e+01,9.214747e-01,-8.301601e+01
1000.00000,6.735036e-01,-1.573216e+02,2.421899e-01,-2.907439e+01,2.421898e-01,-2.907449e+01,9.253972e-01,-8.821060e+01
1096.47820,6.741875e-01,-1.590259e+02,2.324182e-01,-3.189885e+01,2.324182e-01,-3.189893e+01,9.294128e-01,-9.342926e+01
1202.26443,6.750980e-01,-1.605977e+02,2.220891e-01,-3.461650e+01,2.220891e-01,-3.461658e+01,9.334441e-01,-9.862751e+01
1318.25674,6.761659e-01,-1.620467e+02,2.113399e-01,-3.720595e+01,2.113399e-01,-3.720602e+01,9.374156e-01,-1.037618e+02
1445.43977,6.773298e-01,-1.633816e+02,2.003172e-01,-3.964617e+01,2.003171e-01,-3.964624e+01,9.412586e-01,-1.087915e+02
1584.89319,6.785379e-01,-1.646098e+02,1.891692e-01,-4.191739e+01,1.891692e-01,-4.191744e+01,9.449149e-01,-1.136800e+02
1737.80083,6.797483e-01,-1.657379e+02,1.780398e-01,-4.400175e+01,1.780398e-01,-4.400180e+01,9.483388e-01,-1.183959e+02
1905.46072,6.809295e-01,-1.667717e+02,1.670620e-01,-4.588388e+01,1.670619e-01,-4.588392e+01,9.514984e-01,-1.229142e+02
2089.29613,6.820594e-01,-1.677162e+02,1.563536e-01,-4.755117e+01,1.563535e-01,-4.755121e+01,9.543752e-01,-1.272155e+02
2290.86765,6.831251e-01,-1.685760e+02,1.460142e-01,-4.899394e+01,1.460141e-01,-4.899398e+01,9.569630e-01,-1.312869e+02
2511.88643,6.841209e-01,-1.693551e+02,1.361239e-01,-5.020544e+01,1.361239e-01,-5.020547e+01,9.592658e-01,-1.351207e+02
2754.22870,6.850477e-01,-1.700574e+02,1.267436e-01,-5.118174e+01,1.267436e-01,-5.118177e+01,9.612954e-01,-1.387144e+02
3019.95172,6.859111e-01,-1.706865e+02,1.179158e-01,-5.192166e+01,1.179158e-01,-5.192168e+01,9.630693e-01,-1.420693e+02
3311.31121,6.867208e-01,-1.712457e+02,1.096668e-01,-5.242665e+01,1.096667e-01,-5.242668e+01,9.646083e-01,-1.451905e+02
3630.78055,6.874893e-01,-1.717380e+02,1.020087e-01,-5.270078e+01,1.020087e-01,-5.270080e+01,9.659353e-01,-1.480853e+02
3981.07171,6.882315e-01,-1.721663e+02,9.494213e-02,-5.275072e+01,9.494212e-02,-5.275074e+01,9.670733e-01,-1.507632e+02
4365.15832,6.889644e-01,-1.725333e+02,8.845818e-02,-5.258586e+01,8.845817e-02,-5.258588e+01,9.680450e-01,-1.532347e+02
4786.30092,6.897065e-01,-1.728414e+02,8.254047e-02,-5.221848e+01,8.254046e-02,-5.221849e+01,9.688716e-01,-1.555115e+02
5248.07460,6.904781e-01,-1.730928e+02,7.716693e-02,-5.166386e+01,7.716692e-02,-5.166387e+01,9.695727e-01,-1.576054e+02
5754.39937,6.913017e-01,-1.732893e+02,7.231121e-02,-5.094047e+01,7.231120e-02,-5.094048e+01,9.701662e-01,-1.595284e+02
6309.57344,6.922017e-01,-1.734327e+02,6.794380e-02,-5.007000e+01,6.794379e-02,-5.007001e+01,9.706677e-01,-1.612925e+02
6918.30971,6.932054e-01,-1.735247e+02,6.403299e-02,-4.907726e+01,6.403298e-02,-4.907727e+01,9.710914e-01,-1.629091e+02
7585.77575,6.943432e-01,-1.735665e+02,6.054549e-02,-4.798994e+01,6.054549e-02,-4.798995e+01,9.714495e-01,-1.643893e+02
8317.63771,6.956495e-01,-1.735595e+02,5.744711e-02,-4.683814e+01,5.744711e-02,-4.683814e+01,9.717525e-01,-1.657435e+02
9120.10839,6.971627e-01,-1.735050e+02,5.470315e-02,-4.565364e+01,5.470314e-02,-4.565364e+01,9.720096e-01,-1.669819e+02
10000.00000,6.989266e-01,-1.734043e+02,5.227882e-02,-4.446911e+01,5.227882e-02,-4.446911e+01,9.722289e-01,-1.681136e+02
