! ! 
! S ! 
! ! 
! # MHz  S  MA  R  50.00000
! ! ===================================================================
1.00000,9.947446e-01,-6.654190e-01,2.282952e-03,8.962495e+01,2.282950e-03,8.954823e+01,9.008769e-01,-1.383748e-01
1.09648,9.947417e-01,-7.296154e-01,2.503194e-03,8.957458e+01,2.503192e-03,8.950461e+01,9.008763e-01,-1.517228e-01
1.20226,9.947382e-01,-8.000049e-01,2.744681e-03,8.952060e+01,2.744678e-03,8.945679e+01,9.008756e-01,-1.663586e-01
1.31826,9.947340e-01,-8.771845e-01,3.009460e-03,8.946255e+01,3.009458e-03,8.940435e+01,9.008747e-01,-1.824064e-01
1.44544,9.947289e-01,-9.618093e-01,3.299777e-03,8.939993e+01,3.299775e-03,8.934686e+01,9.008737e-01,-2.000026e-01
1.58489,9.947228e-01,-1.054597e+00,3.618094e-03,8.933223e+01,3.618092e-03,8.928382e+01,9.008725e-01,-2.192962e-01
1.73780,9.947154e-01,-1.156335e+00,3.967110e-03,8.925886e+01,3.967108e-03,8.921471e+01,9.008710e-01,-2.404511e-01
1.90546,9.947066e-01,-1.267886e+00,4.349781e-03,8.917920e+01,4.349780e-03,8.913894e+01,9.008693e-01,-2.636467e-01
2.08930,9.946960e-01,-1.390196e+00,4.769351e-03,8.909257e+01,4.769349e-03,8.905585e+01,9.008671e-01,-2.890798e-01
2.29087,9.946832e-01,-1.524302e+00,5.229371e-03,8.899825e+01,5.229369e-03,8.896476e+01,9.008646e-01,-3.169661e-01
2.51189,9.946679e-01,-1.671341e+00,5.733736e-03,8.889542e+01,5.733734e-03,8.886488e+01,9.008615e-01,-3.475420e-01
2.75423,9.946495e-01,-1.832559e+00,6.286712e-03,8.878323e+01,6.286710e-03,8.875538e+01,9.008578e-01,-3.810667e-01
3.01995,9.946273e-01,-2.009321e+00,6.892972e-03,8.866072e+01,6.892970e-03,8.863532e+01,9.008534e-01,-4.178244e-01
3.31131,9.946007e-01,-2.203123e+00,7.557638e-03,8.852685e+01,7.557636e-03,8.850369e+01,9.008480e-01,-4.581264e-01
3.63078,9.945687e-01,-2.415607e+00,8.286316e-03,8.838050e+01,8.286314e-03,8.835937e+01,9.008416e-01,-5.023142e-01
3.98107,9.945302e-01,-2.648569e+00,9.085147e-03,8.822041e+01,9.085145e-03,8.820114e+01,9.008339e-01,-5.507617e-01
4.36516,9.944839e-01,-2.903977e+00,9.960851e-03,8.804525e+01,9.960849e-03,8.802768e+01,9.008247e-01,-6.038789e-01
4.78630,9.944283e-01,-3.183988e+00,1.092078e-02,8.785354e+01,1.092078e-02,8.783751e+01,9.008135e-01,-6.621148e-01
5.24807,9.943615e-01,-3.490963e+00,1.197299e-02,8.764365e+01,1.197298e-02,8.762904e+01,9.008002e-01,-7.259613e-01
5.75440,9.942812e-01,-3.827488e+00,1.312625e-02,8.741383e+01,1.312625e-02,8.740050e+01,9.007841e-01,-7.959573e-01
6.30957,9.941847e-01,-4.196392e+00,1.439020e-02,8.716215e+01,1.439019e-02,8.714999e+01,9.007648e-01,-8.726926e-01
6.91831,9.940688e-01,-4.600771e+00,1.577530e-02,8.688648e+01,1.577530e-02,8.687540e+01,9.007416e-01,-9.568133e-01
7.58578,9.939295e-01,-5.044012e+00,1.729301e-02,8.658455e+01,1.729301e-02,8.657443e+01,9.007137e-01,-1.049026e+00
8.31764,9.937622e-01,-5.529814e+00,1.895579e-02,8.625382e+01,1.895579e-02,8.624459e+01,9.006803e-01,-1.150104e+00
9.12011,9.935613e-01,-6.062220e+00,2.077722e-02,8.589155e+01,2.077722e-02,8.588314e+01,9.006401e-01,-1.260893e+00
10.00000,9.933201e-01,-6.645643e+00,2.277203e-02,8.549476e+01,2.277203e-02,8.548709e+01,9.005918e-01,-1.382316e+00
10.96478,9.930305e-01,-7.284895e+00,2.495622e-02,8.506019e+01,2.495621e-02,8.505319e+01,9.005340e-01,-1.515383e+00
12.02264,9.926831e-01,-7.985216e+00,2.734708e-02,8.458429e+01,2.734707e-02,8.457791e+01,9.004645e-01,-1.661195e+00
13.18257,9.922663e-01,-8.752307e+00,2.996328e-02,8.406321e+01,2.996328e-02,8.405740e+01,9.003813e-01,-1.820951e+00
14.45440,9.917666e-01,-9.592361e+00,3.282490e-02,8.349279e+01,3.282489e-02,8.348749e+01,9.002815e-01,-1.995960e+00
15.84893,9.911678e-01,-1.051209e+01,3.595342e-02,8.286851e+01,3.595341e-02,8.286367e+01,9.001620e-01,-2.187641e+00
17.37801,9.904507e-01,-1.151874e+01,3.937174e-02,8.218551e+01,3.937173e-02,8.218109e+01,9.000190e-01,-2.397540e+00
19.05461,9.895927e-01,-1.262015e+01,4.310408e-02,8.143855e+01,4.310407e-02,8.143452e+01,8.998480e-01,-2.627326e+00
20.89296,9.885670e-01,-1.382472e+01,4.717589e-02,8.062203e+01,4.717588e-02,8.061835e+01,8.996439e-01,-2.878810e+00
22.90868,9.873422e-01,-1.514143e+01,5.161359e-02,7.972998e+01,5.161358e-02,7.972663e+01,8.994004e-01,-3.153940e+00
25.11886,9.858817e-01,-1.657986e+01,5.644430e-02,7.875610e+01,5.644429e-02,7.875305e+01,8.991104e-01,-3.454812e+00
27.54229,9.841429e-01,-1.815011e+01,6.169534e-02,7.769375e+01,6.169533e-02,7.769097e+01,8.987657e-01,-3.783671e+00
30.19952,9.820767e-01,-1.986280e+01,6.739365e-02,7.653603e+01,6.739364e-02,7.653349e+01,8.983570e-01,-4.142914e+00
33.11311,9.796269e-01,-2.172893e+01,7.356493e-02,7.527586e+01,7.356492e-02,7.527354e+01,8.978736e-01,-4.535081e+00
36.30781,9.767303e-01,-2.375980e+01,8.023259e-02,7.390604e+01,8.023258e-02,7.390393e+01,8.973037e-01,-4.962860e+00
39.81072,9.733161e-01,-2.596681e+01,8.741641e-02,7.241946e+01,8.741639e-02,7.241754e+01,8.966343e-01,-5.429072e+00
43.65158,9.693069e-01,-2.836119e+01,9.513088e-02,7.080924e+01,9.513087e-02,7.080749e+01,8.958514e-01,-5.936663e+00
47.86301,9.646194e-01,-3.095379e+01,1.033833e-01,6.906897e+01,1.033833e-01,6.906737e+01,8.949405e-01,-6.488690e+00
52.48075,9.591669e-01,-3.375457e+01,1.121716e-01,6.719298e+01,1.121716e-01,6.719152e+01,8.938872e-01,-7.088313e+00
57.54399,9.528618e-01,-3.677226e+01,1.214820e-01,6.517668e+01,1.214820e-01,6.517535e+01,8.926775e-01,-7.738783e+00
63.09573,9.456205e-01,-4.001373e+01,1.312863e-01,6.301693e+01,1.312863e-01,6.301571e+01,8.912995e-01,-8.443446e+00
69.18310,9.373686e-01,-4.348343e+01,1.415403e-01,6.071239e+01,1.415403e-01,6.071128e+01,8.897443e-01,-9.205759e+00
75.85776,9.280482e-01,-4.718276e+01,1.521812e-01,5.826393e+01,1.521812e-01,5.826292e+01,8.880078e-01,-1.002933e+01
83.17638,9.176257e-01,-5.110936e+01,1.631274e-01,5.567494e+01,1.631274e-01,5.567402e+01,8.860918e-01,-1.091798e+01
91.20108,9.060995e-01,-5.525657e+01,1.742783e-01,5.295160e+01,1.742783e-01,5.295076e+01,8.840062e-01,-1.187586e+01
100.00000,8.935084e-01,-5.961288e+01,1.855159e-01,5.010294e+01,1.855159e-01,5.010217e+01,8.817701e-01,-1.290760e+01
109.64782,8.799362e-01,-6.416162e+01,1.967087e-01,4.714081e+01,1.967087e-01,4.714011e+01,8.794123e-01,-1.401847e+01
120.22644,8.655153e-01,-6.888087e+01,2.077158e-01,4.407956e+01,2.077158e-01,4.407892e+01,8.769717e-01,-1.521455e+01
131.82567,8.504242e-01,-7.374361e+01,2.183938e-01,4.093552e+01,2.183938e-01,4.093494e+01,8.744960e-01,-1.650300e+01
144.54398,8.348816e-01,-7.871827e+01,2.286032e-01,3.772632e+01,2.286031e-01,3.772579e+01,8.720403e-01,-1.789213e+01
158.48932,8.191351e-01,-8.376947e+01,2.382149e-01,3.446996e+01,2.382149e-01,3.446947e+01,8.696643e-01,-1.939157e+01
173.78008,8.034473e-01,-8.885911e+01,2.471162e-01,3.118397e+01,2.471162e-01,3.118353e+01,8.674294e-01,-2.101224e+01
190.54607,7.880790e-01,-9.394760e+01,2.552144e-01,2.788450e+01,2.552144e-01,2.788410e+01,8.653963e-01,-2.276630e+01
208.92961,7.732740e-01,-9.899529e+01,2.624386e-01,2.458555e+01,2.624386e-01,2.458518e+01,8.636220e-01,-2.466695e+01
229.08677,7.592449e-01,-1.039638e+02,2.687395e-01,2.129841e+01,2.687395e-01,2.129808e+01,8.621583e-01,-2.672815e+01
251.18864,7.461642e-01,-1.088172e+02,2.740869e-01,1.803140e+01,2.740868e-01,1.803109e+01,8.610512e-01,-2.896428e+01
275.42287,7.341586e-01,-1.135236e+02,2.784660e-01,1.478974e+01,2.784659e-01,1.478946e+01,8.603406e-01,-3.138969e+01
301.99517,7.233092e-01,-1.180553e+02,2.818732e-01,1.157578e+01,2.818732e-01,1.157553e+01,8.600612e-01,-3.401824e+01
331.13112,7.136540e-01,-1.223900e+02,2.843117e-01,8.389353e+00,2.843117e-01,8.389122e+00,8.602430e-01,-3.686274e+01
363.07805,7.051940e-01,-1.265107e+02,2.857871e-01,5.228302e+00,2.857871e-01,5.228091e+00,8.609120e-01,-3.993437e+01
398.10717,6.979008e-01,-1.304057e+02,2.863046e-01,2.089157e+00,2.863046e-01,2.088965e+00,8.620910e-01,-4.324202e+01
436.51583,6.917234e-01,-1.340687e+02,2.858669e-01,-1.032161e+00,2.858668e-01,-1.032337e+00,8.637991e-01,-4.679160e+01
478.63009,6.865954e-01,-1.374979e+02,2.844735e-01,-4.139582e+00,2.844734e-01,-4.139742e+00,8.660506e-01,-5.058527e+01
524.80746,6.824407e-01,-1.406957e+02,2.821214e-01,-7.236128e+00,2.821213e-01,-7.236273e+00,8.688533e-01,-5.462071e+01
575.43994,6.791777e-01,-1.436677e+02,2.788073e-01,-1.032319e+01,2.788073e-01,-1.032333e+01,8.722065e-01,-5.889043e+01
630.95734,6.767222e-01,-1.464227e+02,2.745304e-01,-1.339989e+01,2.745304e-01,-1.340001e+01,8.760974e-01,-6.338114e+01
691.83097,6.749892e-01,-1.489710e+02,2.692967e-01,-1.646252e+01,2.692966e-01,-1.646263e+01,8.804989e-01,-6.807343e+01
758.57758,6.738939e-01,-1.513248e+02,2.631231e-01,-1.950418e+01,2.631231e-01,-1.950428e+01,8.853672e-01,-7.294166e+01
831.76377,6.733522e-01,-1.534968e+02,2.560423e-01,-2.251461e+01,2.560422e-01,-2.251470e+01,8.906406e-01,-7.795428e+01
912.01084,6.732808e-01,-1.554998e+02,2.481058e-01,-2.548020e+01,2.481058e-01,-2.548028e+01,8.962399e-01,-8.307454e+01
1000.00000,6.735984e-01,-1.573467e+02,2.393868e-01,-2.838438e+01,2.393867e-01,-2.838446e+01,9.020709e-01,-8.826167e+01
1096.47820,6.742263e-01,-1.590493e+02,2.299799e-01,-3.120814e+01,2.299798e-01,-3.120821e+01,9.080292e-01,-9.347232e+01
1202.26443,6.750900e-01,-1.606189e+02,2.199998e-01,-3.393077e+01,2.199998e-01,-3.393083e+01,9.140053e-01,-9.866233e+01
1318.25674,6.761206e-01,-1.620653e+02,2.095772e-01,-3.653079e+01,2.095772e-01,-3.653085e+01,9.198920e-01,-1.037886e+02
1445.43977,6.772569e-01,-1.633974e+02,1.988532e-01,-3.898688e+01,1.988532e-01,-3.898693e+01,9.255902e-01,-1.088105e+02
1584.89319,6.784463e-01,-1.646228e+02,1.879727e-01,-4.127874e+01,1.879727e-01,-4.127878e+01,9.310152e-01,-1.136920e+02
1737.80083,6.796460e-01,-1.657483e+02,1.770778e-01,-4.338786e+01,1.770778e-01,-4.338790e+01,9.360998e-01,-1.184017e+02
1905.46072,6.808228e-01,-1.667797e+02,1.663015e-01,-4.529811e+01,1.663014e-01,-4.529815e+01,9.407966e-01,-1.229147e+02
2089.29613,6.819536e-01,-1.677221e+02,1.557628e-01,-4.699610e+01,1.557628e-01,-4.699613e+01,9.450774e-01,-1.272117e+02
2290.86765,6.830239e-01,-1.685801e+02,1.455640e-01,-4.847135e+01,1.455639e-01,-4.847138e+01,9.489320e-01,-1.312796e+02
2511.88643,6.840270e-01,-1.693578e+02,1.357880e-01,-4.971638e+01,1.357880e-01,-4.971641e+01,9.523653e-01,-1.351108e+02
2754.22870,6.849625e-01,-1.700590e+02,1.264991e-01,-5.072662e+01,1.264991e-01,-5.072664e+01,9.553938e-01,-1.387026e+02
3019.95172,6.858352e-01,-1.706873e+02,1.177432e-01,-5.150032e+01,1.177432e-01,-5.150034e+01,9.580428e-01,-1.420564e+02
3311.31121,6.866543e-01,-1.712459e+02,1.095498e-01,-5.203848e+01,1.095497e-01,-5.203850e+01,9.603425e-01,-1.451768e+02
3630.78055,6.874318e-01,-1.717379e+02,1.019339e-01,-5.234478e+01,1.019339e-01,-5.234480e+01,9.623265e-01,-1.480714e+02
3981.07171,6.881824e-01,-1.721661e+02,9.489886e-02,-5.242562e+01,9.489885e-02,-5.242564e+01,9.640286e-01,-1.507492e+02
4365.15832,6.889227e-01,-1.725331e+02,8.843781e-02,-5.229018e+01,8.843780e-02,-5.229019e+01,9.654821e-01,-1.532211e+02
4786.30092,6.896711e-01,-1.728414e+02,8.253629e-02,-5.195055e+01,8.253628e-02,-5.195056e+01,9.667187e-01,-1.554983e+02
5248.07460,6.904482e-01,-1.730929e+02,7.717375e-02,-5.142193e+01,7.717374e-02,-5.142194e+01,9.677674e-01,-1.575928e+02
5754.39937,6.912760e-01,-1.732898e+02,7.232508e-02,-5.072271e+01,7.232507e-02,-5.072272e+01,9.686545e-01,-1.595165e+02
6309.57344,6.921792e-01,-1.734336e+02,6.796177e-02,-4.987452e+01,6.796177e-02,-4.987453e+01,9.694037e-01,-1.612813e+02
6918.30971,6.931851e-01,-1.735260e+02,6.405289e-02,-4.890217e+01,6.405288e-02,-4.890218e+01,9.700356e-01,-1.628986e+02
7585.77575,6.943241e-01,-1.735682e+02,6.056578e-02,-4.783335e+01,6.056577e-02,-4.783336e+01,9.705685e-01,-1.643795e+02
8317.63771,6.956305e-01,-1.735617e+02,5.746672e-02,-4.669818e+01,5.746672e-02,-4.669819e+01,9.710180e-01,-1.657344e+02
9120.10839,6.971429e-01,-1.735077e+02,5.472139e-02,-4.552850e+01,5.472139e-02,-4.552851e+01,9.713979e-01,-1.669735e+02
10000.00000,6.989049e-01,-1.734076e+02,5.229530e-02,-4.435705e+01,5.229530e-02,-4.435706e+01,9.717197e-01,-1.681059e+02
