! ! 
! S ! 
! ! 
! # MHz  S  MA  R  50.00000
! ! ===================================================================
1.00000,9.947446e-01,-6.654189e-01,2.342438e-03,8.962322e+01,2.342436e-03,8.954651e+01,9.504072e-01,-1.380862e-01
1.09648,9.947416e-01,-7.296154e-01,2.568419e-03,8.957269e+01,2.568417e-03,8.950272e+01,9.504066e-01,-1.514066e-01
1.20226,9.947381e-01,-8.000048e-01,2.816197e-03,8.951853e+01,2.816195e-03,8.945472e+01,9.504058e-01,-1.660122e-01
1.31826,9.947338e-01,-8.771845e-01,3.087876e-03,8.946028e+01,3.087874e-03,8.940209e+01,9.504049e-01,-1.820269e-01
1.44544,9.947287e-01,-9.618093e-01,3.385758e-03,8.939745e+01,3.385756e-03,8.934438e+01,9.504038e-01,-1.995866e-01
1.58489,9.947226e-01,-1.054597e+00,3.712369e-03,8.932951e+01,3.712367e-03,8.928111e+01,9.504025e-01,-2.188403e-01
1.73780,9.947152e-01,-1.156335e+00,4.070478e-03,8.925588e+01,4.070477e-03,8.921173e+01,9.504009e-01,-2.399514e-01
1.90546,9.947064e-01,-1.267886e+00,4.463121e-03,8.917593e+01,4.463119e-03,8.913567e+01,9.503990e-01,-2.630990e-01
2.08930,9.946957e-01,-1.390196e+00,4.893622e-03,8.908899e+01,4.893621e-03,8.905228e+01,9.503967e-01,-2.884794e-01
2.29087,9.946829e-01,-1.524302e+00,5.365629e-03,8.899433e+01,5.365627e-03,8.896084e+01,9.503939e-01,-3.163078e-01
2.51189,9.946675e-01,-1.671341e+00,5.883135e-03,8.889113e+01,5.883133e-03,8.886058e+01,9.503906e-01,-3.468203e-01
2.75423,9.946489e-01,-1.832558e+00,6.450519e-03,8.877852e+01,6.450517e-03,8.875067e+01,9.503867e-01,-3.802755e-01
3.01995,9.946267e-01,-2.009320e+00,7.072575e-03,8.865556e+01,7.072573e-03,8.863015e+01,9.503819e-01,-4.169569e-01
3.31131,9.945999e-01,-2.203123e+00,7.754558e-03,8.852119e+01,7.754556e-03,8.849802e+01,9.503761e-01,-4.571754e-01
3.63078,9.945677e-01,-2.415606e+00,8.502221e-03,8.837429e+01,8.502220e-03,8.835316e+01,9.503692e-01,-5.012714e-01
3.98107,9.945291e-01,-2.648568e+00,9.321864e-03,8.821361e+01,9.321862e-03,8.819434e+01,9.503609e-01,-5.496184e-01
4.36516,9.944826e-01,-2.903975e+00,1.022038e-02,8.803779e+01,1.022038e-02,8.802022e+01,9.503509e-01,-6.026252e-01
4.78630,9.944267e-01,-3.183986e+00,1.120532e-02,8.784536e+01,1.120532e-02,8.782933e+01,9.503389e-01,-6.607400e-01
5.24807,9.943595e-01,-3.490961e+00,1.228494e-02,8.763469e+01,1.228493e-02,8.762007e+01,9.503245e-01,-7.244537e-01
5.75440,9.942788e-01,-3.827485e+00,1.346825e-02,8.740400e+01,1.346824e-02,8.739067e+01,9.503072e-01,-7.943040e-01
6.30957,9.941819e-01,-4.196388e+00,1.476511e-02,8.715137e+01,1.476511e-02,8.713921e+01,9.502863e-01,-8.708795e-01
6.91831,9.940654e-01,-4.600766e+00,1.618629e-02,8.687467e+01,1.618629e-02,8.686358e+01,9.502613e-01,-9.548248e-01
7.58578,9.939254e-01,-5.044004e+00,1.774353e-02,8.657159e+01,1.774353e-02,8.656148e+01,9.502313e-01,-1.046845e+00
8.31764,9.937573e-01,-5.529804e+00,1.944961e-02,8.623962e+01,1.944961e-02,8.623039e+01,9.501952e-01,-1.147712e+00
9.12011,9.935554e-01,-6.062207e+00,2.131847e-02,8.587599e+01,2.131847e-02,8.586757e+01,9.501518e-01,-1.258269e+00
10.00000,9.933130e-01,-6.645626e+00,2.336522e-02,8.547770e+01,2.336521e-02,8.547003e+01,9.500998e-01,-1.379438e+00
10.96478,9.930220e-01,-7.284872e+00,2.560626e-02,8.504148e+01,2.560625e-02,8.503449e+01,9.500374e-01,-1.512225e+00
12.02264,9.926728e-01,-7.985186e+00,2.805934e-02,8.456379e+01,2.805934e-02,8.455741e+01,9.499625e-01,-1.657729e+00
13.18257,9.922540e-01,-8.752268e+00,3.074362e-02,8.404074e+01,3.074361e-02,8.403492e+01,9.498727e-01,-1.817148e+00
14.45440,9.917518e-01,-9.592310e+00,3.367967e-02,8.346817e+01,3.367967e-02,8.346286e+01,9.497651e-01,-1.991785e+00
15.84893,9.911501e-01,-1.051202e+01,3.688954e-02,8.284153e+01,3.688954e-02,8.283669e+01,9.496362e-01,-2.183058e+00
17.37801,9.904295e-01,-1.151866e+01,4.039671e-02,8.215594e+01,4.039671e-02,8.215152e+01,9.494819e-01,-2.392507e+00
19.05461,9.895673e-01,-1.262004e+01,4.422602e-02,8.140615e+01,4.422602e-02,8.140212e+01,9.492975e-01,-2.621798e+00
20.89296,9.885366e-01,-1.382457e+01,4.840355e-02,8.058654e+01,4.840354e-02,8.058287e+01,9.490772e-01,-2.872735e+00
22.90868,9.873059e-01,-1.514123e+01,5.295639e-02,7.969112e+01,5.295639e-02,7.968777e+01,9.488144e-01,-3.147262e+00
25.11886,9.858383e-01,-1.657960e+01,5.791233e-02,7.871355e+01,5.791232e-02,7.871050e+01,9.485015e-01,-3.447467e+00
27.54229,9.840911e-01,-1.814977e+01,6.329936e-02,7.764717e+01,6.329935e-02,7.764439e+01,9.481295e-01,-3.775590e+00
30.19952,9.820149e-01,-1.986235e+01,6.914506e-02,7.648506e+01,6.914504e-02,7.648252e+01,9.476883e-01,-4.134015e+00
33.11311,9.795534e-01,-2.172835e+01,7.547573e-02,7.522010e+01,7.547572e-02,7.521778e+01,9.471664e-01,-4.525276e+00
36.30781,9.766430e-01,-2.375904e+01,8.231530e-02,7.384508e+01,8.231529e-02,7.384296e+01,9.465508e-01,-4.952047e+00
39.81072,9.732128e-01,-2.596581e+01,8.968396e-02,7.235284e+01,8.968395e-02,7.235091e+01,9.458276e-01,-5.417136e+00
43.65158,9.691848e-01,-2.835991e+01,9.759644e-02,7.073648e+01,9.759642e-02,7.073472e+01,9.449814e-01,-5.923475e+00
47.86301,9.644756e-01,-3.095213e+01,1.060601e-01,6.898955e+01,1.060601e-01,6.898795e+01,9.439964e-01,-6.474102e+00
52.48075,9.589982e-01,-3.375244e+01,1.150725e-01,6.710636e+01,1.150725e-01,6.710490e+01,9.428567e-01,-7.072158e+00
57.54399,9.526647e-01,-3.676953e+01,1.246193e-01,6.508229e+01,1.246193e-01,6.508096e+01,9.415468e-01,-7.720871e+00
63.09573,9.453914e-01,-4.001025e+01,1.346715e-01,6.291417e+01,1.346715e-01,6.291295e+01,9.400532e-01,-8.423562e+00
69.18310,9.371037e-01,-4.347903e+01,1.451831e-01,6.060063e+01,1.451831e-01,6.059952e+01,9.383657e-01,-9.183660e+00
75.85776,9.277438e-01,-4.717722e+01,1.560896e-01,5.814251e+01,1.560896e-01,5.814150e+01,9.364785e-01,-1.000474e+01
83.17638,9.172783e-01,-5.110245e+01,1.673068e-01,5.554319e+01,1.673068e-01,5.554226e+01,9.343924e-01,-1.089060e+01
91.20108,9.057060e-01,-5.524801e+01,1.787311e-01,5.280879e+01,1.787311e-01,5.280795e+01,9.321164e-01,-1.184536e+01
100.00000,8.930663e-01,-5.960237e+01,1.902412e-01,4.994833e+01,1.902412e-01,4.994756e+01,9.296686e-01,-1.287361e+01
109.64782,8.794439e-01,-6.414884e+01,2.017016e-01,4.697361e+01,2.017016e-01,4.697291e+01,9.270774e-01,-1.398058e+01
120.22644,8.649719e-01,-6.886548e+01,2.129676e-01,4.389894e+01,2.129676e-01,4.389830e+01,9.243811e-01,-1.517236e+01
131.82567,8.498302e-01,-7.372529e+01,2.238916e-01,4.074059e+01,2.238916e-01,4.074001e+01,9.216272e-01,-1.645607e+01
144.54398,8.342386e-01,-7.869669e+01,2.343301e-01,3.751610e+01,2.343301e-01,3.751557e+01,9.188701e-01,-1.784000e+01
158.48932,8.184461e-01,-8.374434e+01,2.441505e-01,3.424343e+01,2.441505e-01,3.424295e+01,9.161685e-01,-1.933378e+01
173.78008,8.027163e-01,-8.883016e+01,2.532366e-01,3.094000e+01,2.532366e-01,3.093956e+01,9.135820e-01,-2.094835e+01
190.54607,7.873113e-01,-9.391463e+01,2.614928e-01,2.762186e+01,2.614928e-01,2.762146e+01,9.111685e-01,-2.269586e+01
208.92961,7.724758e-01,-9.895812e+01,2.688459e-01,2.430292e+01,2.688459e-01,2.430255e+01,9.089809e-01,-2.458955e+01
229.08677,7.584234e-01,-1.039223e+02,2.752444e-01,2.099441e+01,2.752444e-01,2.099408e+01,9.070657e-01,-2.664342e+01
251.18864,7.453272e-01,-1.087714e+02,2.806565e-01,1.770457e+01,2.806565e-01,1.770427e+01,9.054619e-01,-2.887191e+01
275.42287,7.333147e-01,-1.134735e+02,2.850661e-01,1.443860e+01,2.850660e-01,1.443832e+01,9.042010e-01,-3.128945e+01
301.99517,7.224674e-01,-1.180009e+02,2.884682e-01,1.119886e+01,2.884682e-01,1.119860e+01,9.033076e-01,-3.390999e+01
331.13112,7.128235e-01,-1.223315e+02,2.908650e-01,7.985228e+00,2.908649e-01,7.984997e+00,9.028007e-01,-3.674650e+01
363.07805,7.043846e-01,-1.264482e+02,2.922609e-01,4.795708e+00,2.922609e-01,4.795498e+00,9.026943e-01,-3.981031e+01
398.10717,6.971220e-01,-1.303397e+02,2.926605e-01,1.627041e+00,2.926605e-01,1.626849e+00,9.029986e-01,-4.311051e+01
436.51583,6.909846e-01,-1.339995e+02,2.920658e-01,-1.524540e+00,2.920657e-01,-1.524715e+00,9.037202e-01,-4.665323e+01
478.63009,6.859057e-01,-1.374259e+02,2.904761e-01,-4.662545e+00,2.904761e-01,-4.662705e+00,9.048620e-01,-5.044089e+01
524.80746,6.818085e-01,-1.406216e+02,2.878891e-01,-7.789471e+00,2.878891e-01,-7.789617e+00,9.064223e-01,-5.447144e+01
575.43994,6.786102e-01,-1.435923e+02,2.843027e-01,-1.090608e+01,2.843026e-01,-1.090621e+01,9.083934e-01,-5.873763e+01
630.95734,6.762252e-01,-1.463466e+02,2.797186e-01,-1.401076e+01,2.797186e-01,-1.401088e+01,9.107600e-01,-6.322642e+01
691.83097,6.745666e-01,-1.488954e+02,2.741467e-01,-1.709902e+01,2.741467e-01,-1.709913e+01,9.134974e-01,-6.791858e+01
758.57758,6.735473e-01,-1.512504e+02,2.676094e-01,-2.016313e+01,2.676094e-01,-2.016323e+01,9.165705e-01,-7.278858e+01
831.76377,6.730808e-01,-1.534246e+02,2.601458e-01,-2.319203e+01,2.601458e-01,-2.319213e+01,9.199324e-01,-7.780489e+01
912.01084,6.730815e-01,-1.554308e+02,2.518155e-01,-2.617142e+01,2.518154e-01,-2.617150e+01,9.235258e-01,-8.293065e+01
1000.00000,6.734657e-01,-1.572816e+02,2.427000e-01,-2.908412e+01,2.427000e-01,-2.908420e+01,9.272839e-01,-8.812487e+01
1096.47820,6.741528e-01,-1.589889e+02,2.329029e-01,-3.191075e+01,2.329029e-01,-3.191082e+01,9.311340e-01,-9.334392e+01
1202.26443,6.750668e-01,-1.605634e+02,2.225472e-01,-3.463044e+01,2.225472e-01,-3.463050e+01,9.350011e-01,-9.854328e+01
1318.25674,6.761384e-01,-1.620151e+02,2.117709e-01,-3.722180e+01,2.117708e-01,-3.722186e+01,9.388126e-01,-1.036794e+02
1445.43977,6.773060e-01,-1.633524e+02,2.007206e-01,-3.966384e+01,2.007206e-01,-3.966389e+01,9.425021e-01,-1.087115e+02
1584.89319,6.785176e-01,-1.645831e+02,1.895453e-01,-4.193679e+01,1.895453e-01,-4.193684e+01,9.460133e-01,-1.136029e+02
1737.80083,6.797314e-01,-1.657135e+02,1.783890e-01,-4.402283e+01,1.783890e-01,-4.402287e+01,9.493021e-01,-1.183222e+02
1905.46072,6.809156e-01,-1.667494e+02,1.673851e-01,-4.590660e+01,1.673851e-01,-4.590664e+01,9.523375e-01,-1.228440e+02
2089.29613,6.820482e-01,-1.676959e+02,1.566515e-01,-4.757552e+01,1.566515e-01,-4.757556e+01,9.551018e-01,-1.271492e+02
2290.86765,6.831162e-01,-1.685575e+02,1.462881e-01,-4.901993e+01,1.462881e-01,-4.901996e+01,9.575888e-01,-1.312245e+02
2511.88643,6.841140e-01,-1.693384e+02,1.363751e-01,-5.023308e+01,1.363751e-01,-5.023311e+01,9.598021e-01,-1.350622e+02
2754.22870,6.850424e-01,-1.700423e+02,1.269733e-01,-5.121107e+01,1.269733e-01,-5.121109e+01,9.617529e-01,-1.386598e+02
3019.95172,6.859072e-01,-1.706730e+02,1.181253e-01,-5.195270e+01,1.181253e-01,-5.195272e+01,9.634581e-01,-1.420187e+02
3311.31121,6.867178e-01,-1.712336e+02,1.098574e-01,-5.245943e+01,1.098574e-01,-5.245945e+01,9.649377e-01,-1.451435e+02
3630.78055,6.874870e-01,-1.717272e+02,1.021818e-01,-5.273530e+01,1.021817e-01,-5.273532e+01,9.662135e-01,-1.480419e+02
3981.07171,6.882296e-01,-1.721569e+02,9.509885e-02,-5.278695e+01,9.509884e-02,-5.278697e+01,9.673077e-01,-1.507231e+02
4365.15832,6.889625e-01,-1.725251e+02,8.859974e-02,-5.262376e+01,8.859973e-02,-5.262377e+01,9.682420e-01,-1.531978e+02
4786.30092,6.897044e-01,-1.728343e+02,8.266800e-02,-5.225792e+01,8.266799e-02,-5.225794e+01,9.690369e-01,-1.554776e+02
5248.07460,6.904755e-01,-1.730867e+02,7.728153e-02,-5.170470e+01,7.728152e-02,-5.170471e+01,9.697112e-01,-1.575742e+02
5754.39937,6.912981e-01,-1.732843e+02,7.241391e-02,-5.098249e+01,7.241390e-02,-5.098250e+01,9.702820e-01,-1.594999e+02
6309.57344,6.921968e-01,-1.734287e+02,6.803560e-02,-5.011291e+01,6.803559e-02,-5.011292e+01,9.707645e-01,-1.612663e+02
6918.30971,6.931988e-01,-1.735216e+02,6.411482e-02,-4.912073e+01,6.411482e-02,-4.912073e+01,9.711721e-01,-1.628851e+02
7585.77575,6.943346e-01,-1.735643e+02,6.061827e-02,-4.803357e+01,6.061827e-02,-4.803358e+01,9.715167e-01,-1.643673e+02
8317.63771,6.956382e-01,-1.735582e+02,5.751170e-02,-4.688148e+01,5.751170e-02,-4.688149e+01,9.718084e-01,-1.657235e+02
9120.10839,6.971483e-01,-1.735045e+02,5.476037e-02,-4.569622e+01,5.476037e-02,-4.569623e+01,9.720561e-01,-1.669636e+02
10000.00000,6.989084e-01,-1.734046e+02,5.232947e-02,-4.451045e+01,5.232947e-02,-4.451046e+01,9.722675e-01,-1.680969e+02
