! ! 
! S ! 
! ! 
! # MHz  S  MA  R  50.00000
! ! ===================================================================
1.00000,9.950696e-01,-6.664466e-01,2.290453e-03,8.963760e+01,2.290450e-03,8.954738e+01,9.047590e-01,-1.384936e-01
1.09648,9.950666e-01,-7.307422e-01,2.511419e-03,8.958596e+01,2.511416e-03,8.950367e+01,9.047584e-01,-1.518529e-01
1.20226,9.950631e-01,-8.012404e-01,2.753698e-03,8.953080e+01,2.753695e-03,8.945576e+01,9.047577e-01,-1.665013e-01
1.31826,9.950589e-01,-8.785392e-01,3.019347e-03,8.947166e+01,3.019344e-03,8.940322e+01,9.047568e-01,-1.825629e-01
1.44544,9.950538e-01,-9.632947e-01,3.310618e-03,8.940804e+01,3.310615e-03,8.934562e+01,9.047558e-01,-2.001741e-01
1.58489,9.950476e-01,-1.056226e+00,3.629981e-03,8.933939e+01,3.629978e-03,8.928247e+01,9.047546e-01,-2.194843e-01
1.73780,9.950403e-01,-1.158121e+00,3.980143e-03,8.926514e+01,3.980140e-03,8.921322e+01,9.047531e-01,-2.406574e-01
1.90546,9.950314e-01,-1.269844e+00,4.364071e-03,8.918465e+01,4.364069e-03,8.913730e+01,9.047513e-01,-2.638729e-01
2.08930,9.950207e-01,-1.392343e+00,4.785018e-03,8.909725e+01,4.785016e-03,8.905406e+01,9.047492e-01,-2.893278e-01
2.29087,9.950079e-01,-1.526656e+00,5.246549e-03,8.900218e+01,5.246547e-03,8.896280e+01,9.047466e-01,-3.172379e-01
2.51189,9.949925e-01,-1.673922e+00,5.752571e-03,8.889865e+01,5.752568e-03,8.886273e+01,9.047435e-01,-3.478400e-01
2.75423,9.949740e-01,-1.835388e+00,6.307362e-03,8.878578e+01,6.307360e-03,8.875302e+01,9.047398e-01,-3.813935e-01
3.01995,9.949518e-01,-2.012423e+00,6.915613e-03,8.866261e+01,6.915611e-03,8.863273e+01,9.047353e-01,-4.181827e-01
3.31131,9.949250e-01,-2.206525e+00,7.582460e-03,8.852810e+01,7.582458e-03,8.850085e+01,9.047299e-01,-4.585193e-01
3.63078,9.948928e-01,-2.419337e+00,8.313530e-03,8.838111e+01,8.313528e-03,8.835626e+01,9.047235e-01,-5.027449e-01
3.98107,9.948542e-01,-2.652658e+00,9.114982e-03,8.822040e+01,9.114980e-03,8.819774e+01,9.047157e-01,-5.512340e-01
4.36516,9.948077e-01,-2.908460e+00,9.993559e-03,8.804461e+01,9.993557e-03,8.802395e+01,9.047064e-01,-6.043966e-01
4.78630,9.947519e-01,-3.188902e+00,1.095664e-02,8.785227e+01,1.095664e-02,8.783342e+01,9.046951e-01,-6.626823e-01
5.24807,9.946848e-01,-3.496351e+00,1.201229e-02,8.764174e+01,1.201229e-02,8.762455e+01,9.046817e-01,-7.265835e-01
5.75440,9.946041e-01,-3.833394e+00,1.316934e-02,8.741126e+01,1.316934e-02,8.739558e+01,9.046655e-01,-7.966392e-01
6.30957,9.945072e-01,-4.202866e+00,1.443742e-02,8.715889e+01,1.443742e-02,8.714459e+01,9.046460e-01,-8.734401e-01
6.91831,9.943908e-01,-4.607867e+00,1.582706e-02,8.688252e+01,1.582706e-02,8.686948e+01,9.046226e-01,-9.576326e-01
7.58578,9.942509e-01,-5.051789e+00,1.734973e-02,8.657985e+01,1.734973e-02,8.656795e+01,9.045945e-01,-1.049924e+00
8.31764,9.940829e-01,-5.538338e+00,1.901795e-02,8.624834e+01,1.901795e-02,8.623749e+01,9.045607e-01,-1.151088e+00
9.12011,9.938811e-01,-6.071561e+00,2.084532e-02,8.588525e+01,2.084532e-02,8.587536e+01,9.045202e-01,-1.261971e+00
10.00000,9.936388e-01,-6.655878e+00,2.284664e-02,8.548759e+01,2.284664e-02,8.547856e+01,9.044716e-01,-1.383497e+00
10.96478,9.933480e-01,-7.296108e+00,2.503794e-02,8.505208e+01,2.503793e-02,8.504385e+01,9.044132e-01,-1.516677e+00
12.02264,9.929990e-01,-7.997498e+00,2.743657e-02,8.457518e+01,2.743657e-02,8.456768e+01,9.043432e-01,-1.662612e+00
13.18257,9.925804e-01,-8.765758e+00,3.006126e-02,8.405303e+01,3.006125e-02,8.404619e+01,9.042593e-01,-1.822503e+00
14.45440,9.920785e-01,-9.607089e+00,3.293213e-02,8.348146e+01,3.293212e-02,8.347522e+01,9.041587e-01,-1.997658e+00
15.84893,9.914771e-01,-1.052821e+01,3.607074e-02,8.285594e+01,3.607073e-02,8.285024e+01,9.040382e-01,-2.189500e+00
17.37801,9.907569e-01,-1.153638e+01,3.950003e-02,8.217159e+01,3.950003e-02,8.216640e+01,9.038940e-01,-2.399572e+00
19.05461,9.898952e-01,-1.263945e+01,4.324431e-02,8.142318e+01,4.324430e-02,8.141845e+01,9.037216e-01,-2.629548e+00
20.89296,9.888651e-01,-1.384581e+01,4.732907e-02,8.060510e+01,4.732906e-02,8.060078e+01,9.035157e-01,-2.881237e+00
22.90868,9.876351e-01,-1.516448e+01,5.178079e-02,7.971137e+01,5.178078e-02,7.970744e+01,9.032702e-01,-3.156590e+00
25.11886,9.861684e-01,-1.660502e+01,5.662663e-02,7.873568e+01,5.662662e-02,7.873209e+01,9.029779e-01,-3.457704e+00
27.54229,9.844223e-01,-1.817756e+01,6.189397e-02,7.767138e+01,6.189396e-02,7.766810e+01,9.026304e-01,-3.786824e+00
30.19952,9.823474e-01,-1.989271e+01,6.760977e-02,7.651156e+01,6.760976e-02,7.650857e+01,9.022183e-01,-4.146346e+00
33.11311,9.798876e-01,-2.176149e+01,7.379973e-02,7.524914e+01,7.379972e-02,7.524641e+01,9.017310e-01,-4.538813e+00
36.30781,9.769792e-01,-2.379520e+01,8.048725e-02,7.387692e+01,8.048724e-02,7.387444e+01,9.011564e-01,-4.966913e+00
39.81072,9.735513e-01,-2.600521e+01,8.769204e-02,7.238779e+01,8.769203e-02,7.238553e+01,9.004816e-01,-5.433466e+00
43.65158,9.695263e-01,-2.840279e+01,9.542852e-02,7.077488e+01,9.542850e-02,7.077281e+01,8.996924e-01,-5.941417e+00
47.86301,9.648208e-01,-3.099874e+01,1.037038e-01,6.903177e+01,1.037038e-01,6.902988e+01,8.987743e-01,-6.493824e+00
52.48075,9.593478e-01,-3.380303e+01,1.125157e-01,6.715282e+01,1.125157e-01,6.715110e+01,8.977126e-01,-7.093845e+00
57.54399,9.530198e-01,-3.682434e+01,1.218500e-01,6.513346e+01,1.218499e-01,6.513189e+01,8.964935e-01,-7.744730e+00
63.09573,9.457531e-01,-4.006950e+01,1.316783e-01,6.297056e+01,1.316783e-01,6.296913e+01,8.951049e-01,-8.449824e+00
69.18310,9.374736e-01,-4.354293e+01,1.419559e-01,6.066284e+01,1.419559e-01,6.066154e+01,8.935378e-01,-9.212583e+00
75.85776,9.281236e-01,-4.724594e+01,1.526197e-01,5.821120e+01,1.526197e-01,5.821001e+01,8.917880e-01,-1.003661e+01
83.17638,9.176699e-01,-5.117613e+01,1.635874e-01,5.561908e+01,1.635874e-01,5.561799e+01,8.898576e-01,-1.092574e+01
91.20108,9.061118e-01,-5.532674e+01,1.747580e-01,5.289269e+01,1.747580e-01,5.289170e+01,8.877565e-01,-1.188413e+01
100.00000,8.934887e-01,-5.968618e+01,1.860130e-01,5.004113e+01,1.860130e-01,5.004023e+01,8.855038e-01,-1.291640e+01
109.64782,8.798855e-01,-6.423770e+01,1.972204e-01,4.707630e+01,1.972204e-01,4.707548e+01,8.831285e-01,-1.402783e+01
120.22644,8.654355e-01,-6.895927e+01,2.082390e-01,4.401257e+01,2.082390e-01,4.401182e+01,8.806695e-01,-1.522454e+01
131.82567,8.503182e-01,-7.382382e+01,2.189252e-01,4.086631e+01,2.189251e-01,4.086563e+01,8.781746e-01,-1.651367e+01
144.54398,8.347531e-01,-7.879970e+01,2.291392e-01,3.765515e+01,2.291391e-01,3.765452e+01,8.756989e-01,-1.790359e+01
158.48932,8.189886e-01,-8.385149e+01,2.387521e-01,3.439709e+01,2.387520e-01,3.439652e+01,8.733020e-01,-1.940392e+01
173.78008,8.032876e-01,-8.894105e+01,2.476513e-01,3.110965e+01,2.476512e-01,3.110913e+01,8.710452e-01,-2.102562e+01
190.54607,7.879111e-01,-9.402880e+01,2.557442e-01,2.780891e+01,2.557442e-01,2.780844e+01,8.689888e-01,-2.278086e+01
208.92961,7.731025e-01,-9.907510e+01,2.629603e-01,2.450884e+01,2.629602e-01,2.450841e+01,8.671893e-01,-2.468285e+01
229.08677,7.590743e-01,-1.040416e+02,2.692504e-01,2.122068e+01,2.692504e-01,2.122029e+01,8.656980e-01,-2.674557e+01
251.18864,7.459983e-01,-1.088925e+02,2.745846e-01,1.795268e+01,2.745845e-01,1.795232e+01,8.645602e-01,-2.898341e+01
275.42287,7.340006e-01,-1.135959e+02,2.789483e-01,1.471001e+01,2.789482e-01,1.470968e+01,8.638150e-01,-3.141071e+01
301.99517,7.231614e-01,-1.181243e+02,2.823379e-01,1.149496e+01,2.823379e-01,1.149466e+01,8.634961e-01,-3.404133e+01
331.13112,7.135182e-01,-1.224553e+02,2.847566e-01,8.307329e+00,2.847566e-01,8.307056e+00,8.636326e-01,-3.688808e+01
363.07805,7.050715e-01,-1.265721e+02,2.862101e-01,5.144943e+00,2.862100e-01,5.144695e+00,8.642496e-01,-3.996212e+01
398.10717,6.977923e-01,-1.304632e+02,2.867033e-01,2.004327e+00,2.867032e-01,2.004101e+00,8.653687e-01,-4.327232e+01
436.51583,6.916293e-01,-1.341222e+02,2.862388e-01,-1.118586e+00,2.862388e-01,-1.118792e+00,8.670080e-01,-4.682457e+01
478.63009,6.865157e-01,-1.375474e+02,2.848163e-01,-4.227689e+00,2.848162e-01,-4.227877e+00,8.691808e-01,-5.062100e+01
524.80746,6.823753e-01,-1.407414e+02,2.824326e-01,-7.325950e+00,2.824326e-01,-7.326121e+00,8.718942e-01,-5.465924e+01
575.43994,6.791261e-01,-1.437098e+02,2.790846e-01,-1.041469e+01,2.790845e-01,-1.041485e+01,8.751466e-01,-5.893175e+01
630.95734,6.766839e-01,-1.464613e+02,2.747716e-01,-1.349293e+01,2.747716e-01,-1.349307e+01,8.789250e-01,-6.342520e+01
691.83097,6.749635e-01,-1.490065e+02,2.695000e-01,-1.655687e+01,2.695000e-01,-1.655700e+01,8.832022e-01,-6.812009e+01
758.57758,6.738798e-01,-1.513574e+02,2.632875e-01,-1.959949e+01,2.632874e-01,-1.959961e+01,8.879348e-01,-7.299073e+01
831.76377,6.733485e-01,-1.535267e+02,2.561671e-01,-2.261041e+01,2.561671e-01,-2.261052e+01,8.930620e-01,-7.800549e+01
912.01084,6.732862e-01,-1.555274e+02,2.481915e-01,-2.557595e+01,2.481915e-01,-2.557605e+01,8.985061e-01,-8.312755e+01
1000.00000,6.736115e-01,-1.573721e+02,2.394346e-01,-2.847943e+01,2.394346e-01,-2.847952e+01,9.041750e-01,-8.831605e+01
1096.47820,6.742454e-01,-1.590729e+02,2.299920e-01,-3.130178e+01,2.299920e-01,-3.130186e+01,9.099666e-01,-9.352762e+01
1202.26443,6.751136e-01,-1.606407e+02,2.199794e-01,-3.402225e+01,2.199793e-01,-3.402233e+01,9.157743e-01,-9.871807e+01
1318.25674,6.761472e-01,-1.620856e+02,2.095279e-01,-3.661938e+01,2.095279e-01,-3.661945e+01,9.214934e-01,-1.038442e+02
1445.43977,6.772850e-01,-1.634162e+02,1.987793e-01,-3.907185e+01,1.987793e-01,-3.907191e+01,9.270279e-01,-1.088656e+02
1584.89319,6.784747e-01,-1.646403e+02,1.878787e-01,-4.135944e+01,1.878787e-01,-4.135950e+01,9.322955e-01,-1.137460e+02
1737.80083,6.796735e-01,-1.657646e+02,1.769682e-01,-4.346372e+01,1.769682e-01,-4.346377e+01,9.372312e-01,-1.184543e+02
1905.46072,6.808489e-01,-1.667948e+02,1.661806e-01,-4.536864e+01,1.661806e-01,-4.536868e+01,9.417891e-01,-1.229654e+02
2089.29613,6.819777e-01,-1.677361e+02,1.556348e-01,-4.706091e+01,1.556348e-01,-4.706095e+01,9.459422e-01,-1.272603e+02
2290.86765,6.830456e-01,-1.685929e+02,1.454323e-01,-4.853017e+01,1.454323e-01,-4.853021e+01,9.496810e-01,-1.313259e+02
2511.88643,6.840461e-01,-1.693696e+02,1.356557e-01,-4.976903e+01,1.356557e-01,-4.976906e+01,9.530104e-01,-1.351547e+02
2754.22870,6.849791e-01,-1.700698e+02,1.263687e-01,-5.077301e+01,1.263687e-01,-5.077304e+01,9.559467e-01,-1.387439e+02
3019.95172,6.858496e-01,-1.706971e+02,1.176166e-01,-5.154044e+01,1.176166e-01,-5.154047e+01,9.585145e-01,-1.420951e+02
3311.31121,6.866665e-01,-1.712547e+02,1.094285e-01,-5.207241e+01,1.094285e-01,-5.207244e+01,9.607435e-01,-1.452130e+02
3630.78055,6.874422e-01,-1.717457e+02,1.018191e-01,-5.237266e+01,1.018191e-01,-5.237268e+01,9.626662e-01,-1.481050e+02
3981.07171,6.881912e-01,-1.721730e+02,9.479119e-02,-5.244765e+01,9.479117e-02,-5.244767e+01,9.643155e-01,-1.507804e+02
4365.15832,6.889303e-01,-1.725392e+02,8.833771e-02,-5.230661e+01,8.833770e-02,-5.230663e+01,9.657239e-01,-1.532499e+02
4786.30092,6.896780e-01,-1.728466e+02,8.244395e-02,-5.196172e+01,8.244394e-02,-5.196173e+01,9.669220e-01,-1.555249e+02
5248.07460,6.904546e-01,-1.730973e+02,7.708917e-02,-5.142820e+01,7.708916e-02,-5.142821e+01,9.679380e-01,-1.576173e+02
5754.39937,6.912824e-01,-1.732934e+02,7.224809e-02,-5.072451e+01,7.224808e-02,-5.072452e+01,9.687976e-01,-1.595390e+02
6309.57344,6.921861e-01,-1.734364e+02,6.789211e-02,-4.987234e+01,6.789210e-02,-4.987235e+01,9.695234e-01,-1.613019e+02
6918.30971,6.931928e-01,-1.735281e+02,6.399019e-02,-4.889654e+01,6.399018e-02,-4.889655e+01,9.701357e-01,-1.629175e+02
7585.77575,6.943332e-01,-1.735696e+02,6.050962e-02,-4.782485e+01,6.050961e-02,-4.782485e+01,9.706521e-01,-1.643968e+02
8317.63771,6.956415e-01,-1.735624e+02,5.741663e-02,-4.668740e+01,5.741663e-02,-4.668740e+01,9.710878e-01,-1.657504e+02
9120.10839,6.971563e-01,-1.735078e+02,5.467687e-02,-4.551605e+01,5.467687e-02,-4.551606e+01,9.714560e-01,-1.669880e+02
10000.00000,6.989213e-01,-1.734069e+02,5.225584e-02,-4.434355e+01,5.225584e-02,-4.434356e+01,9.717682e-01,-1.681192e+02
