! ! 
! S ! 
! ! 
! # MHz  S  MA  R  50.00000
! ! ===================================================================
1.00000,9.947446e-01,-6.654189e-01,2.291750e-03,8.962470e+01,2.291748e-03,8.954798e+01,9.082022e-01,-1.383187e-01
1.09648,9.947417e-01,-7.296154e-01,2.512841e-03,8.957430e+01,2.512838e-03,8.950434e+01,9.082016e-01,-1.516612e-01
1.20226,9.947382e-01,-8.000049e-01,2.755258e-03,8.952029e+01,2.755255e-03,8.945648e+01,9.082009e-01,-1.662911e-01
1.31826,9.947339e-01,-8.771845e-01,3.021057e-03,8.946221e+01,3.021055e-03,8.940402e+01,9.082000e-01,-1.823324e-01
1.44544,9.947289e-01,-9.618093e-01,3.312493e-03,8.939957e+01,3.312491e-03,8.934649e+01,9.081990e-01,-1.999214e-01
1.58489,9.947227e-01,-1.054597e+00,3.632037e-03,8.933183e+01,3.632035e-03,8.928342e+01,9.081978e-01,-2.192072e-01
1.73780,9.947154e-01,-1.156335e+00,3.982398e-03,8.925842e+01,3.982396e-03,8.921427e+01,9.081963e-01,-2.403535e-01
1.90546,9.947066e-01,-1.267886e+00,4.366544e-03,8.917871e+01,4.366542e-03,8.913845e+01,9.081945e-01,-2.635397e-01
2.08930,9.946960e-01,-1.390196e+00,4.787730e-03,8.909204e+01,4.787728e-03,8.905532e+01,9.081923e-01,-2.889625e-01
2.29087,9.946832e-01,-1.524302e+00,5.249523e-03,8.899767e+01,5.249521e-03,8.896418e+01,9.081898e-01,-3.168374e-01
2.51189,9.946678e-01,-1.671341e+00,5.755831e-03,8.889479e+01,5.755830e-03,8.886425e+01,9.081867e-01,-3.474009e-01
2.75423,9.946494e-01,-1.832559e+00,6.310938e-03,8.878254e+01,6.310936e-03,8.875468e+01,9.081829e-01,-3.809120e-01
3.01995,9.946272e-01,-2.009321e+00,6.919535e-03,8.865996e+01,6.919533e-03,8.863455e+01,9.081784e-01,-4.176547e-01
3.31131,9.946006e-01,-2.203123e+00,7.586762e-03,8.852602e+01,7.586760e-03,8.850285e+01,9.081730e-01,-4.579404e-01
3.63078,9.945685e-01,-2.415607e+00,8.318248e-03,8.837958e+01,8.318246e-03,8.835845e+01,9.081666e-01,-5.021103e-01
3.98107,9.945300e-01,-2.648569e+00,9.120157e-03,8.821941e+01,9.120155e-03,8.820014e+01,9.081588e-01,-5.505381e-01
4.36516,9.944837e-01,-2.903977e+00,9.999235e-03,8.804415e+01,9.999233e-03,8.802658e+01,9.081494e-01,-6.036337e-01
4.78630,9.944281e-01,-3.183988e+00,1.096287e-02,8.785233e+01,1.096286e-02,8.783630e+01,9.081381e-01,-6.618459e-01
5.24807,9.943612e-01,-3.490963e+00,1.201912e-02,8.764233e+01,1.201912e-02,8.762771e+01,9.081246e-01,-7.256664e-01
5.75440,9.942809e-01,-3.827487e+00,1.317683e-02,8.741238e+01,1.317683e-02,8.739905e+01,9.081084e-01,-7.956339e-01
6.30957,9.941843e-01,-4.196391e+00,1.444564e-02,8.716055e+01,1.444564e-02,8.714839e+01,9.080888e-01,-8.723380e-01
6.91831,9.940683e-01,-4.600771e+00,1.583608e-02,8.688474e+01,1.583608e-02,8.687365e+01,9.080654e-01,-9.564244e-01
7.58578,9.939289e-01,-5.044011e+00,1.735964e-02,8.658263e+01,1.735964e-02,8.657252e+01,9.080372e-01,-1.048600e+00
8.31764,9.937615e-01,-5.529812e+00,1.902883e-02,8.625172e+01,1.902882e-02,8.624249e+01,9.080033e-01,-1.149636e+00
9.12011,9.935604e-01,-6.062218e+00,2.085727e-02,8.588925e+01,2.085726e-02,8.588084e+01,9.079627e-01,-1.260380e+00
10.00000,9.933190e-01,-6.645641e+00,2.285976e-02,8.549224e+01,2.285976e-02,8.548457e+01,9.079139e-01,-1.381753e+00
10.96478,9.930293e-01,-7.284891e+00,2.505236e-02,8.505742e+01,2.505235e-02,8.505043e+01,9.078554e-01,-1.514766e+00
12.02264,9.926816e-01,-7.985211e+00,2.745242e-02,8.458126e+01,2.745242e-02,8.457488e+01,9.077851e-01,-1.660518e+00
13.18257,9.922645e-01,-8.752301e+00,3.007869e-02,8.405989e+01,3.007869e-02,8.405407e+01,9.077009e-01,-1.820208e+00
14.45440,9.917644e-01,-9.592353e+00,3.295132e-02,8.348915e+01,3.295131e-02,8.348384e+01,9.076000e-01,-1.995144e+00
15.84893,9.911652e-01,-1.051208e+01,3.609187e-02,8.286452e+01,3.609186e-02,8.285968e+01,9.074791e-01,-2.186747e+00
17.37801,9.904476e-01,-1.151873e+01,3.952333e-02,8.218114e+01,3.952332e-02,8.217672e+01,9.073345e-01,-2.396557e+00
19.05461,9.895890e-01,-1.262014e+01,4.327002e-02,8.143375e+01,4.327001e-02,8.142973e+01,9.071616e-01,-2.626248e+00
20.89296,9.885625e-01,-1.382470e+01,4.735746e-02,8.061678e+01,4.735745e-02,8.061311e+01,9.069550e-01,-2.877626e+00
22.90868,9.873369e-01,-1.514140e+01,5.181219e-02,7.972423e+01,5.181219e-02,7.972089e+01,9.067087e-01,-3.152639e+00
25.11886,9.858753e-01,-1.657982e+01,5.666142e-02,7.874981e+01,5.666141e-02,7.874675e+01,9.064154e-01,-3.453383e+00
27.54229,9.841352e-01,-1.815006e+01,6.193258e-02,7.768686e+01,6.193257e-02,7.768408e+01,9.060668e-01,-3.782101e+00
30.19952,9.820675e-01,-1.986273e+01,6.765269e-02,7.652850e+01,6.765268e-02,7.652595e+01,9.056533e-01,-4.141186e+00
33.11311,9.796161e-01,-2.172885e+01,7.384755e-02,7.526761e+01,7.384754e-02,7.526529e+01,9.051643e-01,-4.533181e+00
36.30781,9.767174e-01,-2.375969e+01,8.054064e-02,7.389702e+01,8.054063e-02,7.389491e+01,9.045877e-01,-4.960768e+00
39.81072,9.733008e-01,-2.596666e+01,8.775181e-02,7.240961e+01,8.775179e-02,7.240768e+01,9.039104e-01,-5.426768e+00
43.65158,9.692888e-01,-2.836101e+01,9.549558e-02,7.079848e+01,9.549556e-02,7.079672e+01,9.031183e-01,-5.934123e+00
47.86301,9.645982e-01,-3.095354e+01,1.037793e-01,6.905722e+01,1.037792e-01,6.905562e+01,9.021966e-01,-6.485888e+00
52.48075,9.591419e-01,-3.375426e+01,1.126007e-01,6.718016e+01,1.126007e-01,6.717870e+01,9.011307e-01,-7.085219e+00
57.54399,9.528327e-01,-3.677186e+01,1.219461e-01,6.516272e+01,1.219461e-01,6.516139e+01,8.999064e-01,-7.735365e+00
63.09573,9.455866e-01,-4.001321e+01,1.317871e-01,6.300173e+01,1.317871e-01,6.300051e+01,8.985115e-01,-8.439666e+00
69.18310,9.373294e-01,-4.348279e+01,1.420792e-01,6.069586e+01,1.420792e-01,6.069475e+01,8.969370e-01,-9.201575e+00
75.85776,9.280032e-01,-4.718195e+01,1.527595e-01,5.824597e+01,1.527595e-01,5.824496e+01,8.951785e-01,-1.002469e+01
83.17638,9.175742e-01,-5.110835e+01,1.637458e-01,5.565545e+01,1.637458e-01,5.565453e+01,8.932377e-01,-1.091284e+01
91.20108,9.060413e-01,-5.525531e+01,1.749372e-01,5.293047e+01,1.749372e-01,5.292963e+01,8.911243e-01,-1.187017e+01
100.00000,8.934429e-01,-5.961134e+01,1.862152e-01,5.008006e+01,1.862152e-01,5.007929e+01,8.888573e-01,-1.290129e+01
109.64782,8.798633e-01,-6.415974e+01,1.974476e-01,4.711607e+01,1.974476e-01,4.711537e+01,8.864655e-01,-1.401147e+01
120.22644,8.654348e-01,-6.887861e+01,2.084932e-01,4.405283e+01,2.084931e-01,4.405219e+01,8.839875e-01,-1.520680e+01
131.82567,8.503362e-01,-7.374092e+01,2.192077e-01,4.090667e+01,2.192076e-01,4.090609e+01,8.814713e-01,-1.649442e+01
144.54398,8.347863e-01,-7.871510e+01,2.294511e-01,3.769520e+01,2.294510e-01,3.769467e+01,8.789715e-01,-1.788265e+01
158.48932,8.190329e-01,-8.376578e+01,2.390938e-01,3.443642e+01,2.390938e-01,3.443594e+01,8.765480e-01,-1.938111e+01
173.78008,8.033388e-01,-8.885485e+01,2.480226e-01,3.114785e+01,2.480226e-01,3.114741e+01,8.742619e-01,-2.100073e+01
190.54607,7.879651e-01,-9.394276e+01,2.561444e-01,2.784561e+01,2.561444e-01,2.784521e+01,8.721733e-01,-2.275367e+01
208.92961,7.731554e-01,-9.898982e+01,2.633879e-01,2.454369e+01,2.633879e-01,2.454332e+01,8.703386e-01,-2.465312e+01
229.08677,7.591228e-01,-1.039577e+02,2.697035e-01,2.125338e+01,2.697035e-01,2.125305e+01,8.688091e-01,-2.671306e+01
251.18864,7.460397e-01,-1.088105e+02,2.750607e-01,1.798298e+01,2.750607e-01,1.798267e+01,8.676295e-01,-2.894789e+01
275.42287,7.340331e-01,-1.135162e+02,2.794447e-01,1.473771e+01,2.794446e-01,1.473743e+01,8.668386e-01,-3.137195e+01
301.99517,7.231838e-01,-1.180473e+02,2.828515e-01,1.151991e+01,2.828515e-01,1.151966e+01,8.664697e-01,-3.399914e+01
331.13112,7.135302e-01,-1.223814e+02,2.852843e-01,8.329435e+00,2.852842e-01,8.329204e+00,8.665509e-01,-3.684228e+01
363.07805,7.050732e-01,-1.265015e+02,2.867483e-01,5.164142e+00,2.867483e-01,5.163931e+00,8.671067e-01,-3.991258e+01
398.10717,6.977844e-01,-1.303960e+02,2.872488e-01,2.020593e+00,2.872488e-01,2.020401e+00,8.681580e-01,-4.321897e+01
436.51583,6.916127e-01,-1.340585e+02,2.867884e-01,-1.105247e+00,2.867883e-01,-1.105422e+00,8.697220e-01,-4.676740e+01
478.63009,6.864919e-01,-1.374873e+02,2.853664e-01,-4.217245e+00,2.853663e-01,-4.217405e+00,8.718112e-01,-5.056007e+01
524.80746,6.823456e-01,-1.406847e+02,2.829801e-01,-7.318347e+00,2.829800e-01,-7.318493e+00,8.744322e-01,-5.459472e+01
575.43994,6.790921e-01,-1.436566e+02,2.796262e-01,-1.040985e+01,2.796261e-01,-1.040999e+01,8.775830e-01,-5.886387e+01
630.95734,6.766469e-01,-1.464114e+02,2.753043e-01,-1.349078e+01,2.753043e-01,-1.349090e+01,8.812506e-01,-6.335431e+01
691.83097,6.749249e-01,-1.489598e+02,2.700209e-01,-1.655729e+01,2.700209e-01,-1.655740e+01,8.854080e-01,-6.804664e+01
758.57758,6.738409e-01,-1.513138e+02,2.637938e-01,-1.960237e+01,2.637938e-01,-1.960247e+01,8.900127e-01,-7.291524e+01
831.76377,6.733104e-01,-1.534860e+02,2.566565e-01,-2.261563e+01,2.566565e-01,-2.261573e+01,8.950050e-01,-7.792856e+01
912.01084,6.732498e-01,-1.554896e+02,2.486619e-01,-2.558338e+01,2.486618e-01,-2.558346e+01,9.003088e-01,-8.304985e+01
1000.00000,6.735773e-01,-1.573370e+02,2.398841e-01,-2.848893e+01,2.398840e-01,-2.848901e+01,9.058341e-01,-8.823827e+01
1096.47820,6.742142e-01,-1.590403e+02,2.304192e-01,-3.131322e+01,2.304192e-01,-3.131328e+01,9.114809e-01,-9.345044e+01
1202.26443,6.750855e-01,-1.606106e+02,2.203832e-01,-3.403550e+01,2.203832e-01,-3.403557e+01,9.171449e-01,-9.864213e+01
1318.25674,6.761223e-01,-1.620578e+02,2.099078e-01,-3.663433e+01,2.099078e-01,-3.663439e+01,9.227239e-01,-1.037701e+02
1445.43977,6.772635e-01,-1.633906e+02,1.991350e-01,-3.908840e+01,1.991350e-01,-3.908845e+01,9.281238e-01,-1.087939e+02
1584.89319,6.784563e-01,-1.646168e+02,1.882104e-01,-4.137751e+01,1.882103e-01,-4.137756e+01,9.332641e-01,-1.136770e+02
1737.80083,6.796582e-01,-1.657431e+02,1.772762e-01,-4.348325e+01,1.772761e-01,-4.348329e+01,9.380811e-01,-1.183885e+02
1905.46072,6.808363e-01,-1.667751e+02,1.664656e-01,-4.538959e+01,1.664655e-01,-4.538963e+01,9.425298e-01,-1.229030e+02
2089.29613,6.819675e-01,-1.677181e+02,1.558975e-01,-4.708326e+01,1.558975e-01,-4.708330e+01,9.465840e-01,-1.272014e+02
2290.86765,6.830375e-01,-1.685767e+02,1.456738e-01,-4.855393e+01,1.456738e-01,-4.855396e+01,9.502339e-01,-1.312706e+02
2511.88643,6.840398e-01,-1.693548e+02,1.358772e-01,-4.979420e+01,1.358771e-01,-4.979423e+01,9.534843e-01,-1.351029e+02
2754.22870,6.849743e-01,-1.700565e+02,1.265712e-01,-5.079962e+01,1.265711e-01,-5.079964e+01,9.563512e-01,-1.386957e+02
3019.95172,6.858459e-01,-1.706851e+02,1.178013e-01,-5.156852e+01,1.178013e-01,-5.156854e+01,9.588585e-01,-1.420503e+02
3311.31121,6.866638e-01,-1.712440e+02,1.095965e-01,-5.210196e+01,1.095965e-01,-5.210198e+01,9.610350e-01,-1.451715e+02
3630.78055,6.874401e-01,-1.717363e+02,1.019716e-01,-5.240370e+01,1.019716e-01,-5.240371e+01,9.629124e-01,-1.480667e+02
3981.07171,6.881894e-01,-1.721647e+02,9.492928e-02,-5.248015e+01,9.492927e-02,-5.248016e+01,9.645230e-01,-1.507451e+02
4365.15832,6.889286e-01,-1.725319e+02,8.846245e-02,-5.234052e+01,8.846243e-02,-5.234054e+01,9.658984e-01,-1.532174e+02
4786.30092,6.896761e-01,-1.728403e+02,8.255633e-02,-5.199695e+01,8.255632e-02,-5.199697e+01,9.670684e-01,-1.554951e+02
5248.07460,6.904522e-01,-1.730920e+02,7.719015e-02,-5.146463e+01,7.719014e-02,-5.146464e+01,9.680607e-01,-1.575899e+02
5754.39937,6.912793e-01,-1.732889e+02,7.233859e-02,-5.076194e+01,7.233858e-02,-5.076195e+01,9.689001e-01,-1.595139e+02
6309.57344,6.921818e-01,-1.734329e+02,6.797300e-02,-4.991052e+01,6.797299e-02,-4.991053e+01,9.696091e-01,-1.612790e+02
6918.30971,6.931872e-01,-1.735253e+02,6.406230e-02,-4.893518e+01,6.406229e-02,-4.893519e+01,9.702072e-01,-1.628965e+02
7585.77575,6.943257e-01,-1.735676e+02,6.057376e-02,-4.786360e+01,6.057375e-02,-4.786360e+01,9.707116e-01,-1.643776e+02
8317.63771,6.956317e-01,-1.735612e+02,5.747355e-02,-4.672587e+01,5.747355e-02,-4.672588e+01,9.711374e-01,-1.657328e+02
9120.10839,6.971437e-01,-1.735072e+02,5.472731e-02,-4.555384e+01,5.472731e-02,-4.555385e+01,9.714973e-01,-1.669720e+02
10000.00000,6.989054e-01,-1.734071e+02,5.230049e-02,-4.438023e+01,5.230049e-02,-4.438023e+01,9.718024e-01,-1.681045e+02
