! ! 
! S ! 
! ! 
! # MHz  S  MA  R  50.00000
! ! ===================================================================
1.00000,9.944834e-01,-6.646256e-01,2.335601e-03,8.961472e+01,2.335599e-03,8.954722e+01,9.464689e-01,-1.379966e-01
1.09648,9.944805e-01,-7.287455e-01,2.560922e-03,8.956506e+01,2.560921e-03,8.950350e+01,9.464683e-01,-1.513081e-01
1.20226,9.944770e-01,-7.990510e-01,2.807978e-03,8.951171e+01,2.807976e-03,8.945557e+01,9.464676e-01,-1.659038e-01
1.31826,9.944728e-01,-8.761387e-01,3.078863e-03,8.945422e+01,3.078862e-03,8.940301e+01,9.464666e-01,-1.819078e-01
1.44544,9.944677e-01,-9.606625e-01,3.375876e-03,8.939209e+01,3.375874e-03,8.934539e+01,9.464656e-01,-1.994558e-01
1.58489,9.944616e-01,-1.053340e+00,3.701534e-03,8.932480e+01,3.701533e-03,8.928221e+01,9.464643e-01,-2.186967e-01
1.73780,9.944542e-01,-1.154956e+00,4.058599e-03,8.925179e+01,4.058597e-03,8.921295e+01,9.464627e-01,-2.397938e-01
1.90546,9.944454e-01,-1.266374e+00,4.450095e-03,8.917242e+01,4.450094e-03,8.913700e+01,9.464608e-01,-2.629260e-01
2.08930,9.944347e-01,-1.388539e+00,4.879341e-03,8.908604e+01,4.879339e-03,8.905373e+01,9.464585e-01,-2.882896e-01
2.29087,9.944220e-01,-1.522485e+00,5.349970e-03,8.899190e+01,5.349969e-03,8.896243e+01,9.464558e-01,-3.160996e-01
2.51189,9.944066e-01,-1.669348e+00,5.865967e-03,8.888920e+01,5.865965e-03,8.886233e+01,9.464525e-01,-3.465918e-01
2.75423,9.943882e-01,-1.830374e+00,6.431695e-03,8.877709e+01,6.431693e-03,8.875258e+01,9.464485e-01,-3.800249e-01
3.01995,9.943660e-01,-2.006925e+00,7.051937e-03,8.865460e+01,7.051935e-03,8.863225e+01,9.464438e-01,-4.166820e-01
3.31131,9.943393e-01,-2.200497e+00,7.731931e-03,8.852070e+01,7.731929e-03,8.850032e+01,9.464381e-01,-4.568739e-01
3.63078,9.943072e-01,-2.412727e+00,8.477414e-03,8.837427e+01,8.477412e-03,8.835568e+01,9.464312e-01,-5.009408e-01
3.98107,9.942687e-01,-2.645411e+00,9.294667e-03,8.821405e+01,9.294666e-03,8.819710e+01,9.464230e-01,-5.492558e-01
4.36516,9.942224e-01,-2.900515e+00,1.019057e-02,8.803871e+01,1.019056e-02,8.802324e+01,9.464131e-01,-6.022276e-01
4.78630,9.941667e-01,-3.180192e+00,1.117264e-02,8.784675e+01,1.117263e-02,8.783265e+01,9.464012e-01,-6.603041e-01
5.24807,9.940998e-01,-3.486802e+00,1.224910e-02,8.763656e+01,1.224910e-02,8.762370e+01,9.463868e-01,-7.239758e-01
5.75440,9.940194e-01,-3.822925e+00,1.342897e-02,8.740638e+01,1.342897e-02,8.739465e+01,9.463696e-01,-7.937800e-01
6.30957,9.939227e-01,-4.191390e+00,1.472206e-02,8.715427e+01,1.472206e-02,8.714357e+01,9.463490e-01,-8.703052e-01
6.91831,9.938066e-01,-4.595288e+00,1.613910e-02,8.687812e+01,1.613910e-02,8.686836e+01,9.463241e-01,-9.541953e-01
7.58578,9.936672e-01,-5.038000e+00,1.769181e-02,8.657562e+01,1.769181e-02,8.656672e+01,9.462943e-01,-1.046155e+00
8.31764,9.934996e-01,-5.523224e+00,1.939294e-02,8.624425e+01,1.939294e-02,8.623614e+01,9.462585e-01,-1.146956e+00
9.12011,9.932984e-01,-6.054996e+00,2.125637e-02,8.588127e+01,2.125637e-02,8.587387e+01,9.462155e-01,-1.257440e+00
10.00000,9.930569e-01,-6.637725e+00,2.329718e-02,8.548367e+01,2.329718e-02,8.547692e+01,9.461639e-01,-1.378530e+00
10.96478,9.927669e-01,-7.276216e+00,2.553174e-02,8.504820e+01,2.553173e-02,8.504204e+01,9.461019e-01,-1.511231e+00
12.02264,9.924189e-01,-7.975704e+00,2.797773e-02,8.457129e+01,2.797773e-02,8.456568e+01,9.460276e-01,-1.656640e+00
13.18257,9.920015e-01,-8.741884e+00,3.065426e-02,8.404911e+01,3.065426e-02,8.404399e+01,9.459384e-01,-1.815956e+00
14.45440,9.915011e-01,-9.580940e+00,3.358186e-02,8.347745e+01,3.358186e-02,8.347278e+01,9.458316e-01,-1.990480e+00
15.84893,9.909014e-01,-1.049958e+01,3.678252e-02,8.285181e+01,3.678252e-02,8.284755e+01,9.457037e-01,-2.181631e+00
17.37801,9.901833e-01,-1.150504e+01,4.027966e-02,8.216729e+01,4.027965e-02,8.216341e+01,9.455506e-01,-2.390945e+00
19.05461,9.893241e-01,-1.260514e+01,4.409805e-02,8.141867e+01,4.409805e-02,8.141512e+01,9.453675e-01,-2.620091e+00
20.89296,9.882969e-01,-1.380829e+01,4.826373e-02,8.060031e+01,4.826373e-02,8.059708e+01,9.451489e-01,-2.870870e+00
22.90868,9.870703e-01,-1.512344e+01,5.280374e-02,7.970625e+01,5.280373e-02,7.970330e+01,9.448881e-01,-3.145226e+00
25.11886,9.856077e-01,-1.656018e+01,5.774580e-02,7.873014e+01,5.774579e-02,7.872745e+01,9.445775e-01,-3.445247e+00
27.54229,9.838663e-01,-1.812859e+01,6.311787e-02,7.766534e+01,6.311786e-02,7.766289e+01,9.442083e-01,-3.773170e+00
30.19952,9.817969e-01,-1.983927e+01,6.894749e-02,7.650493e+01,6.894749e-02,7.650269e+01,9.437703e-01,-4.131381e+00
33.11311,9.793436e-01,-2.170322e+01,7.526097e-02,7.524178e+01,7.526096e-02,7.523974e+01,9.432522e-01,-4.522412e+00
36.30781,9.764426e-01,-2.373173e+01,8.208223e-02,7.386870e+01,8.208222e-02,7.386684e+01,9.426412e-01,-4.948939e+00
39.81072,9.730232e-01,-2.593618e+01,8.943150e-02,7.237854e+01,8.943148e-02,7.237684e+01,9.419232e-01,-5.413768e+00
43.65158,9.690078e-01,-2.832781e+01,9.732357e-02,7.076437e+01,9.732356e-02,7.076282e+01,9.410832e-01,-5.919832e+00
47.86301,9.643131e-01,-3.091744e+01,1.057659e-01,6.901974e+01,1.057659e-01,6.901833e+01,9.401053e-01,-6.470171e+00
52.48075,9.588520e-01,-3.371506e+01,1.147563e-01,6.713897e+01,1.147563e-01,6.713768e+01,9.389738e-01,-7.067925e+00
57.54399,9.525368e-01,-3.672936e+01,1.242806e-01,6.511741e+01,1.242806e-01,6.511623e+01,9.376732e-01,-7.716324e+00
63.09573,9.452837e-01,-3.996725e+01,1.343101e-01,6.295186e+01,1.343101e-01,6.295079e+01,9.361903e-01,-8.418691e+00
69.18310,9.370182e-01,-4.343317e+01,1.447991e-01,6.064094e+01,1.447991e-01,6.063996e+01,9.345147e-01,-9.178454e+00
75.85776,9.276821e-01,-4.712853e+01,1.556836e-01,5.818545e+01,1.556835e-01,5.818456e+01,9.326407e-01,-9.999191e+00
83.17638,9.172415e-01,-5.105101e+01,1.668797e-01,5.558873e+01,1.668797e-01,5.558792e+01,9.305692e-01,-1.088469e+01
91.20108,9.056949e-01,-5.519397e+01,1.782843e-01,5.285688e+01,1.782843e-01,5.285614e+01,9.283090e-01,-1.183908e+01
100.00000,8.930809e-01,-5.954595e+01,1.897766e-01,4.999887e+01,1.897765e-01,4.999819e+01,9.258783e-01,-1.286694e+01
109.64782,8.794836e-01,-6.409031e+01,2.012214e-01,4.702646e+01,2.012214e-01,4.702585e+01,9.233054e-01,-1.397350e+01
120.22644,8.650353e-01,-6.880520e+01,2.124745e-01,4.395395e+01,2.124744e-01,4.395338e+01,9.206285e-01,-1.516482e+01
131.82567,8.499150e-01,-7.366366e+01,2.233884e-01,4.079757e+01,2.233884e-01,4.079706e+01,9.178950e-01,-1.644802e+01
144.54398,8.343418e-01,-7.863417e+01,2.338199e-01,3.757487e+01,2.338199e-01,3.757440e+01,9.151595e-01,-1.783138e+01
158.48932,8.185642e-01,-8.368142e+01,2.436364e-01,3.430379e+01,2.436364e-01,3.430337e+01,9.124806e-01,-1.932450e+01
173.78008,8.028456e-01,-8.876736e+01,2.527216e-01,3.100180e+01,2.527215e-01,3.100141e+01,9.099183e-01,-2.093831e+01
190.54607,7.874478e-01,-9.385246e+01,2.609798e-01,2.768496e+01,2.609798e-01,2.768460e+01,9.075306e-01,-2.268495e+01
208.92961,7.726157e-01,-9.889709e+01,2.683377e-01,2.436723e+01,2.683376e-01,2.436690e+01,9.053711e-01,-2.457765e+01
229.08677,7.585632e-01,-1.038629e+02,2.747436e-01,2.105988e+01,2.747435e-01,2.105958e+01,9.034868e-01,-2.663039e+01
251.18864,7.454638e-01,-1.087140e+02,2.801655e-01,1.777120e+01,2.801654e-01,1.777093e+01,9.019173e-01,-2.885762e+01
275.42287,7.334455e-01,-1.134184e+02,2.845872e-01,1.450642e+01,2.845872e-01,1.450618e+01,9.006950e-01,-3.127375e+01
301.99517,7.225903e-01,-1.179486e+02,2.880039e-01,1.126795e+01,2.880038e-01,1.126773e+01,8.998455e-01,-3.389276e+01
331.13112,7.129370e-01,-1.222820e+02,2.904174e-01,8.055706e+00,2.904174e-01,8.055503e+00,8.993886e-01,-3.672760e+01
363.07805,7.044874e-01,-1.264018e+02,2.918326e-01,4.867684e+00,2.918326e-01,4.867498e+00,8.993394e-01,-3.978962e+01
398.10717,6.972135e-01,-1.302963e+02,2.922538e-01,1.700629e+00,2.922538e-01,1.700460e+00,8.997092e-01,-4.308793e+01
436.51583,6.910643e-01,-1.339592e+02,2.916832e-01,-1.449242e+00,2.916832e-01,-1.449396e+00,9.005057e-01,-4.662868e+01
478.63009,6.859735e-01,-1.373888e+02,2.901203e-01,-4.585477e+00,2.901202e-01,-4.585618e+00,9.017325e-01,-5.041431e+01
524.80746,6.818643e-01,-1.405874e+02,2.875625e-01,-7.710626e+00,2.875624e-01,-7.710754e+00,9.033889e-01,-5.444279e+01
575.43994,6.786542e-01,-1.435609e+02,2.840077e-01,-1.082552e+01,2.840076e-01,-1.082564e+01,9.054677e-01,-5.870694e+01
630.95734,6.762578e-01,-1.463179e+02,2.794574e-01,-1.392863e+01,2.794574e-01,-1.392874e+01,9.079538e-01,-6.319373e+01
691.83097,6.745884e-01,-1.488690e+02,2.739211e-01,-1.701556e+01,2.739211e-01,-1.701565e+01,9.108226e-01,-6.788401e+01
758.57758,6.735592e-01,-1.512263e+02,2.674205e-01,-2.007868e+01,2.674205e-01,-2.007877e+01,9.140379e-01,-7.275227e+01
831.76377,6.730836e-01,-1.534024e+02,2.599942e-01,-2.310702e+01,2.599942e-01,-2.310710e+01,9.175521e-01,-7.776705e+01
912.01084,6.730764e-01,-1.554104e+02,2.517008e-01,-2.608637e+01,2.517008e-01,-2.608644e+01,9.213057e-01,-8.289154e+01
1000.00000,6.734540e-01,-1.572627e+02,2.426211e-01,-2.899964e+01,2.426211e-01,-2.899970e+01,9.252301e-01,-8.808480e+01
1096.47820,6.741358e-01,-1.589713e+02,2.328578e-01,-3.182746e+01,2.328577e-01,-3.182752e+01,9.292498e-01,-9.330324e+01
1202.26443,6.750460e-01,-1.605471e+02,2.225330e-01,-3.454902e+01,2.225330e-01,-3.454907e+01,9.332871e-01,-9.850235e+01
1318.25674,6.761151e-01,-1.619999e+02,2.117841e-01,-3.714291e+01,2.117841e-01,-3.714296e+01,9.372665e-01,-1.036386e+02
1445.43977,6.772814e-01,-1.633383e+02,2.007574e-01,-3.958810e+01,2.007574e-01,-3.958814e+01,9.411189e-01,-1.086712e+02
1584.89319,6.784929e-01,-1.645698e+02,1.896016e-01,-4.186477e+01,1.896016e-01,-4.186481e+01,9.447856e-01,-1.135633e+02
1737.80083,6.797074e-01,-1.657011e+02,1.784608e-01,-4.395502e+01,1.784607e-01,-4.395506e+01,9.482206e-01,-1.182838e+02
1905.46072,6.808929e-01,-1.667379e+02,1.674683e-01,-4.584341e+01,1.674683e-01,-4.584344e+01,9.513915e-01,-1.228070e+02
2089.29613,6.820274e-01,-1.676852e+02,1.567427e-01,-4.751727e+01,1.567427e-01,-4.751730e+01,9.542797e-01,-1.271137e+02
2290.86765,6.830975e-01,-1.685476e+02,1.463840e-01,-4.896684e+01,1.463840e-01,-4.896687e+01,9.568784e-01,-1.311907e+02
2511.88643,6.840975e-01,-1.693293e+02,1.364730e-01,-5.018529e+01,1.364729e-01,-5.018531e+01,9.591915e-01,-1.350304e+02
2754.22870,6.850281e-01,-1.700340e+02,1.270709e-01,-5.116863e+01,1.270709e-01,-5.116866e+01,9.612307e-01,-1.386298e+02
3019.95172,6.858949e-01,-1.706654e+02,1.182209e-01,-5.191562e+01,1.182208e-01,-5.191564e+01,9.630132e-01,-1.419905e+02
3311.31121,6.867075e-01,-1.712267e+02,1.099495e-01,-5.242763e+01,1.099495e-01,-5.242765e+01,9.645601e-01,-1.451173e+02
3630.78055,6.874783e-01,-1.717211e+02,1.022694e-01,-5.270864e+01,1.022694e-01,-5.270866e+01,9.658940e-01,-1.480175e+02
3981.07171,6.882223e-01,-1.721514e+02,9.518139e-02,-5.276526e+01,9.518138e-02,-5.276528e+01,9.670381e-01,-1.507005e+02
4365.15832,6.889564e-01,-1.725203e+02,8.867672e-02,-5.260681e+01,8.867671e-02,-5.260682e+01,9.680150e-01,-1.531769e+02
4786.30092,6.896990e-01,-1.728302e+02,8.273921e-02,-5.224545e+01,8.273920e-02,-5.224546e+01,9.688462e-01,-1.554583e+02
5248.07460,6.904706e-01,-1.730832e+02,7.734691e-02,-5.169638e+01,7.734690e-02,-5.169639e+01,9.695512e-01,-1.575565e+02
5754.39937,6.912934e-01,-1.732813e+02,7.247353e-02,-5.097797e+01,7.247352e-02,-5.097798e+01,9.701480e-01,-1.594836e+02
6309.57344,6.921919e-01,-1.734263e+02,6.808963e-02,-5.011180e+01,6.808963e-02,-5.011181e+01,9.706524e-01,-1.612513e+02
6918.30971,6.931935e-01,-1.735198e+02,6.416352e-02,-4.912259e+01,6.416352e-02,-4.912260e+01,9.710785e-01,-1.628714e+02
7585.77575,6.943283e-01,-1.735630e+02,6.066195e-02,-4.803795e+01,6.066194e-02,-4.803796e+01,9.714386e-01,-1.643547e+02
8317.63771,6.956307e-01,-1.735574e+02,5.755069e-02,-4.688790e+01,5.755069e-02,-4.688790e+01,9.717432e-01,-1.657120e+02
9120.10839,6.971391e-01,-1.735043e+02,5.479506e-02,-4.570419e+01,5.479506e-02,-4.570419e+01,9.720018e-01,-1.669530e+02
10000.00000,6.988971e-01,-1.734049e+02,5.236025e-02,-4.451947e+01,5.236024e-02,-4.451947e+01,9.722222e-01,-1.680873e+02
