! ! 
! S ! 
! ! 
! # MHz  S  MA  R  50.00000
! ! ===================================================================
1.00000,9.947471e-01,-6.652658e-01,2.337354e-03,8.962162e+01,2.337352e-03,8.954676e+01,9.464689e-01,-1.380819e-01
1.09648,9.947442e-01,-7.294475e-01,2.562845e-03,8.957127e+01,2.562842e-03,8.950300e+01,9.464683e-01,-1.514016e-01
1.20226,9.947406e-01,-7.998207e-01,2.810085e-03,8.951728e+01,2.810083e-03,8.945502e+01,9.464675e-01,-1.660064e-01
1.31826,9.947364e-01,-8.769826e-01,3.081174e-03,8.945919e+01,3.081172e-03,8.940241e+01,9.464666e-01,-1.820203e-01
1.44544,9.947313e-01,-9.615879e-01,3.378409e-03,8.939652e+01,3.378408e-03,8.934473e+01,9.464656e-01,-1.995792e-01
1.58489,9.947252e-01,-1.054354e+00,3.704312e-03,8.932872e+01,3.704310e-03,8.928149e+01,9.464642e-01,-2.188320e-01
1.73780,9.947178e-01,-1.156069e+00,4.061644e-03,8.925523e+01,4.061643e-03,8.921215e+01,9.464627e-01,-2.399421e-01
1.90546,9.947089e-01,-1.267594e+00,4.453435e-03,8.917541e+01,4.453433e-03,8.913613e+01,9.464608e-01,-2.630886e-01
2.08930,9.946983e-01,-1.389876e+00,4.883002e-03,8.908860e+01,4.883000e-03,8.905277e+01,9.464585e-01,-2.884678e-01
2.29087,9.946855e-01,-1.523951e+00,5.353984e-03,8.899406e+01,5.353982e-03,8.896138e+01,9.464558e-01,-3.162950e-01
2.51189,9.946701e-01,-1.670956e+00,5.870367e-03,8.889098e+01,5.870366e-03,8.886118e+01,9.464525e-01,-3.468061e-01
2.75423,9.946516e-01,-1.832137e+00,6.436520e-03,8.877850e+01,6.436518e-03,8.875132e+01,9.464485e-01,-3.802598e-01
3.01995,9.946293e-01,-2.008858e+00,7.057226e-03,8.865565e+01,7.057225e-03,8.863087e+01,9.464438e-01,-4.169397e-01
3.31131,9.946026e-01,-2.202616e+00,7.737730e-03,8.852141e+01,7.737728e-03,8.849880e+01,9.464380e-01,-4.571563e-01
3.63078,9.945704e-01,-2.415051e+00,8.483771e-03,8.837463e+01,8.483769e-03,8.835402e+01,9.464312e-01,-5.012505e-01
3.98107,9.945318e-01,-2.647958e+00,9.301635e-03,8.821408e+01,9.301633e-03,8.819528e+01,9.464229e-01,-5.495953e-01
4.36516,9.944853e-01,-2.903307e+00,1.019820e-02,8.803840e+01,1.019820e-02,8.802125e+01,9.464130e-01,-6.025998e-01
4.78630,9.944295e-01,-3.183254e+00,1.118101e-02,8.784610e+01,1.118101e-02,8.783046e+01,9.464011e-01,-6.607122e-01
5.24807,9.943624e-01,-3.490158e+00,1.225828e-02,8.763557e+01,1.225828e-02,8.762130e+01,9.463867e-01,-7.244232e-01
5.75440,9.942818e-01,-3.826605e+00,1.343902e-02,8.740503e+01,1.343902e-02,8.739202e+01,9.463695e-01,-7.942705e-01
6.30957,9.941849e-01,-4.195423e+00,1.473308e-02,8.715255e+01,1.473307e-02,8.714069e+01,9.463488e-01,-8.708428e-01
6.91831,9.940685e-01,-4.599708e+00,1.615118e-02,8.687602e+01,1.615117e-02,8.686520e+01,9.463239e-01,-9.547846e-01
7.58578,9.939286e-01,-5.042845e+00,1.770504e-02,8.657313e+01,1.770503e-02,8.656326e+01,9.462941e-01,-1.046801e+00
8.31764,9.937606e-01,-5.528534e+00,1.940743e-02,8.624134e+01,1.940742e-02,8.623234e+01,9.462582e-01,-1.147664e+00
9.12011,9.935589e-01,-6.060816e+00,2.127223e-02,8.587792e+01,2.127223e-02,8.586971e+01,9.462151e-01,-1.258216e+00
10.00000,9.933167e-01,-6.644102e+00,2.331455e-02,8.547985e+01,2.331454e-02,8.547237e+01,9.461634e-01,-1.379380e+00
10.96478,9.930259e-01,-7.283202e+00,2.555074e-02,8.504388e+01,2.555073e-02,8.503705e+01,9.461014e-01,-1.512162e+00
12.02264,9.926771e-01,-7.983357e+00,2.799852e-02,8.456644e+01,2.799851e-02,8.456022e+01,9.460270e-01,-1.657661e+00
13.18257,9.922586e-01,-8.750265e+00,3.067699e-02,8.404368e+01,3.067698e-02,8.403800e+01,9.459377e-01,-1.817074e+00
14.45440,9.917568e-01,-9.590117e+00,3.360670e-02,8.347141e+01,3.360669e-02,8.346623e+01,9.458308e-01,-1.991704e+00
15.84893,9.911555e-01,-1.050962e+01,3.680964e-02,8.284510e+01,3.680964e-02,8.284038e+01,9.457027e-01,-2.182970e+00
17.37801,9.904355e-01,-1.151603e+01,4.030925e-02,8.215988e+01,4.030924e-02,8.215557e+01,9.455494e-01,-2.392412e+00
19.05461,9.895740e-01,-1.261717e+01,4.413031e-02,8.141048e+01,4.413031e-02,8.140655e+01,9.453661e-01,-2.621695e+00
20.89296,9.885441e-01,-1.382143e+01,4.829886e-02,8.059130e+01,4.829885e-02,8.058771e+01,9.451472e-01,-2.872625e+00
22.90868,9.873144e-01,-1.513781e+01,5.284193e-02,7.969634e+01,5.284193e-02,7.969307e+01,9.448860e-01,-3.147143e+00
25.11886,9.858479e-01,-1.657586e+01,5.778726e-02,7.871927e+01,5.778725e-02,7.871629e+01,9.445750e-01,-3.447341e+00
27.54229,9.841021e-01,-1.814570e+01,6.316278e-02,7.765344e+01,6.316278e-02,7.765072e+01,9.442054e-01,-3.775456e+00
30.19952,9.820275e-01,-1.985792e+01,6.899604e-02,7.649192e+01,6.899603e-02,7.648944e+01,9.437669e-01,-4.133875e+00
33.11311,9.795679e-01,-2.172353e+01,7.531330e-02,7.522759e+01,7.531328e-02,7.522533e+01,9.432482e-01,-4.525130e+00
36.30781,9.766598e-01,-2.375381e+01,8.213844e-02,7.385326e+01,8.213843e-02,7.385119e+01,9.426365e-01,-4.951897e+00
39.81072,9.732320e-01,-2.596014e+01,8.949163e-02,7.236176e+01,8.949162e-02,7.235988e+01,9.419177e-01,-5.416985e+00
43.65158,9.692070e-01,-2.835378e+01,9.738761e-02,7.074619e+01,9.738759e-02,7.074447e+01,9.410769e-01,-5.923325e+00
47.86301,9.645012e-01,-3.094551e+01,1.058337e-01,6.900010e+01,1.058337e-01,6.899854e+01,9.400981e-01,-6.473959e+00
52.48075,9.590276e-01,-3.374533e+01,1.148277e-01,6.711782e+01,1.148277e-01,6.711639e+01,9.389655e-01,-7.072027e+00
57.54399,9.526984e-01,-3.676191e+01,1.243551e-01,6.509470e+01,1.243551e-01,6.509340e+01,9.376640e-01,-7.720759e+00
63.09573,9.454298e-01,-4.000212e+01,1.343871e-01,6.292758e+01,1.343871e-01,6.292640e+01,9.361800e-01,-8.423477e+00
69.18310,9.371473e-01,-4.347040e+01,1.448780e-01,6.061510e+01,1.448780e-01,6.061402e+01,9.345034e-01,-9.183613e+00
75.85776,9.277930e-01,-4.716810e+01,1.557633e-01,5.815808e+01,1.557633e-01,5.815710e+01,9.326285e-01,-1.000475e+01
83.17638,9.173333e-01,-5.109287e+01,1.669592e-01,5.555990e+01,1.669592e-01,5.555900e+01,9.305564e-01,-1.089067e+01
91.20108,9.057671e-01,-5.523802e+01,1.783623e-01,5.282668e+01,1.783622e-01,5.282586e+01,9.282958e-01,-1.184551e+01
100.00000,8.931334e-01,-5.959202e+01,1.898515e-01,4.996743e+01,1.898515e-01,4.996668e+01,9.258651e-01,-1.287385e+01
109.64782,8.795169e-01,-6.413820e+01,2.012917e-01,4.699395e+01,2.012917e-01,4.699327e+01,9.232926e-01,-1.398094e+01
120.22644,8.650505e-01,-6.885465e+01,2.125386e-01,4.392054e+01,2.125386e-01,4.391992e+01,9.206168e-01,-1.517284e+01
131.82567,8.499138e-01,-7.371435e+01,2.234449e-01,4.076348e+01,2.234449e-01,4.076292e+01,9.178850e-01,-1.645669e+01
144.54398,8.343265e-01,-7.868576e+01,2.338673e-01,3.754032e+01,2.338673e-01,3.753980e+01,9.151518e-01,-1.784078e+01
158.48932,8.185374e-01,-8.373353e+01,2.436735e-01,3.426900e+01,2.436735e-01,3.426853e+01,9.124758e-01,-1.933473e+01
173.78008,8.028100e-01,-8.881959e+01,2.527475e-01,3.096698e+01,2.527475e-01,3.096655e+01,9.099170e-01,-2.094946e+01
190.54607,7.874064e-01,-9.390441e+01,2.609939e-01,2.765030e+01,2.609939e-01,2.764991e+01,9.075334e-01,-2.269715e+01
208.92961,7.725713e-01,-9.894837e+01,2.683396e-01,2.433289e+01,2.683396e-01,2.433253e+01,9.053782e-01,-2.459101e+01
229.08677,7.585182e-01,-1.039131e+02,2.747333e-01,2.102599e+01,2.747332e-01,2.102567e+01,9.034985e-01,-2.664505e+01
251.18864,7.454204e-01,-1.087629e+02,2.801431e-01,1.773786e+01,2.801430e-01,1.773756e+01,9.019337e-01,-2.887370e+01
275.42287,7.334054e-01,-1.134657e+02,2.845530e-01,1.447370e+01,2.845529e-01,1.447343e+01,9.007162e-01,-3.129138e+01
301.99517,7.225547e-01,-1.179939e+02,2.879583e-01,1.123587e+01,2.879582e-01,1.123563e+01,8.998714e-01,-3.391206e+01
331.13112,7.129067e-01,-1.223253e+02,2.903610e-01,8.024276e+00,2.903610e-01,8.024051e+00,8.994190e-01,-3.674867e+01
363.07805,7.044630e-01,-1.264429e+02,2.917659e-01,4.836888e+00,2.917658e-01,4.836682e+00,8.993742e-01,-3.981256e+01
398.10717,6.971950e-01,-1.303352e+02,2.921773e-01,1.670438e+00,2.921772e-01,1.670251e+00,8.997481e-01,-4.311280e+01
436.51583,6.910517e-01,-1.339958e+02,2.915974e-01,-1.478863e+00,2.915974e-01,-1.479034e+00,9.005483e-01,-4.665551e+01
478.63009,6.859665e-01,-1.374230e+02,2.900256e-01,-4.614560e+00,2.900256e-01,-4.614716e+00,9.017786e-01,-5.044311e+01
524.80746,6.818624e-01,-1.406194e+02,2.874595e-01,-7.739196e+00,2.874594e-01,-7.739338e+00,9.034381e-01,-5.447353e+01
575.43994,6.786570e-01,-1.435907e+02,2.838968e-01,-1.085359e+01,2.838967e-01,-1.085372e+01,9.055196e-01,-5.873953e+01
630.95734,6.762647e-01,-1.463457e+02,2.793391e-01,-1.395618e+01,2.793391e-01,-1.395630e+01,9.080080e-01,-6.322807e+01
691.83097,6.745987e-01,-1.488948e+02,2.737959e-01,-1.704256e+01,2.737959e-01,-1.704267e+01,9.108785e-01,-6.791990e+01
758.57758,6.735722e-01,-1.512503e+02,2.672891e-01,-2.010507e+01,2.672891e-01,-2.010517e+01,9.140950e-01,-7.278950e+01
831.76377,6.730988e-01,-1.534247e+02,2.598573e-01,-2.313271e+01,2.598573e-01,-2.313279e+01,9.176097e-01,-7.780534e+01
912.01084,6.730931e-01,-1.554311e+02,2.515594e-01,-2.611123e+01,2.515593e-01,-2.611131e+01,9.213632e-01,-8.293060e+01
1000.00000,6.734715e-01,-1.572819e+02,2.424762e-01,-2.902353e+01,2.424761e-01,-2.902361e+01,9.252866e-01,-8.812429e+01
1096.47820,6.741536e-01,-1.589891e+02,2.327105e-01,-3.185024e+01,2.327105e-01,-3.185030e+01,9.293048e-01,-9.334281e+01
1202.26443,6.750636e-01,-1.605636e+02,2.223847e-01,-3.457051e+01,2.223846e-01,-3.457057e+01,9.333399e-01,-9.854166e+01
1318.25674,6.761320e-01,-1.620151e+02,2.116360e-01,-3.716294e+01,2.116360e-01,-3.716299e+01,9.373165e-01,-1.036773e+02
1445.43977,6.772973e-01,-1.633524e+02,2.006110e-01,-3.960651e+01,2.006109e-01,-3.960656e+01,9.411656e-01,-1.087090e+02
1584.89319,6.785074e-01,-1.645829e+02,1.894581e-01,-4.188140e+01,1.894580e-01,-4.188144e+01,9.448288e-01,-1.136000e+02
1737.80083,6.797204e-01,-1.657131e+02,1.783212e-01,-4.396973e+01,1.783212e-01,-4.396978e+01,9.482600e-01,-1.183190e+02
1905.46072,6.809043e-01,-1.667489e+02,1.673338e-01,-4.585609e+01,1.673338e-01,-4.585613e+01,9.514271e-01,-1.228407e+02
2089.29613,6.820372e-01,-1.676954e+02,1.566140e-01,-4.752782e+01,1.566140e-01,-4.752785e+01,9.543114e-01,-1.271457e+02
2290.86765,6.831057e-01,-1.685569e+02,1.462618e-01,-4.897519e+01,1.462618e-01,-4.897522e+01,9.569065e-01,-1.312210e+02
2511.88643,6.841043e-01,-1.693377e+02,1.363578e-01,-5.019138e+01,1.363577e-01,-5.019141e+01,9.592162e-01,-1.350588e+02
2754.22870,6.850335e-01,-1.700417e+02,1.269629e-01,-5.117244e+01,1.269629e-01,-5.117247e+01,9.612521e-01,-1.386564e+02
3019.95172,6.858992e-01,-1.706723e+02,1.181203e-01,-5.191714e+01,1.181203e-01,-5.191716e+01,9.630318e-01,-1.420153e+02
3311.31121,6.867107e-01,-1.712329e+02,1.098563e-01,-5.242687e+01,1.098563e-01,-5.242689e+01,9.645760e-01,-1.451403e+02
3630.78055,6.874807e-01,-1.717267e+02,1.021835e-01,-5.270565e+01,1.021835e-01,-5.270566e+01,9.659076e-01,-1.480388e+02
3981.07171,6.882241e-01,-1.721563e+02,9.510260e-02,-5.276010e+01,9.510258e-02,-5.276011e+01,9.670497e-01,-1.507202e+02
4365.15832,6.889577e-01,-1.725246e+02,8.860476e-02,-5.259956e+01,8.860475e-02,-5.259957e+01,9.680249e-01,-1.531951e+02
4786.30092,6.897001e-01,-1.728339e+02,8.267378e-02,-5.223624e+01,8.267377e-02,-5.223625e+01,9.688546e-01,-1.554750e+02
5248.07460,6.904716e-01,-1.730864e+02,7.728766e-02,-5.168536e+01,7.728765e-02,-5.168537e+01,9.695583e-01,-1.575719e+02
5754.39937,6.912946e-01,-1.732840e+02,7.242009e-02,-5.096533e+01,7.242009e-02,-5.096534e+01,9.701540e-01,-1.594977e+02
6309.57344,6.921936e-01,-1.734285e+02,6.804163e-02,-5.009775e+01,6.804162e-02,-5.009776e+01,9.706575e-01,-1.612643e+02
6918.30971,6.931958e-01,-1.735214e+02,6.412055e-02,-4.910738e+01,6.412054e-02,-4.910739e+01,9.710828e-01,-1.628832e+02
7585.77575,6.943316e-01,-1.735642e+02,6.062361e-02,-4.802186e+01,6.062360e-02,-4.802187e+01,9.714421e-01,-1.643656e+02
8317.63771,6.956351e-01,-1.735582e+02,5.751659e-02,-4.687123e+01,5.751659e-02,-4.687123e+01,9.717463e-01,-1.657219e+02
9120.10839,6.971450e-01,-1.735046e+02,5.476480e-02,-4.568724e+01,5.476479e-02,-4.568725e+01,9.720044e-01,-1.669621e+02
10000.00000,6.989048e-01,-1.734048e+02,5.233344e-02,-4.450257e+01,5.233343e-02,-4.450258e+01,9.722244e-01,-1.680955e+02
