! ! 
! S ! 
! ! 
! # MHz  S  MA  R  50.00000
! ! ===================================================================
1.00000,9.858987e-01,-9.156359e-01,7.907797e-01,1.792247e+02,2.349806e-03,8.940239e+01,9.455295e-01,-2.058736e-01
1.09648,9.858936e-01,-1.003968e+00,7.907730e-01,1.791497e+02,2.576486e-03,8.934471e+01,9.455270e-01,-2.257323e-01
1.20226,9.858874e-01,-1.100822e+00,7.907649e-01,1.790675e+02,2.825029e-03,8.928148e+01,9.455239e-01,-2.475065e-01
1.31826,9.858799e-01,-1.207017e+00,7.907552e-01,1.789774e+02,3.097540e-03,8.921214e+01,9.455202e-01,-2.713811e-01
1.44544,9.858710e-01,-1.323456e+00,7.907436e-01,1.788786e+02,3.396330e-03,8.913613e+01,9.455157e-01,-2.975583e-01
1.58489,9.858602e-01,-1.451125e+00,7.907295e-01,1.787703e+02,3.723928e-03,8.905278e+01,9.455104e-01,-3.262600e-01
1.73780,9.858472e-01,-1.591106e+00,7.907127e-01,1.786515e+02,4.083108e-03,8.896139e+01,9.455039e-01,-3.577295e-01
1.90546,9.858316e-01,-1.744587e+00,7.906924e-01,1.785213e+02,4.476911e-03,8.886120e+01,9.454962e-01,-3.922332e-01
2.08930,9.858129e-01,-1.912867e+00,7.906680e-01,1.783786e+02,4.908667e-03,8.875134e+01,9.454869e-01,-4.300633e-01
2.29087,9.857904e-01,-2.097372e+00,7.906387e-01,1.782221e+02,5.382024e-03,8.863090e+01,9.454757e-01,-4.715399e-01
2.51189,9.857633e-01,-2.299663e+00,7.906035e-01,1.780506e+02,5.900979e-03,8.849885e+01,9.454622e-01,-5.170137e-01
2.75423,9.857308e-01,-2.521452e+00,7.905612e-01,1.778625e+02,6.469908e-03,8.835407e+01,9.454460e-01,-5.668689e-01
3.01995,9.856917e-01,-2.764614e+00,7.905103e-01,1.776563e+02,7.093604e-03,8.819535e+01,9.454266e-01,-6.215263e-01
3.31131,9.856447e-01,-3.031204e+00,7.904491e-01,1.774302e+02,7.777310e-03,8.802134e+01,9.454032e-01,-6.814467e-01
3.63078,9.855882e-01,-3.323471e+00,7.903756e-01,1.771824e+02,8.526767e-03,8.783057e+01,9.453751e-01,-7.471346e-01
3.98107,9.855204e-01,-3.643879e+00,7.902872e-01,1.769107e+02,9.348248e-03,8.762144e+01,9.453414e-01,-8.191422e-01
4.36516,9.854388e-01,-3.995125e+00,7.901810e-01,1.766128e+02,1.024861e-02,8.739220e+01,9.453008e-01,-8.980736e-01
4.78630,9.853408e-01,-4.380161e+00,7.900534e-01,1.762863e+02,1.123536e-02,8.714091e+01,9.452521e-01,-9.845891e-01
5.24807,9.852230e-01,-4.802214e+00,7.899001e-01,1.759284e+02,1.231666e-02,8.686548e+01,9.451935e-01,-1.079411e+00
5.75440,9.850816e-01,-5.264817e+00,7.897159e-01,1.755361e+02,1.350143e-02,8.656361e+01,9.451232e-01,-1.183327e+00
6.30957,9.849117e-01,-5.771827e+00,7.894946e-01,1.751061e+02,1.479940e-02,8.623279e+01,9.450387e-01,-1.297198e+00
6.91831,9.847076e-01,-6.327456e+00,7.892289e-01,1.746349e+02,1.622112e-02,8.587028e+01,9.449373e-01,-1.421963e+00
7.58578,9.844627e-01,-6.936304e+00,7.889098e-01,1.741186e+02,1.777809e-02,8.547310e+01,9.448155e-01,-1.558642e+00
8.31764,9.841687e-01,-7.603380e+00,7.885267e-01,1.735528e+02,1.948272e-02,8.503799e+01,9.446694e-01,-1.708347e+00
9.12011,9.838160e-01,-8.334142e+00,7.880670e-01,1.729330e+02,2.134848e-02,8.456143e+01,9.444941e-01,-1.872284e+00
10.00000,9.833929e-01,-9.134521e+00,7.875156e-01,1.722542e+02,2.338986e-02,8.403957e+01,9.442840e-01,-2.051760e+00
10.96478,9.828858e-01,-1.001096e+01,7.868543e-01,1.715107e+02,2.562244e-02,8.346826e+01,9.440321e-01,-2.248187e+00
12.02264,9.822782e-01,-1.097042e+01,7.860618e-01,1.706968e+02,2.806285e-02,8.284302e+01,9.437305e-01,-2.463087e+00
13.18257,9.815508e-01,-1.202044e+01,7.851127e-01,1.698059e+02,3.072881e-02,8.215900e+01,9.433695e-01,-2.698094e+00
14.45440,9.806808e-01,-1.316913e+01,7.839767e-01,1.688311e+02,3.363901e-02,8.141101e+01,9.429379e-01,-2.954957e+00
15.84893,9.796411e-01,-1.442520e+01,7.826184e-01,1.677651e+02,3.681302e-02,8.059353e+01,9.424224e-01,-3.235531e+00
17.37801,9.784001e-01,-1.579792e+01,7.809959e-01,1.665999e+02,4.027112e-02,7.970065e+01,9.418075e-01,-3.541781e+00
19.05461,9.769212e-01,-1.729717e+01,7.790605e-01,1.653269e+02,4.403401e-02,7.872617e+01,9.410753e-01,-3.875765e+00
20.89296,9.751615e-01,-1.893335e+01,7.767553e-01,1.639372e+02,4.812243e-02,7.766360e+01,9.402049e-01,-4.239617e+00
22.90868,9.730721e-01,-2.071732e+01,7.740145e-01,1.624215e+02,5.255666e-02,7.650623e+01,9.391726e-01,-4.635530e+00
25.11886,9.705971e-01,-2.266033e+01,7.707629e-01,1.607699e+02,5.735584e-02,7.524719e+01,9.379515e-01,-5.065719e+00
27.54229,9.676738e-01,-2.477384e+01,7.669151e-01,1.589723e+02,6.253711e-02,7.387961e+01,9.365114e-01,-5.532379e+00
30.19952,9.642326e-01,-2.706933e+01,7.623755e-01,1.570187e+02,6.811451e-02,7.239677e+01,9.348195e-01,-6.037640e+00
33.11311,9.601975e-01,-2.955805e+01,7.570384e-01,1.548988e+02,7.409771e-02,7.079227e+01,9.328400e-01,-6.583500e+00
36.30781,9.554881e-01,-3.225066e+01,7.507895e-01,1.526028e+02,8.049047e-02,6.906031e+01,9.305360e-01,-7.171762e+00
39.81072,9.500211e-01,-3.515683e+01,7.435080e-01,1.501215e+02,8.728898e-02,6.719598e+01,9.278697e-01,-7.803967e+00
43.65158,9.437141e-01,-3.828471e+01,7.350698e-01,1.474464e+02,9.448003e-02,6.519558e+01,9.248054e-01,-8.481321e+00
47.86301,9.364901e-01,-4.164043e+01,7.253532e-01,1.445706e+02,1.020393e-01,6.305704e+01,9.213109e-01,-9.204661e+00
52.48075,9.282830e-01,-4.522737e+01,7.142450e-01,1.414886e+02,1.099296e-01,6.078027e+01,9.173615e-01,-9.974427e+00
57.54399,9.190453e-01,-4.904558e+01,7.016488e-01,1.381973e+02,1.181000e-01,5.836752e+01,9.129430e-01,-1.079071e+01
63.09573,9.087551e-01,-5.309105e+01,6.874949e-01,1.346956e+02,1.264854e-01,5.582372e+01,9.080558e-01,-1.165334e+01
69.18310,8.974240e-01,-5.735518e+01,6.717498e-01,1.309854e+02,1.350067e-01,5.315669e+01,9.027181e-01,-1.256211e+01
75.85776,8.851036e-01,-6.182430e+01,6.544260e-01,1.270713e+02,1.435731e-01,5.037715e+01,8.969692e-01,-1.351702e+01
83.17638,8.718901e-01,-6.647941e+01,6.355895e-01,1.229609e+02,1.520845e-01,4.749859e+01,8.908709e-01,-1.451866e+01
91.20108,8.579251e-01,-7.129619e+01,6.153645e-01,1.186640e+02,1.604362e-01,4.453692e+01,8.845066e-01,-1.556867e+01
100.00000,8.433923e-01,-7.624530e+01,5.939326e-01,1.141929e+02,1.685234e-01,4.150986e+01,8.779794e-01,-1.667013e+01
109.64782,8.285098e-01,-8.129302e+01,5.715287e-01,1.095614e+02,1.762465e-01,3.843614e+01,8.714069e-01,-1.782803e+01
120.22644,8.135182e-01,-8.640220e+01,5.484299e-01,1.047843e+02,1.835161e-01,3.533464e+01,8.649152e-01,-1.904956e+01
131.82567,7.986658e-01,-9.153342e+01,5.249413e-01,9.987688e+01,1.902571e-01,3.222344e+01,8.586311e-01,-2.034422e+01
144.54398,7.841931e-01,-9.664637e+01,5.013795e-01,9.485445e+01,1.964106e-01,2.911892e+01,8.526753e-01,-2.172384e+01
158.48932,7.703184e-01,-1.017013e+02,4.780542e-01,8.973180e+01,2.019356e-01,2.603508e+01,8.471564e-01,-2.320237e+01
173.78008,7.572258e-01,-1.066604e+02,4.552522e-01,8.452325e+01,2.068075e-01,2.298297e+01,8.421669e-01,-2.479544e+01
190.54607,7.450585e-01,-1.114889e+02,4.332238e-01,7.924262e+01,2.110162e-01,1.997042e+01,8.377810e-01,-2.651998e+01
208.92961,7.339152e-01,-1.161564e+02,4.121727e-01,7.390347e+01,2.145633e-01,1.700201e+01,8.340553e-01,-2.839360e+01
229.08677,7.238516e-01,-1.206373e+02,3.922508e-01,6.851935e+01,2.174584e-01,1.407919e+01,8.310305e-01,-3.043405e+01
251.18864,7.148845e-01,-1.249114e+02,3.735555e-01,6.310406e+01,2.197151e-01,1.120063e+01,8.287346e-01,-3.265872e+01
275.42287,7.069987e-01,-1.289638e+02,3.561320e-01,5.767178e+01,2.213485e-01,8.362681e+00,8.271863e-01,-3.508406e+01
301.99517,7.001544e-01,-1.327850e+02,3.399765e-01,5.223714e+01,2.223719e-01,5.559900e+00,8.263982e-01,-3.772505e+01
331.13112,6.942941e-01,-1.363700e+02,3.250423e-01,4.681506e+01,2.227948e-01,2.785665e+00,8.263800e-01,-4.059473e+01
363.07805,6.893499e-01,-1.397186e+02,3.112469e-01,4.142052e+01,2.226220e-01,3.278792e-02,8.271392e-01,-4.370358e+01
398.10717,6.852484e-01,-1.428338e+02,2.984794e-01,3.606825e+01,2.218525e-01,-2.705839e+00,8.286824e-01,-4.705890e+01
436.51583,6.819154e-01,-1.457221e+02,2.866085e-01,3.077253e+01,2.204803e-01,-5.436607e+00,8.310139e-01,-5.066424e+01
478.63009,6.792780e-01,-1.483920e+02,2.754903e-01,2.554698e+01,2.184954e-01,-8.164558e+00,8.341337e-01,-5.451863e+01
524.80746,6.772665e-01,-1.508541e+02,2.649757e-01,2.040460e+01,2.158853e-01,-1.089277e+01,8.380342e-01,-5.861602e+01
575.43994,6.758149e-01,-1.531202e+02,2.549179e-01,1.535796e+01,2.126380e-01,-1.362181e+01,8.426967e-01,-6.294467e+01
630.95734,6.748609e-01,-1.552028e+02,2.451787e-01,1.041950e+01,2.087449e-01,-1.634923e+01,8.480864e-01,-6.748679e+01
691.83097,6.743449e-01,-1.571151e+02,2.356350e-01,5.602003e+00,2.042043e-01,-1.906919e+01,8.541497e-01,-7.221842e+01
758.57758,6.742097e-01,-1.588701e+02,2.261836e-01,9.189726e-01,1.990250e-01,-2.177229e+01,8.608107e-01,-7.710960e+01
831.76377,6.743996e-01,-1.604803e+02,2.167455e-01,-3.615034e+00,1.932298e-01,-2.444551e+01,8.679712e-01,-8.212506e+01
912.01084,6.748599e-01,-1.619581e+02,2.072688e-01,-7.984249e+00,1.868572e-01,-2.707248e+01,8.755122e-01,-8.722515e+01
1000.00000,6.755375e-01,-1.633145e+02,1.977291e-01,-1.217177e+01,1.799632e-01,-2.963391e+01,8.832986e-01,-9.236726e+01
1096.47820,6.763810e-01,-1.645600e+02,1.881294e-01,-1.615986e+01,1.726207e-01,-3.210832e+01,8.911857e-01,-9.750747e+01
1202.26443,6.773423e-01,-1.657036e+02,1.784968e-01,-1.993048e+01,1.649172e-01,-3.447292e+01,8.990276e-01,-1.026022e+02
1318.25674,6.783769e-01,-1.667534e+02,1.688780e-01,-2.346589e+01,1.569514e-01,-3.670452e+01,9.066860e-01,-1.076102e+02
1445.43977,6.794463e-01,-1.677163e+02,1.593344e-01,-2.674942e+01,1.488289e-01,-3.878058e+01,9.140382e-01,-1.124936e+02
1584.89319,6.805177e-01,-1.685984e+02,1.499354e-01,-2.976610e+01,1.406562e-01,-4.068005e+01,9.209828e-01,-1.172196e+02
1737.80083,6.815657e-01,-1.694045e+02,1.407527e-01,-3.250324e+01,1.325365e-01,-4.238418e+01,9.274439e-01,-1.217607e+02
1905.46072,6.825717e-01,-1.701392e+02,1.318555e-01,-3.495088e+01,1.245649e-01,-4.387703e+01,9.333716e-01,-1.260959e+02
2089.29613,6.835238e-01,-1.708062e+02,1.233057e-01,-3.710206e+01,1.168253e-01,-4.514595e+01,9.387410e-01,-1.302096e+02
2290.86765,6.844165e-01,-1.714088e+02,1.151558e-01,-3.895294e+01,1.093880e-01,-4.618173e+01,9.435490e-01,-1.340922e+02
2511.88643,6.852492e-01,-1.719500e+02,1.074472e-01,-4.050287e+01,1.023093e-01,-4.697875e+01,9.478101e-01,-1.377390e+02
2754.22870,6.860259e-01,-1.724324e+02,1.002095e-01,-4.175437e+01,9.563114e-02,-4.753504e+01,9.515525e-01,-1.411499e+02
3019.95172,6.867541e-01,-1.728586e+02,9.346130e-02,-4.271311e+01,8.938212e-02,-4.785226e+01,9.548132e-01,-1.443282e+02
3311.31121,6.874440e-01,-1.732306e+02,8.721107e-02,-4.338791e+01,8.357898e-02,-4.793573e+01,9.576346e-01,-1.472801e+02
3630.78055,6.881082e-01,-1.735507e+02,8.145831e-02,-4.379081e+01,7.822801e-02,-4.779448e+01,9.600614e-01,-1.500141e+02
3981.07171,6.887609e-01,-1.738205e+02,7.619505e-02,-4.393706e+01,7.332682e-02,-4.744127e+01,9.621382e-01,-1.525401e+02
4365.15832,6.894182e-01,-1.740418e+02,7.140717e-02,-4.384526e+01,6.886582e-02,-4.689261e+01,9.639079e-01,-1.548692e+02
4786.30092,6.900977e-01,-1.742159e+02,6.707565e-02,-4.353732e+01,6.482973e-02,-4.616870e+01,9.654105e-01,-1.570128e+02
5248.07460,6.908187e-01,-1.743443e+02,6.317767e-02,-4.303843e+01,6.119877e-02,-4.529323e+01,9.666826e-01,-1.589829e+02
5754.39937,6.916027e-01,-1.744279e+02,5.968751e-02,-4.237684e+01,5.794973e-02,-4.429311e+01,9.677571e-01,-1.607911e+02
6309.57344,6.924733e-01,-1.744678e+02,5.657734e-02,-4.158346e+01,5.505692e-02,-4.319788e+01,9.686632e-01,-1.624489e+02
6918.30971,6.934572e-01,-1.744646e+02,5.381792e-02,-4.069125e+01,5.249287e-02,-4.203903e+01,9.694263e-01,-1.639675e+02
7585.77575,6.945843e-01,-1.744191e+02,5.137911e-02,-3.973451e+01,5.022905e-02,-4.084916e+01,9.700689e-01,-1.653574e+02
8317.63771,6.958887e-01,-1.743320e+02,4.923044e-02,-3.874795e+01,4.823644e-02,-3.966099e+01,9.706100e-01,-1.666287e+02
9120.10839,6.974087e-01,-1.742040e+02,4.734149e-02,-3.776576e+01,4.648601e-02,-3.850645e+01,9.710662e-01,-1.677908e+02
10000.00000,6.991880e-01,-1.740359e+02,4.568233e-02,-3.682067e+01,4.494913e-02,-3.741574e+01,9.714519e-01,-1.688526e+02
