! ! 
! S ! 
! ! 
! # MHz  S  MA  R  50.00000
! ! ===================================================================
1.00000,9.912720e-01,-7.946261e-01,2.499114e-01,1.789273e+02,2.343750e-03,8.947189e+01,9.497528e-01,-1.592218e-01
1.09648,9.912680e-01,-8.712867e-01,2.499119e-01,1.788237e+02,2.569853e-03,8.942091e+01,9.497517e-01,-1.745810e-01
1.20226,9.912632e-01,-9.553425e-01,2.499125e-01,1.787102e+02,2.817763e-03,8.936502e+01,9.497502e-01,-1.914218e-01
1.31826,9.912574e-01,-1.047506e+00,2.499132e-01,1.785857e+02,3.089583e-03,8.930373e+01,9.497485e-01,-2.098874e-01
1.44544,9.912505e-01,-1.148560e+00,2.499140e-01,1.784492e+02,3.387618e-03,8.923653e+01,9.497465e-01,-2.301342e-01
1.58489,9.912421e-01,-1.259362e+00,2.499150e-01,1.782995e+02,3.714394e-03,8.916286e+01,9.497440e-01,-2.523340e-01
1.73780,9.912321e-01,-1.380850e+00,2.499162e-01,1.781354e+02,4.072678e-03,8.908208e+01,9.497410e-01,-2.766751e-01
1.90546,9.912201e-01,-1.514054e+00,2.499177e-01,1.779555e+02,4.465505e-03,8.899352e+01,9.497375e-01,-3.033638e-01
2.08930,9.912056e-01,-1.660105e+00,2.499194e-01,1.777582e+02,4.896201e-03,8.889641e+01,9.497332e-01,-3.326265e-01
2.29087,9.911882e-01,-1.820240e+00,2.499215e-01,1.775420e+02,5.368408e-03,8.878995e+01,9.497280e-01,-3.647110e-01
2.51189,9.911673e-01,-1.995814e+00,2.499241e-01,1.773049e+02,5.886120e-03,8.867322e+01,9.497218e-01,-3.998891e-01
2.75423,9.911421e-01,-2.188316e+00,2.499271e-01,1.770449e+02,6.453708e-03,8.854524e+01,9.497144e-01,-4.384588e-01
3.01995,9.911119e-01,-2.399373e+00,2.499308e-01,1.767599e+02,7.075963e-03,8.840493e+01,9.497054e-01,-4.807464e-01
3.31131,9.910755e-01,-2.630771e+00,2.499351e-01,1.764475e+02,7.758129e-03,8.825110e+01,9.496946e-01,-5.271096e-01
3.63078,9.910319e-01,-2.884467e+00,2.499404e-01,1.761049e+02,8.505947e-03,8.808245e+01,9.496817e-01,-5.779401e-01
3.98107,9.909794e-01,-3.162600e+00,2.499467e-01,1.757294e+02,9.325699e-03,8.789755e+01,9.496661e-01,-6.336674e-01
4.36516,9.909163e-01,-3.467519e+00,2.499544e-01,1.753177e+02,1.022426e-02,8.769486e+01,9.496474e-01,-6.947613e-01
4.78630,9.908404e-01,-3.801791e+00,2.499635e-01,1.748665e+02,1.120914e-02,8.747267e+01,9.496249e-01,-7.617365e-01
5.24807,9.907493e-01,-4.168229e+00,2.499745e-01,1.743719e+02,1.228854e-02,8.722910e+01,9.495979e-01,-8.351563e-01
5.75440,9.906398e-01,-4.569907e+00,2.499877e-01,1.738297e+02,1.347145e-02,8.696213e+01,9.495655e-01,-9.156371e-01
6.30957,9.905083e-01,-5.010191e+00,2.500035e-01,1.732356e+02,1.476763e-02,8.666951e+01,9.495265e-01,-1.003853e+00
6.91831,9.903503e-01,-5.492758e+00,2.500226e-01,1.725845e+02,1.618775e-02,8.634882e+01,9.494797e-01,-1.100541e+00
7.58578,9.901605e-01,-6.021626e+00,2.500454e-01,1.718711e+02,1.774340e-02,8.599738e+01,9.494235e-01,-1.206506e+00
8.31764,9.899327e-01,-6.601181e+00,2.500729e-01,1.710895e+02,1.944721e-02,8.561230e+01,9.493560e-01,-1.322627e+00
9.12011,9.896592e-01,-7.236206e+00,2.501058e-01,1.702333e+02,2.131286e-02,8.519041e+01,9.492750e-01,-1.449862e+00
10.00000,9.893310e-01,-7.931913e+00,2.501452e-01,1.692957e+02,2.335515e-02,8.472828e+01,9.491779e-01,-1.589256e+00
10.96478,9.889373e-01,-8.693972e+00,2.501926e-01,1.682690e+02,2.559008e-02,8.422216e+01,9.490614e-01,-1.741946e+00
12.02264,9.884652e-01,-9.528542e+00,2.502493e-01,1.671452e+02,2.803485e-02,8.366799e+01,9.489217e-01,-1.909166e+00
13.18257,9.878995e-01,-1.044230e+01,2.503171e-01,1.659155e+02,3.070791e-02,8.306139e+01,9.487544e-01,-2.092256e+00
14.45440,9.872219e-01,-1.144247e+01,2.503983e-01,1.645705e+02,3.362890e-02,8.239763e+01,9.485541e-01,-2.292664e+00
15.84893,9.864111e-01,-1.253685e+01,2.504953e-01,1.631001e+02,3.681868e-02,8.167160e+01,9.483146e-01,-2.511957e+00
17.37801,9.854416e-01,-1.373381e+01,2.506112e-01,1.614934e+02,4.029914e-02,8.087785e+01,9.480284e-01,-2.751815e+00
19.05461,9.842838e-01,-1.504231e+01,2.507492e-01,1.597392e+02,4.409311e-02,8.001058e+01,9.476870e-01,-3.014046e+00
20.89296,9.829029e-01,-1.647190e+01,2.509134e-01,1.578254e+02,4.822404e-02,7.906361e+01,9.472801e-01,-3.300574e+00
22.90868,9.812584e-01,-1.803270e+01,2.511084e-01,1.557396e+02,5.271568e-02,7.803049e+01,9.467962e-01,-3.613445e+00
25.11886,9.793036e-01,-1.973529e+01,2.513394e-01,1.534690e+02,5.759152e-02,7.690447e+01,9.462219e-01,-3.954818e+00
27.54229,9.769853e-01,-2.159073e+01,2.516122e-01,1.510005e+02,6.287417e-02,7.567860e+01,9.455420e-01,-4.326955e+00
30.19952,9.742428e-01,-2.361034e+01,2.519333e-01,1.483213e+02,6.858440e-02,7.434587e+01,9.447393e-01,-4.732208e+00
33.11311,9.710088e-01,-2.580559e+01,2.523098e-01,1.454191e+02,7.474010e-02,7.289929e+01,9.437952e-01,-5.172996e+00
36.30781,9.672089e-01,-2.818785e+01,2.527490e-01,1.422821e+02,8.135484e-02,7.133208e+01,9.426892e-01,-5.651786e+00
39.81072,9.627632e-01,-3.076809e+01,2.532587e-01,1.389003e+02,8.843632e-02,6.963793e+01,9.413998e-01,-6.171061e+00
43.65158,9.575877e-01,-3.355651e+01,2.538462e-01,1.352655e+02,9.598445e-02,6.781123e+01,9.399051e-01,-6.733295e+00
47.86301,9.515976e-01,-3.656207e+01,2.545185e-01,1.313721e+02,1.039894e-01,6.584741e+01,9.381837e-01,-7.340926e+00
52.48075,9.447109e-01,-3.979198e+01,2.552809e-01,1.272183e+02,1.124294e-01,6.374328e+01,9.362161e-01,-7.996340e+00
57.54399,9.368537e-01,-4.325110e+01,2.561371e-01,1.228061e+02,1.212689e-01,6.149746e+01,9.339865e-01,-8.701873e+00
63.09573,9.279672e-01,-4.694126e+01,2.570875e-01,1.181429e+02,1.304570e-01,5.911070e+01,9.314850e-01,-9.459842e+00
69.18310,9.180147e-01,-5.086061e+01,2.581291e-01,1.132413e+02,1.399262e-01,5.658626e+01,9.287094e-01,-1.027262e+01
75.85776,9.069900e-01,-5.500300e+01,2.592540e-01,1.081199e+02,1.495931e-01,5.393015e+01,9.256678e-01,-1.114273e+01
83.17638,8.949245e-01,-5.935748e+01,2.604492e-01,1.028032e+02,1.593587e-01,5.115130e+01,9.223802e-01,-1.207305e+01
91.20108,8.818929e-01,-6.390788e+01,2.616959e-01,9.732101e+01,1.691120e-01,4.826146e+01,9.188802e-01,-1.306701e+01
100.00000,8.680167e-01,-6.863269e+01,2.629703e-01,9.170823e+01,1.787335e-01,4.527499e+01,9.152143e-01,-1.412885e+01
109.64782,8.534625e-01,-7.350525e+01,2.642434e-01,8.600300e+01,1.881008e-01,4.220833e+01,9.114418e-01,-1.526390e+01
120.22644,8.384366e-01,-7.849416e+01,2.654826e-01,8.024545e+01,1.970939e-01,3.907936e+01,9.076314e-01,-1.647881e+01
131.82567,8.231751e-01,-8.356409e+01,2.666528e-01,7.447585e+01,2.056019e-01,3.590652e+01,9.038585e-01,-1.778174e+01
144.54398,8.079300e-01,-8.867683e+01,2.677179e-01,6.873281e+01,2.135272e-01,3.270789e+01,9.002006e-01,-1.918245e+01
158.48932,7.929537e-01,-9.379253e+01,2.686421e-01,6.305161e+01,2.207897e-01,2.950029e+01,8.967327e-01,-2.069229e+01
173.78008,7.784831e-01,-9.887113e+01,2.693909e-01,5.746285e+01,2.273286e-01,2.629850e+01,8.935244e-01,-2.232406e+01
190.54607,7.647266e-01,-1.038738e+02,2.699317e-01,5.199144e+01,2.331022e-01,2.311461e+01,8.906360e-01,-2.409173e+01
208.92961,7.518538e-01,-1.087641e+02,2.702336e-01,4.665616e+01,2.380865e-01,1.995766e+01,8.881182e-01,-2.601015e+01
229.08677,7.399904e-01,-1.135093e+02,2.702668e-01,4.146955e+01,2.422717e-01,1.683352e+01,8.860109e-01,-2.809466e+01
251.18864,7.292170e-01,-1.180814e+02,2.700021e-01,3.643825e+01,2.456588e-01,1.374496e+01,8.843446e-01,-3.036062e+01
275.42287,7.195723e-01,-1.224573e+02,2.694099e-01,3.156361e+01,2.482551e-01,1.069195e+01,8.831418e-01,-3.282297e+01
301.99517,7.110584e-01,-1.266194e+02,2.684588e-01,2.684255e+01,2.500709e-01,7.672130e+00,8.824189e-01,-3.549576e+01
331.13112,7.036481e-01,-1.305554e+02,2.671155e-01,2.226850e+01,2.511158e-01,4.681390e+00,8.821880e-01,-3.839158e+01
363.07805,6.972923e-01,-1.342582e+02,2.653437e-01,1.783247e+01,2.513965e-01,1.714498e+00,8.824580e-01,-4.152099e+01
398.10717,6.919270e-01,-1.377254e+02,2.631046e-01,1.352406e+01,2.509158e-01,-1.234198e+00,8.832355e-01,-4.489193e+01
436.51583,6.874797e-01,-1.409585e+02,2.603576e-01,9.332482e+00,2.496716e-01,-4.170057e+00,8.845245e-01,-4.850895e+01
478.63009,6.838733e-01,-1.439625e+02,2.570611e-01,5.247543e+00,2.476581e-01,-7.097435e+00,8.863255e-01,-5.237253e+01
524.80746,6.810302e-01,-1.467454e+02,2.531753e-01,1.260507e+00,2.448674e-01,-1.001901e+01,8.886339e-01,-5.647834e+01
575.43994,6.788736e-01,-1.493170e+02,2.486643e-01,-2.635102e+00,2.412923e-01,-1.293514e+01,8.914375e-01,-6.081661e+01
630.95734,6.773291e-01,-1.516889e+02,2.435000e-01,-6.442842e+00,2.369297e-01,-1.584336e+01,8.947145e-01,-6.537155e+01
691.83097,6.763242e-01,-1.538735e+02,2.376657e-01,-1.016286e+01,2.317844e-01,-1.873793e+01,8.984308e-01,-7.012117e+01
758.57758,6.757887e-01,-1.558837e+02,2.311596e-01,-1.379159e+01,2.258736e-01,-2.160965e+01,9.025382e-01,-7.503726e+01
831.76377,6.756545e-01,-1.577324e+02,2.239985e-01,-1.732171e+01,2.192299e-01,-2.444581e+01,9.069748e-01,-8.008590e+01
912.01084,6.758551e-01,-1.594323e+02,2.162200e-01,-2.074235e+01,2.119041e-01,-2.723046e+01,9.116650e-01,-8.522836e+01
1000.00000,6.763266e-01,-1.609953e+02,2.078832e-01,-2.403951e+01,2.039663e-01,-2.994484e+01,9.165230e-01,-9.042235e+01
1096.47820,6.770078e-01,-1.624324e+02,1.990678e-01,-2.719683e+01,1.955055e-01,-3.256813e+01,9.214566e-01,-9.562372e+01
1202.26443,6.778418e-01,-1.637534e+02,1.898714e-01,-3.019640e+01,1.866264e-01,-3.507826e+01,9.263725e-01,-1.007882e+02
1318.25674,6.787773e-01,-1.649673e+02,1.804046e-01,-3.301974e+01,1.774457e-01,-3.745292e+01,9.311822e-01,-1.058732e+02
1445.43977,6.797692e-01,-1.660817e+02,1.707857e-01,-3.564873e+01,1.680863e-01,-3.967045e+01,9.358067e-01,-1.108395e+02
1584.89319,6.807800e-01,-1.671034e+02,1.611344e-01,-3.806652e+01,1.586717e-01,-4.171072e+01,9.401805e-01,-1.156527e+02
1737.80083,6.817802e-01,-1.680382e+02,1.515662e-01,-4.025817e+01,1.493201e-01,-4.355580e+01,9.442542e-01,-1.202836e+02
1905.46072,6.827482e-01,-1.688912e+02,1.421868e-01,-4.221124e+01,1.401399e-01,-4.519049e+01,9.479950e-01,-1.247095e+02
2089.29613,6.836698e-01,-1.696670e+02,1.330893e-01,-4.391602e+01,1.312257e-01,-4.660263e+01,9.513860e-01,-1.289136e+02
2290.86765,6.845374e-01,-1.703695e+02,1.243512e-01,-4.536580e+01,1.226566e-01,-4.778321e+01,9.544244e-01,-1.328850e+02
2511.88643,6.853493e-01,-1.710023e+02,1.160338e-01,-4.655684e+01,1.144953e-01,-4.872648e+01,9.571187e-01,-1.366180e+02
2754.22870,6.861084e-01,-1.715688e+02,1.081825e-01,-4.748838e+01,1.067883e-01,-4.942987e+01,9.594860e-01,-1.401118e+02
3019.95172,6.868213e-01,-1.720720e+02,1.008280e-01,-4.816260e+01,9.956702e-02,-4.989398e+01,9.615496e-01,-1.433691e+02
3311.31121,6.874976e-01,-1.725147e+02,9.398747e-02,-4.858463e+01,9.284959e-02,-5.012254e+01,9.633357e-01,-1.463958e+02
3630.78055,6.881492e-01,-1.728995e+02,8.766692e-02,-4.876256e+01,8.664272e-02,-5.012245e+01,9.648727e-01,-1.492001e+02
3981.07171,6.887901e-01,-1.732287e+02,8.186287e-02,-4.870753e+01,8.094357e-02,-4.990386e+01,9.661885e-01,-1.517920e+02
4365.15832,6.894358e-01,-1.735045e+02,7.656420e-02,-4.843386e+01,7.574159e-02,-4.948024e+01,9.673101e-01,-1.541825e+02
4786.30092,6.901035e-01,-1.737286e+02,7.175376e-02,-4.795910e+01,7.102016e-02,-4.886848e+01,9.682630e-01,-1.563832e+02
5248.07460,6.908123e-01,-1.739028e+02,6.740973e-02,-4.730413e+01,6.675789e-02,-4.808888e+01,9.690702e-01,-1.584060e+02
5754.39937,6.915830e-01,-1.740285e+02,6.350679e-02,-4.649308e+01,6.292985e-02,-4.716511e+01,9.697526e-01,-1.602630e+02
6309.57344,6.924390e-01,-1.741070e+02,6.001700e-02,-4.555311e+01,5.950848e-02,-4.612387e+01,9.703287e-01,-1.619657e+02
6918.30971,6.934066e-01,-1.741394e+02,5.691063e-02,-4.451398e+01,5.646436e-02,-4.499451e+01,9.708147e-01,-1.635256e+02
7585.77575,6.945152e-01,-1.741267e+02,5.415674e-02,-4.340747e+01,5.376687e-02,-4.380837e+01,9.712248e-01,-1.649535e+02
8317.63771,6.957983e-01,-1.740698e+02,5.172379e-02,-4.226660e+01,5.138474e-02,-4.259790e+01,9.715712e-01,-1.662597e+02
9120.10839,6.972937e-01,-1.739696e+02,4.958002e-02,-4.112468e+01,4.928654e-02,-4.139584e+01,9.718646e-01,-1.674538e+02
10000.00000,6.990445e-01,-1.738270e+02,4.769395e-02,-4.001439e+01,4.744107e-02,-4.023418e+01,9.721141e-01,-1.685449e+02
