! ! 
! S ! 
! ! 
! # MHz  S  MA  R  50.00000
! ! ===================================================================
1.00000,9.916120e-01,-7.871286e-01,2.184000e-01,1.788557e+02,2.338084e-03,8.947637e+01,9.462151e-01,-1.565322e-01
1.09648,9.916081e-01,-8.630660e-01,2.184011e-01,1.787453e+02,2.563640e-03,8.942582e+01,9.462140e-01,-1.716316e-01
1.20226,9.916034e-01,-9.463287e-01,2.184023e-01,1.786242e+02,2.810951e-03,8.937040e+01,9.462126e-01,-1.881877e-01
1.31826,9.915977e-01,-1.037623e+00,2.184038e-01,1.784914e+02,3.082115e-03,8.930963e+01,9.462111e-01,-2.063411e-01
1.44544,9.915909e-01,-1.137724e+00,2.184056e-01,1.783458e+02,3.379430e-03,8.924300e+01,9.462091e-01,-2.262457e-01
1.58489,9.915827e-01,-1.247480e+00,2.184078e-01,1.781861e+02,3.705417e-03,8.916994e+01,9.462068e-01,-2.480703e-01
1.73780,9.915729e-01,-1.367822e+00,2.184104e-01,1.780111e+02,4.062836e-03,8.908985e+01,9.462041e-01,-2.720000e-01
1.90546,9.915611e-01,-1.499770e+00,2.184136e-01,1.778192e+02,4.454716e-03,8.900203e+01,9.462007e-01,-2.982378e-01
2.08930,9.915468e-01,-1.644444e+00,2.184174e-01,1.776088e+02,4.884374e-03,8.890575e+01,9.461967e-01,-3.270060e-01
2.29087,9.915297e-01,-1.803068e+00,2.184220e-01,1.773782e+02,5.355444e-03,8.880018e+01,9.461919e-01,-3.585486e-01
2.51189,9.915092e-01,-1.976987e+00,2.184274e-01,1.771253e+02,5.871909e-03,8.868444e+01,9.461861e-01,-3.931326e-01
2.75423,9.914845e-01,-2.167674e+00,2.184340e-01,1.768480e+02,6.438132e-03,8.855754e+01,9.461791e-01,-4.310510e-01
3.01995,9.914548e-01,-2.376741e+00,2.184420e-01,1.765441e+02,7.058893e-03,8.841841e+01,9.461708e-01,-4.726247e-01
3.31131,9.914191e-01,-2.605959e+00,2.184515e-01,1.762108e+02,7.739422e-03,8.826587e+01,9.461607e-01,-5.182054e-01
3.63078,9.913761e-01,-2.857263e+00,2.184629e-01,1.758455e+02,8.485449e-03,8.809864e+01,9.461486e-01,-5.681784e-01
3.98107,9.913245e-01,-3.132777e+00,2.184767e-01,1.754451e+02,9.303241e-03,8.791531e+01,9.461341e-01,-6.229659e-01
4.36516,9.912625e-01,-3.434824e+00,2.184932e-01,1.750061e+02,1.019966e-02,8.771433e+01,9.461166e-01,-6.830300e-01
4.78630,9.911880e-01,-3.765949e+00,2.185130e-01,1.745249e+02,1.118219e-02,8.749401e+01,9.460956e-01,-7.488769e-01
5.24807,9.910985e-01,-4.128938e+00,2.185369e-01,1.739975e+02,1.225905e-02,8.725249e+01,9.460704e-01,-8.210608e-01
5.75440,9.909909e-01,-4.526838e+00,2.185655e-01,1.734195e+02,1.343916e-02,8.698776e+01,9.460401e-01,-9.001880e-01
6.30957,9.908617e-01,-4.962984e+00,2.186000e-01,1.727861e+02,1.473230e-02,8.669760e+01,9.460037e-01,-9.869216e-01
6.91831,9.907064e-01,-5.441019e+00,2.186413e-01,1.720921e+02,1.614910e-02,8.637960e+01,9.459600e-01,-1.081987e+00
7.58578,9.905200e-01,-5.964925e+00,2.186909e-01,1.713317e+02,1.770115e-02,8.603111e+01,9.459075e-01,-1.186176e+00
8.31764,9.902961e-01,-6.539048e+00,2.187504e-01,1.704988e+02,1.940105e-02,8.564925e+01,9.458445e-01,-1.300354e+00
9.12011,9.900273e-01,-7.168130e+00,2.188219e-01,1.695866e+02,2.126246e-02,8.523089e+01,9.457689e-01,-1.425466e+00
10.00000,9.897048e-01,-7.857336e+00,2.189075e-01,1.685878e+02,2.330017e-02,8.477261e+01,9.456781e-01,-1.562539e+00
10.96478,9.893179e-01,-8.612288e+00,2.190102e-01,1.674945e+02,2.553017e-02,8.427070e+01,9.455693e-01,-1.712694e+00
12.02264,9.888539e-01,-9.439094e+00,2.191332e-01,1.662981e+02,2.796965e-02,8.372113e+01,9.454388e-01,-1.877148e+00
13.18257,9.882979e-01,-1.034438e+01,2.192804e-01,1.649895e+02,3.063706e-02,8.311954e+01,9.452826e-01,-2.057223e+00
14.45440,9.876319e-01,-1.133530e+01,2.194565e-01,1.635588e+02,3.355206e-02,8.246123e+01,9.450955e-01,-2.254349e+00
15.84893,9.868348e-01,-1.241960e+01,2.196668e-01,1.619956e+02,3.673553e-02,8.174114e+01,9.448717e-01,-2.470072e+00
17.37801,9.858818e-01,-1.360559e+01,2.199178e-01,1.602887e+02,4.020941e-02,8.095384e+01,9.446043e-01,-2.706057e+00
19.05461,9.847434e-01,-1.490217e+01,2.202168e-01,1.584265e+02,4.399659e-02,8.009355e+01,9.442853e-01,-2.964091e+00
20.89296,9.833854e-01,-1.631884e+01,2.205724e-01,1.563967e+02,4.812065e-02,7.915414e+01,9.439050e-01,-3.246084e+00
22.90868,9.817680e-01,-1.786563e+01,2.209944e-01,1.541870e+02,5.260548e-02,7.812916e+01,9.434527e-01,-3.554070e+00
25.11886,9.798450e-01,-1.955311e+01,2.214940e-01,1.517844e+02,5.747479e-02,7.701189e+01,9.429158e-01,-3.890196e+00
27.54229,9.775638e-01,-2.139227e+01,2.220836e-01,1.491765e+02,6.275146e-02,7.579540e+01,9.422800e-01,-4.256724e+00
30.19952,9.748646e-01,-2.339443e+01,2.227771e-01,1.463510e+02,6.845664e-02,7.447265e+01,9.415292e-01,-4.656007e+00
33.11311,9.716804e-01,-2.557104e+01,2.235893e-01,1.432964e+02,7.460868e-02,7.303664e+01,9.406459e-01,-5.090482e+00
36.30781,9.679376e-01,-2.793349e+01,2.245361e-01,1.400026e+02,8.122174e-02,7.148056e+01,9.396107e-01,-5.562640e+00
39.81072,9.635566e-01,-3.049281e+01,2.256335e-01,1.364613e+02,8.830424e-02,6.979802e+01,9.384033e-01,-6.075009e+00
43.65158,9.584538e-01,-3.325929e+01,2.268970e-01,1.326666e+02,9.585696e-02,6.798331e+01,9.370030e-01,-6.630120e+00
47.86301,9.525441e-01,-3.624204e+01,2.283410e-01,1.286161e+02,1.038710e-01,6.603173e+01,9.353894e-01,-7.230492e+00
52.48075,9.457449e-01,-3.944848e+01,2.299769e-01,1.243111e+02,1.123259e-01,6.393993e+01,9.335438e-01,-7.878612e+00
57.54399,9.379812e-01,-4.288372e+01,2.318120e-01,1.197577e+02,1.211871e-01,6.170630e+01,9.314509e-01,-8.576937e+00
63.09573,9.291922e-01,-4.654994e+01,2.338478e-01,1.149672e+02,1.304051e-01,5.933135e+01,9.291009e-01,-9.327925e+00
69.18310,9.193386e-01,-5.044569e+01,2.360781e-01,1.099563e+02,1.399135e-01,5.681805e+01,9.264909e-01,-1.013410e+01
75.85776,9.084108e-01,-5.456530e+01,2.384882e-01,1.047476e+02,1.496298e-01,5.417212e+01,9.236280e-01,-1.099815e+01
83.17638,8.964361e-01,-5.889831e+01,2.410531e-01,9.936872e+01,1.594559e-01,5.140215e+01,9.205302e-01,-1.192310e+01
91.20108,8.834847e-01,-6.342910e+01,2.437379e-01,9.385226e+01,1.692808e-01,4.851961e+01,9.172285e-01,-1.291252e+01
100.00000,8.696734e-01,-6.813671e+01,2.464985e-01,8.823437e+01,1.789850e-01,4.553858e+01,9.137664e-01,-1.397077e+01
109.64782,8.551646e-01,-7.299499e+01,2.492827e-01,8.255349e+01,1.884448e-01,4.247531e+01,9.101994e-01,-1.510322e+01
120.22644,8.401613e-01,-7.797302e+01,2.520329e-01,7.684874e+01,1.975392e-01,3.934754e+01,9.065925e-01,-1.631656e+01
131.82567,8.248973e-01,-8.303581e+01,2.546893e-01,7.115827e+01,2.061548e-01,3.617365e+01,9.030175e-01,-1.761890e+01
144.54398,8.096240e-01,-8.814541e+01,2.571925e-01,6.551762e+01,2.141918e-01,3.297179e+01,8.995483e-01,-1.901992e+01
158.48932,7.945949e-01,-9.326207e+01,2.594862e-01,5.995837e+01,2.215674e-01,2.975893e+01,8.962573e-01,-2.053085e+01
173.78008,7.800493e-01,-9.834572e+01,2.615198e-01,5.450702e+01,2.282182e-01,2.655003e+01,8.932117e-01,-2.216431e+01
190.54607,7.661994e-01,-1.033573e+02,2.632485e-01,4.918439e+01,2.341001e-01,2.335748e+01,8.904706e-01,-2.393411e+01
208.92961,7.532192e-01,-1.082601e+02,2.646342e-01,4.400530e+01,2.391870e-01,2.019061e+01,8.880837e-01,-2.585492e+01
229.08677,7.412393e-01,-1.130211e+02,2.656442e-01,3.897870e+01,2.434674e-01,1.705560e+01,8.860908e-01,-2.794190e+01
251.18864,7.303450e-01,-1.176116e+02,2.662500e-01,3.410811e+01,2.469409e-01,1.395550e+01,8.845226e-01,-3.021026e+01
275.42287,7.205791e-01,-1.220081e+02,2.664256e-01,2.939228e+01,2.496144e-01,1.089057e+01,8.834024e-01,-3.267484e+01
301.99517,7.119472e-01,-1.261923e+02,2.661454e-01,2.482606e+01,2.514974e-01,7.858684e+00,8.827474e-01,-3.534956e+01
331.13112,7.044248e-01,-1.301515e+02,2.653832e-01,2.040132e+01,2.525996e-01,4.855914e+00,8.825705e-01,-3.824698e+01
363.07805,6.979645e-01,-1.338781e+02,2.641108e-01,1.610790e+01,2.529278e-01,1.877176e+00,8.828819e-01,-4.137764e+01
398.10717,6.925037e-01,-1.373692e+02,2.622976e-01,1.193463e+01,2.524850e-01,-1.083081e+00,8.836889e-01,-4.474947e+01
436.51583,6.879702e-01,-1.406260e+02,2.599108e-01,7.870276e+00,2.512694e-01,-4.030155e+00,8.849967e-01,-4.836706e+01
478.63009,6.842872e-01,-1.436532e+02,2.569167e-01,3.904408e+00,2.492754e-01,-6.968378e+00,8.868067e-01,-5.223095e+01
524.80746,6.813766e-01,-1.464584e+02,2.532822e-01,2.825827e-02,2.464956e-01,-9.900434e+00,8.891153e-01,-5.633693e+01
575.43994,6.791612e-01,-1.490514e+02,2.489778e-01,-3.764545e+00,2.429229e-01,-1.282673e+01,8.919113e-01,-6.067531e+01
630.95734,6.775658e-01,-1.514435e+02,2.439812e-01,-7.477357e+00,2.385546e-01,-1.574483e+01,8.951738e-01,-6.523046e+01
691.83097,6.765173e-01,-1.536472e+02,2.382803e-01,-1.111005e+01,2.333956e-01,-1.864910e+01,8.988697e-01,-6.998049e+01
758.57758,6.759448e-01,-1.556753e+02,2.318778e-01,-1.465876e+01,2.274633e-01,-2.153040e+01,9.029521e-01,-7.489735e+01
831.76377,6.757794e-01,-1.575408e+02,2.247942e-01,-1.811580e+01,2.207904e-01,-2.437612e+01,9.073601e-01,-7.994723e+01
912.01084,6.759540e-01,-1.592563e+02,2.170704e-01,-2.146993e+01,2.134282e-01,-2.717039e+01,9.120193e-01,-8.509147e+01
1000.00000,6.764039e-01,-1.608337e+02,2.087685e-01,-2.470682e+01,2.054473e-01,-2.989454e+01,9.168449e-01,-9.028789e+01
1096.47820,6.770676e-01,-1.622841e+02,1.999708e-01,-2.780970e+01,1.969369e-01,-3.252781e+01,9.217457e-01,-9.549233e+01
1202.26443,6.778875e-01,-1.636174e+02,1.907774e-01,-3.076031e+01,1.880026e-01,-3.504821e+01,9.266297e-01,-1.006605e+02
1318.25674,6.788117e-01,-1.648427e+02,1.813012e-01,-3.353979e+01,1.787617e-01,-3.743345e+01,9.314087e-01,-1.057499e+02
1445.43977,6.797948e-01,-1.659676e+02,1.716626e-01,-3.612968e+01,1.693383e-01,-3.966190e+01,9.360044e-01,-1.107211e+02
1584.89319,6.807988e-01,-1.669989e+02,1.619833e-01,-3.851275e+01,1.598567e-01,-4.171344e+01,9.403518e-01,-1.155395e+02
1737.80083,6.817938e-01,-1.679426e+02,1.523806e-01,-4.067374e+01,1.504362e-01,-4.357014e+01,9.444015e-01,-1.201761e+02
1905.46072,6.827579e-01,-1.688039e+02,1.429620e-01,-4.259985e+01,1.411860e-01,-4.521679e+01,9.481210e-01,-1.246079e+02
2089.29613,6.836766e-01,-1.695871e+02,1.338219e-01,-4.428108e+01,1.322018e-01,-4.664117e+01,9.514932e-01,-1.288180e+02
2290.86765,6.845421e-01,-1.702966e+02,1.250391e-01,-4.571038e+01,1.235636e-01,-4.783426e+01,9.545152e-01,-1.327954e+02
2511.88643,6.853524e-01,-1.709358e+02,1.166761e-01,-4.688374e+01,1.153346e-01,-4.879022e+01,9.571953e-01,-1.365344e+02
2754.22870,6.861103e-01,-1.715081e+02,1.087792e-01,-4.780009e+01,1.075619e-01,-4.950642e+01,9.595505e-01,-1.400340e+02
3019.95172,6.868223e-01,-1.720168e+02,1.013797e-01,-4.846132e+01,1.002775e-01,-4.998334e+01,9.616036e-01,-1.432969e+02
3311.31121,6.874979e-01,-1.724645e+02,9.449533e-02,-4.887229e+01,9.349977e-02,-5.022458e+01,9.633810e-01,-1.463290e+02
3630.78055,6.881489e-01,-1.728538e+02,8.813262e-02,-4.904078e+01,8.723575e-02,-5.023691e+01,9.649105e-01,-1.491385e+02
3981.07171,6.887892e-01,-1.731872e+02,8.228835e-02,-4.897765e+01,8.148272e-02,-5.003028e+01,9.662199e-01,-1.517352e+02
4365.15832,6.894343e-01,-1.734668e+02,7.695162e-02,-4.869691e+01,7.623023e-02,-4.961797e+01,9.673363e-01,-1.541302e+02
4786.30092,6.901013e-01,-1.736945e+02,7.210540e-02,-4.821581e+01,7.146166e-02,-4.901663e+01,9.682847e-01,-1.563352e+02
5248.07460,6.908092e-01,-1.738720e+02,6.772798e-02,-4.755494e+01,6.715564e-02,-4.824634e+01,9.690882e-01,-1.583620e+02
5754.39937,6.915790e-01,-1.740007e+02,6.379404e-02,-4.673813e+01,6.328721e-02,-4.733053e+01,9.697675e-01,-1.602226e+02
6309.57344,6.924339e-01,-1.740820e+02,6.027567e-02,-4.579228e+01,5.982872e-02,-4.629569e+01,9.703410e-01,-1.619288e+02
6918.30971,6.934002e-01,-1.741170e+02,5.714311e-02,-4.474694e+01,5.675068e-02,-4.517102e+01,9.708248e-01,-1.634918e+02
7585.77575,6.945072e-01,-1.741067e+02,5.436537e-02,-4.363370e+01,5.402238e-02,-4.398771e+01,9.712331e-01,-1.649226e+02
8317.63771,6.957884e-01,-1.740519e+02,5.191084e-02,-4.248544e+01,5.161243e-02,-4.277818e+01,9.715780e-01,-1.662314e+02
9120.10839,6.972815e-01,-1.739537e+02,4.974767e-02,-4.133542e+01,4.948927e-02,-4.157517e+01,9.718701e-01,-1.674279e+02
10000.00000,6.990297e-01,-1.738131e+02,4.784429e-02,-4.021631e+01,4.762155e-02,-4.041076e+01,9.721184e-01,-1.685213e+02
