! ! 
! S ! 
! ! 
! # MHz  S  MA  R  50.00000
! ! ===================================================================
1.00000,9.912720e-01,-7.946134e-01,2.498336e-01,1.789274e+02,2.342558e-03,8.947194e+01,9.489043e-01,-1.592167e-01
1.09648,9.912680e-01,-8.712728e-01,2.498341e-01,1.788239e+02,2.568545e-03,8.942096e+01,9.489031e-01,-1.745753e-01
1.20226,9.912632e-01,-9.553272e-01,2.498347e-01,1.787103e+02,2.816329e-03,8.936507e+01,9.489017e-01,-1.914156e-01
1.31826,9.912574e-01,-1.047490e+00,2.498354e-01,1.785859e+02,3.088011e-03,8.930379e+01,9.489000e-01,-2.098804e-01
1.44544,9.912505e-01,-1.148542e+00,2.498362e-01,1.784494e+02,3.385894e-03,8.923660e+01,9.488979e-01,-2.301265e-01
1.58489,9.912422e-01,-1.259341e+00,2.498372e-01,1.782997e+02,3.712503e-03,8.916293e+01,9.488954e-01,-2.523255e-01
1.73780,9.912321e-01,-1.380827e+00,2.498384e-01,1.781357e+02,4.070605e-03,8.908216e+01,9.488925e-01,-2.766658e-01
1.90546,9.912201e-01,-1.514030e+00,2.498399e-01,1.779558e+02,4.463233e-03,8.899360e+01,9.488889e-01,-3.033536e-01
2.08930,9.912056e-01,-1.660079e+00,2.498416e-01,1.777586e+02,4.893709e-03,8.889650e+01,9.488846e-01,-3.326152e-01
2.29087,9.911882e-01,-1.820211e+00,2.498437e-01,1.775423e+02,5.365676e-03,8.879005e+01,9.488795e-01,-3.646986e-01
2.51189,9.911673e-01,-1.995782e+00,2.498462e-01,1.773052e+02,5.883124e-03,8.867333e+01,9.488733e-01,-3.998755e-01
2.75423,9.911421e-01,-2.188281e+00,2.498492e-01,1.770453e+02,6.450424e-03,8.854536e+01,9.488658e-01,-4.384439e-01
3.01995,9.911119e-01,-2.399335e+00,2.498529e-01,1.767604e+02,7.072362e-03,8.840506e+01,9.488569e-01,-4.807300e-01
3.31131,9.910756e-01,-2.630729e+00,2.498573e-01,1.764479e+02,7.754181e-03,8.825124e+01,9.488461e-01,-5.270916e-01
3.63078,9.910319e-01,-2.884420e+00,2.498625e-01,1.761054e+02,8.501618e-03,8.808260e+01,9.488332e-01,-5.779204e-01
3.98107,9.909794e-01,-3.162550e+00,2.498688e-01,1.757300e+02,9.320953e-03,8.789772e+01,9.488176e-01,-6.336457e-01
4.36516,9.909163e-01,-3.467464e+00,2.498764e-01,1.753184e+02,1.021905e-02,8.769505e+01,9.487990e-01,-6.947375e-01
4.78630,9.908405e-01,-3.801731e+00,2.498856e-01,1.748672e+02,1.120343e-02,8.747287e+01,9.487765e-01,-7.617104e-01
5.24807,9.907494e-01,-4.168162e+00,2.498965e-01,1.743726e+02,1.228229e-02,8.722932e+01,9.487495e-01,-8.351277e-01
5.75440,9.906399e-01,-4.569834e+00,2.499097e-01,1.738306e+02,1.346460e-02,8.696237e+01,9.487171e-01,-9.156058e-01
6.30957,9.905084e-01,-5.010111e+00,2.499255e-01,1.732365e+02,1.476012e-02,8.666978e+01,9.486782e-01,-1.003819e+00
6.91831,9.903504e-01,-5.492670e+00,2.499445e-01,1.725855e+02,1.617951e-02,8.634910e+01,9.486315e-01,-1.100503e+00
7.58578,9.901607e-01,-6.021530e+00,2.499673e-01,1.718722e+02,1.773438e-02,8.599770e+01,9.485753e-01,-1.206465e+00
8.31764,9.899329e-01,-6.601075e+00,2.499947e-01,1.710907e+02,1.943732e-02,8.561265e+01,9.485079e-01,-1.322582e+00
9.12011,9.896594e-01,-7.236091e+00,2.500276e-01,1.702347e+02,2.130202e-02,8.519079e+01,9.484270e-01,-1.449813e+00
10.00000,9.893312e-01,-7.931787e+00,2.500670e-01,1.692971e+02,2.334327e-02,8.472869e+01,9.483300e-01,-1.589202e+00
10.96478,9.889376e-01,-8.693834e+00,2.501142e-01,1.682706e+02,2.557707e-02,8.422261e+01,9.482136e-01,-1.741887e+00
12.02264,9.884655e-01,-9.528392e+00,2.501708e-01,1.671470e+02,2.802060e-02,8.366849e+01,9.480741e-01,-1.909101e+00
13.18257,9.878999e-01,-1.044214e+01,2.502385e-01,1.659175e+02,3.069229e-02,8.306194e+01,9.479070e-01,-2.092185e+00
14.45440,9.872224e-01,-1.144229e+01,2.503196e-01,1.645726e+02,3.361181e-02,8.239822e+01,9.477070e-01,-2.292587e+00
15.84893,9.864117e-01,-1.253666e+01,2.504164e-01,1.631024e+02,3.679997e-02,8.167225e+01,9.474678e-01,-2.511872e+00
17.37801,9.854423e-01,-1.373359e+01,2.505320e-01,1.614959e+02,4.027867e-02,8.087857e+01,9.471820e-01,-2.751723e+00
19.05461,9.842847e-01,-1.504208e+01,2.506698e-01,1.597420e+02,4.407072e-02,8.001136e+01,9.468409e-01,-3.013945e+00
20.89296,9.829039e-01,-1.647165e+01,2.508337e-01,1.578284e+02,4.819956e-02,7.906447e+01,9.464346e-01,-3.300464e+00
22.90868,9.812596e-01,-1.803242e+01,2.510284e-01,1.557429e+02,5.268893e-02,7.803143e+01,9.459512e-01,-3.613326e+00
25.11886,9.793051e-01,-1.973499e+01,2.512589e-01,1.534725e+02,5.756231e-02,7.690549e+01,9.453776e-01,-3.954689e+00
27.54229,9.769870e-01,-2.159040e+01,2.515312e-01,1.510044e+02,6.284230e-02,7.567973e+01,9.446985e-01,-4.326816e+00
30.19952,9.742449e-01,-2.360999e+01,2.518517e-01,1.483255e+02,6.854967e-02,7.434710e+01,9.438968e-01,-4.732057e+00
33.11311,9.710112e-01,-2.580521e+01,2.522275e-01,1.454236e+02,7.470228e-02,7.290063e+01,9.429539e-01,-5.172834e+00
36.30781,9.672118e-01,-2.818744e+01,2.526659e-01,1.422870e+02,8.131373e-02,7.133354e+01,9.418492e-01,-5.651612e+00
39.81072,9.627665e-01,-3.076765e+01,2.531747e-01,1.389056e+02,8.839168e-02,6.963952e+01,9.405614e-01,-6.170875e+00
43.65158,9.575917e-01,-3.355604e+01,2.537611e-01,1.352711e+02,9.593608e-02,6.781296e+01,9.390685e-01,-6.733097e+00
47.86301,9.516023e-01,-3.656157e+01,2.544322e-01,1.313782e+02,1.039371e-01,6.584929e+01,9.373492e-01,-7.340717e+00
52.48075,9.447162e-01,-3.979146e+01,2.551932e-01,1.272248e+02,1.123729e-01,6.374532e+01,9.353841e-01,-7.996119e+00
57.54399,9.368599e-01,-4.325055e+01,2.560478e-01,1.228131e+02,1.212081e-01,6.149967e+01,9.331573e-01,-8.701643e+00
63.09573,9.279742e-01,-4.694068e+01,2.569966e-01,1.181503e+02,1.303918e-01,5.911309e+01,9.306589e-01,-9.459604e+00
69.18310,9.180227e-01,-5.086001e+01,2.580363e-01,1.132491e+02,1.398565e-01,5.658884e+01,9.278868e-01,-1.027237e+01
75.85776,9.069991e-01,-5.500240e+01,2.591592e-01,1.081280e+02,1.495188e-01,5.393294e+01,9.248491e-01,-1.114248e+01
83.17638,8.949346e-01,-5.935687e+01,2.603522e-01,1.028116e+02,1.592799e-01,5.115429e+01,9.215659e-01,-1.207280e+01
91.20108,8.819042e-01,-6.390727e+01,2.615968e-01,9.732976e+01,1.690287e-01,4.826468e+01,9.180705e-01,-1.306676e+01
100.00000,8.680291e-01,-6.863209e+01,2.628690e-01,9.171725e+01,1.786459e-01,4.527843e+01,9.144097e-01,-1.412861e+01
109.64782,8.534759e-01,-7.350467e+01,2.641398e-01,8.601227e+01,1.880090e-01,4.221202e+01,9.106425e-01,-1.526367e+01
120.22644,8.384511e-01,-7.849362e+01,2.653769e-01,8.025493e+01,1.969983e-01,3.908331e+01,9.068378e-01,-1.647858e+01
131.82567,8.231905e-01,-8.356360e+01,2.665450e-01,7.448551e+01,2.055027e-01,3.591074e+01,9.030709e-01,-1.778152e+01
144.54398,8.079463e-01,-8.867639e+01,2.676082e-01,6.874263e+01,2.134248e-01,3.271240e+01,8.994192e-01,-1.918225e+01
158.48932,7.929707e-01,-9.379216e+01,2.685308e-01,6.306157e+01,2.206845e-01,2.950510e+01,8.959580e-01,-2.069211e+01
173.78008,7.785007e-01,-9.887084e+01,2.692783e-01,5.747293e+01,2.272210e-01,2.630363e+01,8.927565e-01,-2.232390e+01
190.54607,7.647447e-01,-1.038736e+02,2.698180e-01,5.200164e+01,2.329928e-01,2.312009e+01,8.898754e-01,-2.409159e+01
208.92961,7.518722e-01,-1.087639e+02,2.701192e-01,4.666650e+01,2.379757e-01,1.996351e+01,8.873653e-01,-2.601003e+01
229.08677,7.400089e-01,-1.135093e+02,2.701521e-01,4.148004e+01,2.421601e-01,1.683977e+01,8.852663e-01,-2.809456e+01
251.18864,7.292356e-01,-1.180815e+02,2.698875e-01,3.644891e+01,2.455468e-01,1.375164e+01,8.836089e-01,-3.036053e+01
275.42287,7.195907e-01,-1.224575e+02,2.692958e-01,3.157446e+01,2.481433e-01,1.069908e+01,8.824159e-01,-3.282289e+01
301.99517,7.110766e-01,-1.266197e+02,2.683459e-01,2.685363e+01,2.499598e-01,7.679745e+00,8.817039e-01,-3.549567e+01
331.13112,7.036658e-01,-1.305558e+02,2.670041e-01,2.227985e+01,2.510059e-01,4.689516e+00,8.814850e-01,-3.839148e+01
363.07805,6.973094e-01,-1.342587e+02,2.652344e-01,1.784411e+01,2.512886e-01,1.723158e+00,8.817686e-01,-4.152088e+01
398.10717,6.919434e-01,-1.377260e+02,2.629980e-01,1.353602e+01,2.508103e-01,-1.224985e+00,8.825613e-01,-4.489179e+01
436.51583,6.874951e-01,-1.409591e+02,2.602542e-01,9.344798e+00,2.495692e-01,-4.160278e+00,8.838673e-01,-4.850877e+01
478.63009,6.838877e-01,-1.439633e+02,2.569616e-01,5.260225e+00,2.475594e-01,-7.087087e+00,8.856875e-01,-5.237229e+01
524.80746,6.810435e-01,-1.467462e+02,2.530801e-01,1.273560e+00,2.447729e-01,-1.000810e+01,8.880172e-01,-5.647803e+01
575.43994,6.788857e-01,-1.493179e+02,2.485741e-01,-2.621684e+00,2.412027e-01,-1.292369e+01,8.908446e-01,-6.081621e+01
630.95734,6.773399e-01,-1.516898e+02,2.434153e-01,-6.429081e+00,2.368454e-01,-1.583140e+01,8.941476e-01,-6.537105e+01
691.83097,6.763336e-01,-1.538744e+02,2.375868e-01,-1.014879e+01,2.317060e-01,-1.872551e+01,8.978922e-01,-7.012055e+01
758.57758,6.757967e-01,-1.558846e+02,2.310870e-01,-1.377728e+01,2.258014e-01,-2.159684e+01,9.020301e-01,-7.503650e+01
831.76377,6.756611e-01,-1.577334e+02,2.239324e-01,-1.730722e+01,2.191640e-01,-2.443269e+01,9.064989e-01,-8.008501e+01
912.01084,6.758605e-01,-1.594333e+02,2.161606e-01,-2.072775e+01,2.118447e-01,-2.721712e+01,9.112228e-01,-8.522732e+01
1000.00000,6.763307e-01,-1.609962e+02,2.078303e-01,-2.402491e+01,2.039135e-01,-2.993139e+01,9.161154e-01,-9.042117e+01
1096.47820,6.770108e-01,-1.624332e+02,1.990214e-01,-2.718233e+01,1.954590e-01,-3.255467e+01,9.210840e-01,-9.562241e+01
1202.26443,6.778440e-01,-1.637542e+02,1.898310e-01,-3.018209e+01,1.865860e-01,-3.506491e+01,9.260349e-01,-1.007868e+02
1318.25674,6.787786e-01,-1.649680e+02,1.803699e-01,-3.300572e+01,1.774109e-01,-3.743977e+01,9.308788e-01,-1.058717e+02
1445.43977,6.797699e-01,-1.660824e+02,1.707562e-01,-3.563510e+01,1.680567e-01,-3.965761e+01,9.355361e-01,-1.108379e+02
1584.89319,6.807802e-01,-1.671040e+02,1.611097e-01,-3.805336e+01,1.586468e-01,-4.169827e+01,9.399411e-01,-1.156510e+02
1737.80083,6.817801e-01,-1.680388e+02,1.515455e-01,-4.024555e+01,1.492993e-01,-4.354382e+01,9.440439e-01,-1.202819e+02
1905.46072,6.827478e-01,-1.688917e+02,1.421697e-01,-4.219919e+01,1.401226e-01,-4.517904e+01,9.478116e-01,-1.247078e+02
2089.29613,6.836692e-01,-1.696674e+02,1.330752e-01,-4.390460e+01,1.312114e-01,-4.659173e+01,9.512270e-01,-1.289119e+02
2290.86765,6.845368e-01,-1.703699e+02,1.243397e-01,-4.535503e+01,1.226449e-01,-4.777291e+01,9.542873e-01,-1.328834e+02
2511.88643,6.853486e-01,-1.710027e+02,1.160244e-01,-4.654672e+01,1.144858e-01,-4.871678e+01,9.570011e-01,-1.366165e+02
2754.22870,6.861077e-01,-1.715691e+02,1.081749e-01,-4.747891e+01,1.067805e-01,-4.942078e+01,9.593857e-01,-1.401103e+02
3019.95172,6.868206e-01,-1.720723e+02,1.008218e-01,-4.815377e+01,9.956061e-02,-4.988549e+01,9.614642e-01,-1.433676e+02
3311.31121,6.874969e-01,-1.725150e+02,9.398237e-02,-4.857642e+01,9.284433e-02,-5.011463e+01,9.632634e-01,-1.463944e+02
3630.78055,6.881486e-01,-1.728998e+02,8.766274e-02,-4.875494e+01,8.663839e-02,-5.011510e+01,9.648115e-01,-1.491988e+02
3981.07171,6.887895e-01,-1.732290e+02,8.185943e-02,-4.870048e+01,8.093998e-02,-4.989704e+01,9.661369e-01,-1.517908e+02
4365.15832,6.894352e-01,-1.735047e+02,7.656134e-02,-4.842733e+01,7.573860e-02,-4.947392e+01,9.672668e-01,-1.541814e+02
4786.30092,6.901029e-01,-1.737289e+02,7.175136e-02,-4.795306e+01,7.101764e-02,-4.886262e+01,9.682266e-01,-1.563821e+02
5248.07460,6.908116e-01,-1.739031e+02,6.740770e-02,-4.729855e+01,6.675575e-02,-4.808346e+01,9.690397e-01,-1.584050e+02
5754.39937,6.915823e-01,-1.740288e+02,6.350505e-02,-4.648792e+01,6.292802e-02,-4.716008e+01,9.697271e-01,-1.602621e+02
6309.57344,6.924383e-01,-1.741073e+02,6.001550e-02,-4.554833e+01,5.950690e-02,-4.611921e+01,9.703074e-01,-1.619649e+02
6918.30971,6.934058e-01,-1.741397e+02,5.690931e-02,-4.450955e+01,5.646297e-02,-4.499018e+01,9.707969e-01,-1.635249e+02
7585.77575,6.945143e-01,-1.741270e+02,5.415558e-02,-4.340336e+01,5.376564e-02,-4.380433e+01,9.712099e-01,-1.649528e+02
8317.63771,6.957972e-01,-1.740701e+02,5.172274e-02,-4.226277e+01,5.138364e-02,-4.259414e+01,9.715589e-01,-1.662591e+02
9120.10839,6.972925e-01,-1.739699e+02,4.957907e-02,-4.112109e+01,4.928554e-02,-4.139231e+01,9.718543e-01,-1.674532e+02
10000.00000,6.990431e-01,-1.738274e+02,4.769309e-02,-4.001102e+01,4.744017e-02,-4.023085e+01,9.721055e-01,-1.685444e+02
