! ! 
! S ! 
! ! 
! # MHz  S  MA  R  50.00000
! ! ===================================================================
1.00000,9.912720e-01,-7.945401e-01,2.493401e-01,1.789283e+02,2.335464e-03,8.947221e+01,9.437682e-01,-1.591938e-01
1.09648,9.912680e-01,-8.711925e-01,2.493406e-01,1.788248e+02,2.560767e-03,8.942125e+01,9.437670e-01,-1.745498e-01
1.20226,9.912632e-01,-9.552391e-01,2.493412e-01,1.787113e+02,2.807801e-03,8.936538e+01,9.437656e-01,-1.913872e-01
1.31826,9.912574e-01,-1.047393e+00,2.493419e-01,1.785870e+02,3.078661e-03,8.930413e+01,9.437639e-01,-2.098490e-01
1.44544,9.912505e-01,-1.148436e+00,2.493427e-01,1.784506e+02,3.375642e-03,8.923697e+01,9.437618e-01,-2.300917e-01
1.58489,9.912422e-01,-1.259225e+00,2.493437e-01,1.783010e+02,3.701262e-03,8.916333e+01,9.437594e-01,-2.522871e-01
1.73780,9.912322e-01,-1.380700e+00,2.493449e-01,1.781371e+02,4.058280e-03,8.908260e+01,9.437565e-01,-2.766234e-01
1.90546,9.912202e-01,-1.513891e+00,2.493463e-01,1.779573e+02,4.449718e-03,8.899408e+01,9.437529e-01,-3.033069e-01
2.08930,9.912057e-01,-1.659926e+00,2.493480e-01,1.777603e+02,4.878891e-03,8.889703e+01,9.437487e-01,-3.325638e-01
2.29087,9.911883e-01,-1.820043e+00,2.493501e-01,1.775442e+02,5.349430e-03,8.879062e+01,9.437435e-01,-3.646420e-01
2.51189,9.911674e-01,-1.995598e+00,2.493526e-01,1.773073e+02,5.865311e-03,8.867395e+01,9.437374e-01,-3.998133e-01
2.75423,9.911423e-01,-2.188079e+00,2.493556e-01,1.770476e+02,6.430893e-03,8.854604e+01,9.437300e-01,-4.383755e-01
3.01995,9.911120e-01,-2.399114e+00,2.493592e-01,1.767628e+02,7.050949e-03,8.840581e+01,9.437211e-01,-4.806549e-01
3.31131,9.910757e-01,-2.630487e+00,2.493635e-01,1.764506e+02,7.730703e-03,8.825206e+01,9.437104e-01,-5.270091e-01
3.63078,9.910321e-01,-2.884155e+00,2.493688e-01,1.761084e+02,8.475878e-03,8.808350e+01,9.436976e-01,-5.778299e-01
3.98107,9.909796e-01,-3.162259e+00,2.493750e-01,1.757332e+02,9.292732e-03,8.789871e+01,9.436822e-01,-6.335464e-01
4.36516,9.909166e-01,-3.467145e+00,2.493825e-01,1.753219e+02,1.018812e-02,8.769613e+01,9.436636e-01,-6.946286e-01
4.78630,9.908408e-01,-3.801381e+00,2.493916e-01,1.748711e+02,1.116951e-02,8.747405e+01,9.436413e-01,-7.615909e-01
5.24807,9.907498e-01,-4.167779e+00,2.494024e-01,1.743769e+02,1.224511e-02,8.723062e+01,9.436146e-01,-8.349967e-01
5.75440,9.906404e-01,-4.569414e+00,2.494155e-01,1.738353e+02,1.342383e-02,8.696379e+01,9.435824e-01,-9.154621e-01
6.30957,9.905090e-01,-5.009650e+00,2.494311e-01,1.732417e+02,1.471543e-02,8.667133e+01,9.435437e-01,-1.003661e+00
6.91831,9.903511e-01,-5.492165e+00,2.494499e-01,1.725911e+02,1.613053e-02,8.635081e+01,9.434973e-01,-1.100331e+00
7.58578,9.901615e-01,-6.020977e+00,2.494725e-01,1.718784e+02,1.768070e-02,8.599957e+01,9.434416e-01,-1.206276e+00
8.31764,9.899339e-01,-6.600470e+00,2.494996e-01,1.710975e+02,1.937849e-02,8.561469e+01,9.433747e-01,-1.322375e+00
9.12011,9.896606e-01,-7.235428e+00,2.495321e-01,1.702420e+02,2.123755e-02,8.519304e+01,9.432944e-01,-1.449586e+00
10.00000,9.893327e-01,-7.931061e+00,2.495712e-01,1.693052e+02,2.327263e-02,8.473116e+01,9.431981e-01,-1.588954e+00
10.96478,9.889393e-01,-8.693040e+00,2.496179e-01,1.682795e+02,2.549967e-02,8.422531e+01,9.430825e-01,-1.741616e+00
12.02264,9.884676e-01,-9.527522e+00,2.496739e-01,1.671567e+02,2.793582e-02,8.367144e+01,9.429441e-01,-1.908805e+00
13.18257,9.879023e-01,-1.044119e+01,2.497410e-01,1.659281e+02,3.059945e-02,8.306518e+01,9.427782e-01,-2.091861e+00
14.45440,9.872253e-01,-1.144126e+01,2.498212e-01,1.645842e+02,3.351015e-02,8.240177e+01,9.425796e-01,-2.292234e+00
15.84893,9.864152e-01,-1.253552e+01,2.499171e-01,1.631150e+02,3.668869e-02,8.167613e+01,9.423421e-01,-2.511487e+00
17.37801,9.854466e-01,-1.373236e+01,2.500315e-01,1.615098e+02,4.015691e-02,8.088282e+01,9.420584e-01,-2.751303e+00
19.05461,9.842897e-01,-1.504073e+01,2.501679e-01,1.597571e+02,4.393753e-02,8.001601e+01,9.417198e-01,-3.013488e+00
20.89296,9.829099e-01,-1.647018e+01,2.503302e-01,1.578449e+02,4.805396e-02,7.906956e+01,9.413164e-01,-3.299968e+00
22.90868,9.812668e-01,-1.803082e+01,2.505229e-01,1.557608e+02,5.252984e-02,7.803700e+01,9.408367e-01,-3.612788e+00
25.11886,9.793136e-01,-1.973325e+01,2.507511e-01,1.534921e+02,5.738861e-02,7.691158e+01,9.402672e-01,-3.954107e+00
27.54229,9.769972e-01,-2.158852e+01,2.510207e-01,1.510256e+02,6.265279e-02,7.568638e+01,9.395930e-01,-4.326188e+00
30.19952,9.742570e-01,-2.360795e+01,2.513380e-01,1.483486e+02,6.834310e-02,7.435437e+01,9.387973e-01,-4.731382e+00
33.11311,9.710255e-01,-2.580301e+01,2.517101e-01,1.454486e+02,7.447738e-02,7.290856e+01,9.378612e-01,-5.172110e+00
36.30781,9.672286e-01,-2.818508e+01,2.521442e-01,1.423141e+02,8.106918e-02,7.134219e+01,9.367647e-01,-5.650840e+00
39.81072,9.627864e-01,-3.076512e+01,2.526479e-01,1.389348e+02,8.812619e-02,6.964894e+01,9.354864e-01,-6.170056e+00
43.65158,9.576149e-01,-3.355334e+01,2.532285e-01,1.353025e+02,9.564835e-02,6.782320e+01,9.340045e-01,-6.732235e+00
47.86301,9.516294e-01,-3.655870e+01,2.538929e-01,1.314118e+02,1.036259e-01,6.586042e+01,9.322980e-01,-7.339814e+00
52.48075,9.447477e-01,-3.978843e+01,2.546465e-01,1.272607e+02,1.120372e-01,6.375740e+01,9.303474e-01,-7.995183e+00
57.54399,9.368961e-01,-4.324738e+01,2.554928e-01,1.228513e+02,1.208468e-01,6.151276e+01,9.281374e-01,-8.700682e+00
63.09573,9.280158e-01,-4.693738e+01,2.564324e-01,1.181907e+02,1.300041e-01,5.912725e+01,9.256579e-01,-9.458630e+00
69.18310,9.180700e-01,-5.085661e+01,2.574620e-01,1.132917e+02,1.394419e-01,5.660413e+01,9.229070e-01,-1.027140e+01
75.85776,9.070525e-01,-5.499894e+01,2.585741e-01,1.081728e+02,1.490769e-01,5.394942e+01,9.198928e-01,-1.114152e+01
83.17638,8.949944e-01,-5.935338e+01,2.597557e-01,1.028583e+02,1.588109e-01,5.117203e+01,9.166354e-01,-1.207188e+01
91.20108,8.819705e-01,-6.390380e+01,2.609885e-01,9.737835e+01,1.685330e-01,4.828374e+01,9.131681e-01,-1.306590e+01
100.00000,8.681019e-01,-6.862871e+01,2.622486e-01,9.176749e+01,1.781243e-01,4.529888e+01,9.095377e-01,-1.412783e+01
109.64782,8.535551e-01,-7.350142e+01,2.635076e-01,8.606398e+01,1.874627e-01,4.223392e+01,9.058028e-01,-1.526299e+01
120.22644,8.385363e-01,-7.849057e+01,2.647331e-01,8.030793e+01,1.964289e-01,3.910674e+01,9.020325e-01,-1.647804e+01
131.82567,8.232813e-01,-8.356082e+01,2.658904e-01,7.453964e+01,2.049121e-01,3.593578e+01,8.983017e-01,-1.778113e+01
144.54398,8.080422e-01,-8.867394e+01,2.669437e-01,6.879777e+01,2.128151e-01,3.273914e+01,8.946878e-01,-1.918202e+01
158.48932,7.930709e-01,-9.379009e+01,2.678577e-01,6.311763e+01,2.200582e-01,2.953367e+01,8.912661e-01,-2.069206e+01
173.78008,7.786045e-01,-9.886921e+01,2.685982e-01,5.752986e+01,2.265807e-01,2.633414e+01,8.881062e-01,-2.232404e+01
190.54607,7.648512e-01,-1.038724e+02,2.691328e-01,5.205946e+01,2.323413e-01,2.315266e+01,8.852689e-01,-2.409192e+01
208.92961,7.519805e-01,-1.087633e+02,2.694308e-01,4.672526e+01,2.373159e-01,1.999831e+01,8.828053e-01,-2.601056e+01
229.08677,7.401182e-01,-1.135093e+02,2.694627e-01,4.153984e+01,2.414950e-01,1.687695e+01,8.807561e-01,-2.809527e+01
251.18864,7.293450e-01,-1.180821e+02,2.691997e-01,3.650988e+01,2.448796e-01,1.379136e+01,8.791528e-01,-3.036141e+01
275.42287,7.196993e-01,-1.224587e+02,2.686122e-01,3.163679e+01,2.474771e-01,1.074153e+01,8.780191e-01,-3.282392e+01
301.99517,7.111835e-01,-1.266215e+02,2.676691e-01,2.691749e+01,2.492979e-01,7.725085e+00,8.773726e-01,-3.549683e+01
331.13112,7.037701e-01,-1.305582e+02,2.663373e-01,2.234544e+01,2.503517e-01,4.737909e+00,8.772268e-01,-3.839271e+01
363.07805,6.974102e-01,-1.342617e+02,2.645806e-01,1.791163e+01,2.506455e-01,1.774746e+00,8.775921e-01,-4.152213e+01
398.10717,6.920399e-01,-1.377295e+02,2.623604e-01,1.360563e+01,2.501819e-01,-1.170088e+00,8.784768e-01,-4.489299e+01
436.51583,6.875864e-01,-1.409632e+02,2.596363e-01,9.416638e+00,2.489590e-01,-4.101998e+00,8.798861e-01,-4.850984e+01
478.63009,6.839730e-01,-1.439678e+02,2.563666e-01,5.334384e+00,2.469710e-01,-7.025402e+00,8.818222e-01,-5.237314e+01
524.80746,6.811221e-01,-1.467512e+02,2.525116e-01,1.350065e+00,2.442099e-01,-9.943051e+00,8.842813e-01,-5.647855e+01
575.43994,6.789570e-01,-1.493232e+02,2.480353e-01,-2.542884e+00,2.406684e-01,-1.285540e+01,8.872520e-01,-6.081629e+01
630.95734,6.774033e-01,-1.516954e+02,2.429091e-01,-6.348126e+00,2.363430e-01,-1.576007e+01,8.907127e-01,-6.537058e+01
691.83097,6.763889e-01,-1.538802e+02,2.371160e-01,-1.006592e+01,2.312382e-01,-1.865145e+01,8.946287e-01,-7.011942e+01
758.57758,6.758438e-01,-1.558904e+02,2.306536e-01,-1.369280e+01,2.253704e-01,-2.152042e+01,8.989508e-01,-7.503463e+01
831.76377,6.757002e-01,-1.577391e+02,2.235379e-01,-1.722157e+01,2.187713e-01,-2.435440e+01,9.036149e-01,-8.008232e+01
912.01084,6.758918e-01,-1.594389e+02,2.158055e-01,-2.064144e+01,2.114910e-01,-2.713752e+01,9.085428e-01,-8.522376e+01
1000.00000,6.763549e-01,-1.610017e+02,2.075145e-01,-2.393849e+01,2.035986e-01,-2.985108e+01,9.136452e-01,-9.041675e+01
1096.47820,6.770286e-01,-1.624384e+02,1.987438e-01,-2.709639e+01,1.951820e-01,-3.247431e+01,9.188261e-01,-9.561714e+01
1202.26443,6.778562e-01,-1.637590e+02,1.895900e-01,-3.009726e+01,1.863451e-01,-3.498515e+01,9.239883e-01,-1.007807e+02
1318.25674,6.787862e-01,-1.649724e+02,1.801629e-01,-3.292258e+01,1.772038e-01,-3.736125e+01,9.290391e-01,-1.058650e+02
1445.43977,6.797737e-01,-1.660864e+02,1.705804e-01,-3.555421e+01,1.678805e-01,-3.958091e+01,9.338958e-01,-1.108307e+02
1584.89319,6.807812e-01,-1.671077e+02,1.609618e-01,-3.797520e+01,1.584983e-01,-4.162391e+01,9.384898e-01,-1.156433e+02
1737.80083,6.817790e-01,-1.680421e+02,1.514222e-01,-4.017052e+01,1.491753e-01,-4.347224e+01,9.427692e-01,-1.202740e+02
1905.46072,6.827453e-01,-1.688947e+02,1.420677e-01,-4.212762e+01,1.400198e-01,-4.511058e+01,9.466995e-01,-1.246997e+02
2089.29613,6.836658e-01,-1.696701e+02,1.329914e-01,-4.383671e+01,1.311267e-01,-4.652665e+01,9.502628e-01,-1.289038e+02
2290.86765,6.845328e-01,-1.703723e+02,1.242710e-01,-4.529096e+01,1.225754e-01,-4.771137e+01,9.534561e-01,-1.328753e+02
2511.88643,6.853445e-01,-1.710049e+02,1.159684e-01,-4.648653e+01,1.144289e-01,-4.865886e+01,9.562881e-01,-1.366086e+02
2754.22870,6.861035e-01,-1.715712e+02,1.081293e-01,-4.742258e+01,1.067340e-01,-4.936649e+01,9.587768e-01,-1.401027e+02
3019.95172,6.868165e-01,-1.720742e+02,1.007846e-01,-4.810124e+01,9.952262e-02,-4.983478e+01,9.609463e-01,-1.433604e+02
3311.31121,6.874931e-01,-1.725168e+02,9.395208e-02,-4.852757e+01,9.281322e-02,-5.006740e+01,9.628244e-01,-1.463875e+02
3630.78055,6.881449e-01,-1.729015e+02,8.763794e-02,-4.870962e+01,8.661281e-02,-5.007121e+01,9.644405e-01,-1.491923e+02
3981.07171,6.887860e-01,-1.732306e+02,8.183901e-02,-4.865850e+01,8.091884e-02,-4.985633e+01,9.658242e-01,-1.517847e+02
4365.15832,6.894318e-01,-1.735063e+02,7.654441e-02,-4.838851e+01,7.572101e-02,-4.943621e+01,9.670037e-01,-1.541757e+02
4786.30092,6.900996e-01,-1.737304e+02,7.173722e-02,-4.791719e+01,7.100288e-02,-4.882772e+01,9.680058e-01,-1.563768e+02
5248.07460,6.908082e-01,-1.739046e+02,6.739577e-02,-4.726541e+01,6.674326e-02,-4.805116e+01,9.688547e-01,-1.584001e+02
5754.39937,6.915787e-01,-1.740303e+02,6.349487e-02,-4.645729e+01,6.291733e-02,-4.713018e+01,9.695723e-01,-1.602575e+02
6309.57344,6.924345e-01,-1.741089e+02,6.000671e-02,-4.552000e+01,5.949765e-02,-4.609150e+01,9.701780e-01,-1.619607e+02
6918.30971,6.934015e-01,-1.741413e+02,5.690163e-02,-4.448331e+01,5.645489e-02,-4.496447e+01,9.706889e-01,-1.635210e+02
7585.77575,6.945095e-01,-1.741286e+02,5.414880e-02,-4.337901e+01,5.375851e-02,-4.378043e+01,9.711198e-01,-1.649493e+02
8317.63771,6.957916e-01,-1.740718e+02,5.171669e-02,-4.224011e+01,5.137728e-02,-4.257185e+01,9.714838e-01,-1.662558e+02
9120.10839,6.972859e-01,-1.739716e+02,4.957362e-02,-4.109994e+01,4.927982e-02,-4.137147e+01,9.717918e-01,-1.674502e+02
10000.00000,6.990354e-01,-1.738292e+02,4.768813e-02,-3.999120e+01,4.743498e-02,-4.021128e+01,9.720535e-01,-1.685416e+02
