! ! 
! S ! 
! ! 
! # MHz  S  MA  R  50.00000
! ! ===================================================================
1.00000,9.912720e-01,-7.946137e-01,2.498356e-01,1.789274e+02,2.342587e-03,8.947194e+01,9.489253e-01,-1.592168e-01
1.09648,9.912680e-01,-8.712731e-01,2.498360e-01,1.788239e+02,2.568577e-03,8.942096e+01,9.489242e-01,-1.745754e-01
1.20226,9.912632e-01,-9.553276e-01,2.498366e-01,1.787103e+02,2.816364e-03,8.936507e+01,9.489227e-01,-1.914157e-01
1.31826,9.912574e-01,-1.047490e+00,2.498373e-01,1.785859e+02,3.088050e-03,8.930379e+01,9.489210e-01,-2.098806e-01
1.44544,9.912505e-01,-1.148542e+00,2.498381e-01,1.784494e+02,3.385937e-03,8.923660e+01,9.489190e-01,-2.301267e-01
1.58489,9.912422e-01,-1.259342e+00,2.498391e-01,1.782997e+02,3.712550e-03,8.916293e+01,9.489165e-01,-2.523257e-01
1.73780,9.912321e-01,-1.380828e+00,2.498404e-01,1.781357e+02,4.070657e-03,8.908216e+01,9.489135e-01,-2.766660e-01
1.90546,9.912201e-01,-1.514031e+00,2.498418e-01,1.779558e+02,4.463289e-03,8.899360e+01,9.489100e-01,-3.033538e-01
2.08930,9.912056e-01,-1.660079e+00,2.498435e-01,1.777585e+02,4.893771e-03,8.889650e+01,9.489057e-01,-3.326155e-01
2.29087,9.911882e-01,-1.820211e+00,2.498456e-01,1.775423e+02,5.365744e-03,8.879004e+01,9.489005e-01,-3.646989e-01
2.51189,9.911673e-01,-1.995783e+00,2.498482e-01,1.773052e+02,5.883199e-03,8.867332e+01,9.488943e-01,-3.998759e-01
2.75423,9.911421e-01,-2.188282e+00,2.498512e-01,1.770453e+02,6.450505e-03,8.854535e+01,9.488869e-01,-4.384442e-01
3.01995,9.911119e-01,-2.399336e+00,2.498548e-01,1.767603e+02,7.072452e-03,8.840505e+01,9.488779e-01,-4.807304e-01
3.31131,9.910756e-01,-2.630730e+00,2.498592e-01,1.764479e+02,7.754279e-03,8.825123e+01,9.488672e-01,-5.270920e-01
3.63078,9.910319e-01,-2.884422e+00,2.498645e-01,1.761054e+02,8.501726e-03,8.808259e+01,9.488543e-01,-5.779209e-01
3.98107,9.909794e-01,-3.162551e+00,2.498708e-01,1.757300e+02,9.321071e-03,8.789772e+01,9.488387e-01,-6.336462e-01
4.36516,9.909163e-01,-3.467465e+00,2.498784e-01,1.753184e+02,1.021918e-02,8.769504e+01,9.488200e-01,-6.947381e-01
4.78630,9.908405e-01,-3.801732e+00,2.498875e-01,1.748672e+02,1.120357e-02,8.747286e+01,9.487976e-01,-7.617111e-01
5.24807,9.907494e-01,-4.168164e+00,2.498985e-01,1.743726e+02,1.228245e-02,8.722932e+01,9.487706e-01,-8.351284e-01
5.75440,9.906399e-01,-4.569836e+00,2.499117e-01,1.738306e+02,1.346476e-02,8.696236e+01,9.487382e-01,-9.156065e-01
6.30957,9.905084e-01,-5.010113e+00,2.499275e-01,1.732365e+02,1.476030e-02,8.666977e+01,9.486993e-01,-1.003820e+00
6.91831,9.903504e-01,-5.492672e+00,2.499465e-01,1.725855e+02,1.617972e-02,8.634910e+01,9.486525e-01,-1.100504e+00
7.58578,9.901607e-01,-6.021532e+00,2.499693e-01,1.718722e+02,1.773460e-02,8.599769e+01,9.485964e-01,-1.206466e+00
8.31764,9.899329e-01,-6.601078e+00,2.499967e-01,1.710907e+02,1.943757e-02,8.561264e+01,9.485290e-01,-1.322583e+00
9.12011,9.896594e-01,-7.236094e+00,2.500295e-01,1.702346e+02,2.130229e-02,8.519078e+01,9.484481e-01,-1.449814e+00
10.00000,9.893312e-01,-7.931790e+00,2.500689e-01,1.692971e+02,2.334357e-02,8.472868e+01,9.483510e-01,-1.589203e+00
10.96478,9.889376e-01,-8.693838e+00,2.501162e-01,1.682706e+02,2.557739e-02,8.422260e+01,9.482347e-01,-1.741888e+00
12.02264,9.884655e-01,-9.528395e+00,2.501728e-01,1.671469e+02,2.802095e-02,8.366848e+01,9.480952e-01,-1.909103e+00
13.18257,9.878999e-01,-1.044214e+01,2.502405e-01,1.659174e+02,3.069268e-02,8.306193e+01,9.479281e-01,-2.092187e+00
14.45440,9.872224e-01,-1.144230e+01,2.503216e-01,1.645726e+02,3.361223e-02,8.239821e+01,9.477280e-01,-2.292589e+00
15.84893,9.864117e-01,-1.253666e+01,2.504184e-01,1.631023e+02,3.680043e-02,8.167224e+01,9.474888e-01,-2.511874e+00
17.37801,9.854423e-01,-1.373360e+01,2.505340e-01,1.614959e+02,4.027918e-02,8.087855e+01,9.472030e-01,-2.751725e+00
19.05461,9.842847e-01,-1.504208e+01,2.506718e-01,1.597419e+02,4.407127e-02,8.001134e+01,9.468619e-01,-3.013948e+00
20.89296,9.829039e-01,-1.647166e+01,2.508357e-01,1.578283e+02,4.820017e-02,7.906445e+01,9.464556e-01,-3.300467e+00
22.90868,9.812596e-01,-1.803242e+01,2.510304e-01,1.557428e+02,5.268959e-02,7.803141e+01,9.459722e-01,-3.613329e+00
25.11886,9.793050e-01,-1.973500e+01,2.512609e-01,1.534724e+02,5.756304e-02,7.690547e+01,9.453986e-01,-3.954692e+00
27.54229,9.769870e-01,-2.159041e+01,2.515332e-01,1.510043e+02,6.284309e-02,7.567970e+01,9.447194e-01,-4.326819e+00
30.19952,9.742448e-01,-2.361000e+01,2.518538e-01,1.483254e+02,6.855053e-02,7.434707e+01,9.439178e-01,-4.732061e+00
33.11311,9.710112e-01,-2.580522e+01,2.522296e-01,1.454235e+02,7.470322e-02,7.290060e+01,9.429748e-01,-5.172838e+00
36.30781,9.672117e-01,-2.818745e+01,2.526680e-01,1.422869e+02,8.131474e-02,7.133351e+01,9.418701e-01,-5.651616e+00
39.81072,9.627665e-01,-3.076766e+01,2.531768e-01,1.389055e+02,8.839279e-02,6.963948e+01,9.405822e-01,-6.170879e+00
43.65158,9.575916e-01,-3.355605e+01,2.537633e-01,1.352710e+02,9.593728e-02,6.781292e+01,9.390893e-01,-6.733102e+00
47.86301,9.516021e-01,-3.656158e+01,2.544343e-01,1.313780e+02,1.039384e-01,6.584924e+01,9.373699e-01,-7.340722e+00
52.48075,9.447161e-01,-3.979147e+01,2.551954e-01,1.272246e+02,1.123743e-01,6.374527e+01,9.354047e-01,-7.996125e+00
57.54399,9.368597e-01,-4.325056e+01,2.560501e-01,1.228129e+02,1.212097e-01,6.149962e+01,9.331779e-01,-8.701648e+00
63.09573,9.279741e-01,-4.694070e+01,2.569989e-01,1.181501e+02,1.303934e-01,5.911303e+01,9.306794e-01,-9.459609e+00
69.18310,9.180225e-01,-5.086003e+01,2.580386e-01,1.132489e+02,1.398583e-01,5.658878e+01,9.279073e-01,-1.027238e+01
75.85776,9.069989e-01,-5.500241e+01,2.591616e-01,1.081278e+02,1.495206e-01,5.393287e+01,9.248694e-01,-1.114248e+01
83.17638,8.949344e-01,-5.935689e+01,2.603547e-01,1.028114e+02,1.592818e-01,5.115422e+01,9.215861e-01,-1.207280e+01
91.20108,8.819039e-01,-6.390728e+01,2.615993e-01,9.732954e+01,1.690307e-01,4.826460e+01,9.180906e-01,-1.306677e+01
100.00000,8.680288e-01,-6.863211e+01,2.628715e-01,9.171703e+01,1.786480e-01,4.527835e+01,9.144297e-01,-1.412861e+01
109.64782,8.534756e-01,-7.350469e+01,2.641424e-01,8.601204e+01,1.880112e-01,4.221193e+01,9.106623e-01,-1.526367e+01
120.22644,8.384507e-01,-7.849363e+01,2.653795e-01,8.025470e+01,1.970006e-01,3.908321e+01,9.068575e-01,-1.647859e+01
131.82567,8.231901e-01,-8.356361e+01,2.665477e-01,7.448527e+01,2.055051e-01,3.591064e+01,9.030905e-01,-1.778153e+01
144.54398,8.079459e-01,-8.867640e+01,2.676109e-01,6.874239e+01,2.134273e-01,3.271228e+01,8.994387e-01,-1.918226e+01
158.48932,7.929703e-01,-9.379217e+01,2.685335e-01,6.306132e+01,2.206871e-01,2.950498e+01,8.959772e-01,-2.069212e+01
173.78008,7.785003e-01,-9.887084e+01,2.692811e-01,5.747268e+01,2.272237e-01,2.630351e+01,8.927756e-01,-2.232390e+01
190.54607,7.647442e-01,-1.038736e+02,2.698208e-01,5.200139e+01,2.329955e-01,2.311995e+01,8.898943e-01,-2.409159e+01
208.92961,7.518717e-01,-1.087639e+02,2.701220e-01,4.666624e+01,2.379785e-01,1.996337e+01,8.873840e-01,-2.601003e+01
229.08677,7.400085e-01,-1.135093e+02,2.701549e-01,4.147978e+01,2.421628e-01,1.683962e+01,8.852848e-01,-2.809456e+01
251.18864,7.292351e-01,-1.180815e+02,2.698904e-01,3.644864e+01,2.455496e-01,1.375147e+01,8.836272e-01,-3.036053e+01
275.42287,7.195903e-01,-1.224575e+02,2.692987e-01,3.157420e+01,2.481461e-01,1.069890e+01,8.824339e-01,-3.282289e+01
301.99517,7.110761e-01,-1.266197e+02,2.683487e-01,2.685336e+01,2.499625e-01,7.679556e+00,8.817216e-01,-3.549567e+01
331.13112,7.036654e-01,-1.305558e+02,2.670069e-01,2.227957e+01,2.510086e-01,4.689315e+00,8.815025e-01,-3.839148e+01
363.07805,6.973090e-01,-1.342587e+02,2.652371e-01,1.784382e+01,2.512913e-01,1.722944e+00,8.817857e-01,-4.152088e+01
398.10717,6.919430e-01,-1.377259e+02,2.630007e-01,1.353573e+01,2.508130e-01,-1.225213e+00,8.825780e-01,-4.489179e+01
436.51583,6.874947e-01,-1.409591e+02,2.602568e-01,9.344494e+00,2.495717e-01,-4.160520e+00,8.838836e-01,-4.850877e+01
478.63009,6.838874e-01,-1.439633e+02,2.569641e-01,5.259911e+00,2.475618e-01,-7.087343e+00,8.857033e-01,-5.237230e+01
524.80746,6.810432e-01,-1.467462e+02,2.530825e-01,1.273238e+00,2.447753e-01,-1.000837e+01,8.880325e-01,-5.647804e+01
575.43994,6.788854e-01,-1.493179e+02,2.485763e-01,-2.622016e+00,2.412049e-01,-1.292397e+01,8.908593e-01,-6.081622e+01
630.95734,6.773396e-01,-1.516898e+02,2.434174e-01,-6.429422e+00,2.368475e-01,-1.583170e+01,8.941617e-01,-6.537106e+01
691.83097,6.763333e-01,-1.538744e+02,2.375888e-01,-1.014914e+01,2.317079e-01,-1.872582e+01,8.979055e-01,-7.012056e+01
758.57758,6.757965e-01,-1.558846e+02,2.310888e-01,-1.377763e+01,2.258031e-01,-2.159716e+01,9.020427e-01,-7.503652e+01
831.76377,6.756610e-01,-1.577334e+02,2.239341e-01,-1.730758e+01,2.191657e-01,-2.443302e+01,9.065107e-01,-8.008503e+01
912.01084,6.758603e-01,-1.594333e+02,2.161620e-01,-2.072811e+01,2.118462e-01,-2.721745e+01,9.112338e-01,-8.522734e+01
1000.00000,6.763306e-01,-1.609962e+02,2.078316e-01,-2.402528e+01,2.039148e-01,-2.993172e+01,9.161256e-01,-9.042120e+01
1096.47820,6.770107e-01,-1.624332e+02,1.990225e-01,-2.718269e+01,1.954602e-01,-3.255500e+01,9.210933e-01,-9.562244e+01
1202.26443,6.778439e-01,-1.637542e+02,1.898320e-01,-3.018245e+01,1.865870e-01,-3.506524e+01,9.260433e-01,-1.007868e+02
1318.25674,6.787786e-01,-1.649680e+02,1.803708e-01,-3.300607e+01,1.774118e-01,-3.744010e+01,9.308863e-01,-1.058717e+02
1445.43977,6.797698e-01,-1.660824e+02,1.707570e-01,-3.563544e+01,1.680575e-01,-3.965793e+01,9.355429e-01,-1.108380e+02
1584.89319,6.807802e-01,-1.671040e+02,1.611103e-01,-3.805368e+01,1.586474e-01,-4.169858e+01,9.399471e-01,-1.156510e+02
1737.80083,6.817801e-01,-1.680387e+02,1.515460e-01,-4.024586e+01,1.492998e-01,-4.354412e+01,9.440492e-01,-1.202820e+02
1905.46072,6.827478e-01,-1.688917e+02,1.421702e-01,-4.219949e+01,1.401230e-01,-4.517932e+01,9.478161e-01,-1.247079e+02
2089.29613,6.836692e-01,-1.696674e+02,1.330756e-01,-4.390489e+01,1.312118e-01,-4.659200e+01,9.512309e-01,-1.289120e+02
2290.86765,6.845368e-01,-1.703699e+02,1.243399e-01,-4.535530e+01,1.226452e-01,-4.777316e+01,9.542907e-01,-1.328834e+02
2511.88643,6.853487e-01,-1.710027e+02,1.160246e-01,-4.654697e+01,1.144860e-01,-4.871702e+01,9.570040e-01,-1.366165e+02
2754.22870,6.861077e-01,-1.715691e+02,1.081751e-01,-4.747915e+01,1.067807e-01,-4.942101e+01,9.593882e-01,-1.401103e+02
3019.95172,6.868206e-01,-1.720723e+02,1.008219e-01,-4.815399e+01,9.956077e-02,-4.988570e+01,9.614663e-01,-1.433677e+02
3311.31121,6.874969e-01,-1.725150e+02,9.398250e-02,-4.857662e+01,9.284446e-02,-5.011482e+01,9.632652e-01,-1.463944e+02
3630.78055,6.881486e-01,-1.728998e+02,8.766285e-02,-4.875513e+01,8.663849e-02,-5.011528e+01,9.648130e-01,-1.491989e+02
3981.07171,6.887895e-01,-1.732290e+02,8.185951e-02,-4.870065e+01,8.094007e-02,-4.989721e+01,9.661382e-01,-1.517908e+02
4365.15832,6.894352e-01,-1.735047e+02,7.656141e-02,-4.842749e+01,7.573868e-02,-4.947407e+01,9.672678e-01,-1.541814e+02
4786.30092,6.901030e-01,-1.737289e+02,7.175142e-02,-4.795321e+01,7.101770e-02,-4.886277e+01,9.682275e-01,-1.563821e+02
5248.07460,6.908117e-01,-1.739031e+02,6.740776e-02,-4.729869e+01,6.675580e-02,-4.808359e+01,9.690405e-01,-1.584051e+02
5754.39937,6.915823e-01,-1.740288e+02,6.350510e-02,-4.648805e+01,6.292807e-02,-4.716021e+01,9.697277e-01,-1.602621e+02
6309.57344,6.924384e-01,-1.741073e+02,6.001553e-02,-4.554845e+01,5.950693e-02,-4.611932e+01,9.703079e-01,-1.619649e+02
6918.30971,6.934059e-01,-1.741397e+02,5.690934e-02,-4.450966e+01,5.646301e-02,-4.499029e+01,9.707973e-01,-1.635249e+02
7585.77575,6.945143e-01,-1.741270e+02,5.415561e-02,-4.340346e+01,5.376567e-02,-4.380443e+01,9.712103e-01,-1.649529e+02
8317.63771,6.957972e-01,-1.740701e+02,5.172277e-02,-4.226286e+01,5.138367e-02,-4.259423e+01,9.715592e-01,-1.662591e+02
9120.10839,6.972925e-01,-1.739699e+02,4.957910e-02,-4.112118e+01,4.928557e-02,-4.139240e+01,9.718546e-01,-1.674532e+02
10000.00000,6.990431e-01,-1.738273e+02,4.769311e-02,-4.001110e+01,4.744019e-02,-4.023093e+01,9.721057e-01,-1.685444e+02
