! ! 
! S ! 
! ! 
! # MHz  S  MA  R  50.00000
! ! ===================================================================
1.00000,9.928976e-01,-7.590582e-01,1.080819e-01,1.782473e+02,2.335417e-03,8.949257e+01,9.463440e-01,-1.470810e-01
1.09648,9.928940e-01,-8.322878e-01,1.080863e-01,1.780782e+02,2.560716e-03,8.944357e+01,9.463431e-01,-1.612687e-01
1.20226,9.928896e-01,-9.125817e-01,1.080917e-01,1.778928e+02,2.807747e-03,8.938986e+01,9.463421e-01,-1.768253e-01
1.31826,9.928842e-01,-1.000621e+00,1.080981e-01,1.776895e+02,3.078604e-03,8.933097e+01,9.463409e-01,-1.938827e-01
1.44544,9.928779e-01,-1.097153e+00,1.081058e-01,1.774666e+02,3.375584e-03,8.926640e+01,9.463394e-01,-2.125856e-01
1.58489,9.928702e-01,-1.202995e+00,1.081151e-01,1.772223e+02,3.701203e-03,8.919560e+01,9.463376e-01,-2.330928e-01
1.73780,9.928610e-01,-1.319047e+00,1.081263e-01,1.769545e+02,4.058221e-03,8.911798e+01,9.463355e-01,-2.555781e-01
1.90546,9.928499e-01,-1.446291e+00,1.081397e-01,1.766608e+02,4.449662e-03,8.903287e+01,9.463329e-01,-2.802323e-01
2.08930,9.928366e-01,-1.585807e+00,1.081558e-01,1.763390e+02,4.878840e-03,8.893956e+01,9.463298e-01,-3.072644e-01
2.29087,9.928206e-01,-1.738778e+00,1.081752e-01,1.759861e+02,5.349388e-03,8.883725e+01,9.463260e-01,-3.369037e-01
2.51189,9.928013e-01,-1.906498e+00,1.081985e-01,1.755994e+02,5.865284e-03,8.872508e+01,9.463215e-01,-3.694012e-01
2.75423,9.927782e-01,-2.090389e+00,1.082266e-01,1.751755e+02,6.430888e-03,8.860210e+01,9.463161e-01,-4.050323e-01
3.01995,9.927504e-01,-2.292007e+00,1.082602e-01,1.747110e+02,7.050975e-03,8.846727e+01,9.463097e-01,-4.440988e-01
3.31131,9.927169e-01,-2.513058e+00,1.083007e-01,1.742020e+02,7.730774e-03,8.831944e+01,9.463019e-01,-4.869315e-01
3.63078,9.926767e-01,-2.755411e+00,1.083493e-01,1.736442e+02,8.476011e-03,8.815737e+01,9.462925e-01,-5.338926e-01
3.98107,9.926284e-01,-3.021113e+00,1.084077e-01,1.730332e+02,9.292952e-03,8.797969e+01,9.462812e-01,-5.853791e-01
4.36516,9.925704e-01,-3.312407e+00,1.084778e-01,1.723639e+02,1.018845e-02,8.778491e+01,9.462677e-01,-6.418261e-01
4.78630,9.925006e-01,-3.631749e+00,1.085620e-01,1.716309e+02,1.117001e-02,8.757137e+01,9.462514e-01,-7.037099e-01
5.24807,9.924167e-01,-3.981825e+00,1.086631e-01,1.708284e+02,1.224582e-02,8.733730e+01,9.462319e-01,-7.715521e-01
5.75440,9.923160e-01,-4.365578e+00,1.087844e-01,1.699500e+02,1.342484e-02,8.708071e+01,9.462084e-01,-8.459238e-01
6.30957,9.921949e-01,-4.786226e+00,1.089300e-01,1.689890e+02,1.471683e-02,8.679948e+01,9.461802e-01,-9.274497e-01
6.91831,9.920495e-01,-5.247287e+00,1.091046e-01,1.679378e+02,1.613245e-02,8.649124e+01,9.461463e-01,-1.016814e+00
7.58578,9.918748e-01,-5.752606e+00,1.093140e-01,1.667888e+02,1.768330e-02,8.615344e+01,9.461056e-01,-1.114763e+00
8.31764,9.916651e-01,-6.306383e+00,1.095647e-01,1.655335e+02,1.938201e-02,8.578328e+01,9.460568e-01,-1.222115e+00
9.12011,9.914133e-01,-6.913200e+00,1.098650e-01,1.641630e+02,2.124228e-02,8.537771e+01,9.459982e-01,-1.339761e+00
10.00000,9.911110e-01,-7.578050e+00,1.102241e-01,1.626681e+02,2.327897e-02,8.493341e+01,9.459278e-01,-1.468675e+00
10.96478,9.907484e-01,-8.306371e+00,1.106534e-01,1.610391e+02,2.550813e-02,8.444677e+01,9.458434e-01,-1.609917e+00
12.02264,9.903135e-01,-9.104075e+00,1.111658e-01,1.592660e+02,2.794707e-02,8.391387e+01,9.457422e-01,-1.764645e+00
13.18257,9.897922e-01,-9.977579e+00,1.117765e-01,1.573387e+02,3.061438e-02,8.333047e+01,9.456210e-01,-1.934113e+00
14.45440,9.891677e-01,-1.093383e+01,1.125034e-01,1.552472e+02,3.352993e-02,8.269196e+01,9.454758e-01,-2.119687e+00
15.84893,9.884199e-01,-1.198033e+01,1.133669e-01,1.529816e+02,3.671482e-02,8.199341e+01,9.453021e-01,-2.322844e+00
17.37801,9.875256e-01,-1.312517e+01,1.143902e-01,1.505329e+02,4.019137e-02,8.122951e+01,9.450945e-01,-2.545183e+00
19.05461,9.864568e-01,-1.437701e+01,1.155999e-01,1.478928e+02,4.398289e-02,8.039459e+01,9.448467e-01,-2.788425e+00
20.89296,9.851812e-01,-1.574510e+01,1.170254e-01,1.450543e+02,4.811354e-02,7.948263e+01,9.445512e-01,-3.054423e+00
22.90868,9.836610e-01,-1.723929e+01,1.186994e-01,1.420121e+02,5.260794e-02,7.848725e+01,9.441994e-01,-3.345159e+00
25.11886,9.818522e-01,-1.886993e+01,1.206571e-01,1.387633e+02,5.749076e-02,7.740181e+01,9.437816e-01,-3.662744e+00
27.54229,9.797046e-01,-2.064784e+01,1.229360e-01,1.353072e+02,6.278607e-02,7.621940e+01,9.432863e-01,-4.009420e+00
30.19952,9.771608e-01,-2.258423e+01,1.255750e-01,1.316462e+02,6.851653e-02,7.493299e+01,9.427010e-01,-4.387549e+00
33.11311,9.741562e-01,-2.469050e+01,1.286126e-01,1.277857e+02,7.470235e-02,7.353549e+01,9.420114e-01,-4.799606e+00
36.30781,9.706195e-01,-2.697810e+01,1.320859e-01,1.237342e+02,8.135999e-02,7.201995e+01,9.412022e-01,-5.248167e+00
39.81072,9.664727e-01,-2.945821e+01,1.360282e-01,1.195033e+02,8.850056e-02,7.037974e+01,9.402569e-01,-5.735892e+00
43.65158,9.616331e-01,-3.214146e+01,1.404662e-01,1.151073e+02,9.612808e-02,6.860880e+01,9.391583e-01,-6.265507e+00
47.86301,9.560153e-01,-3.503746e+01,1.454180e-01,1.105627e+02,1.042373e-01,6.670195e+01,9.378896e-01,-6.839794e+00
52.48075,9.495349e-01,-3.815434e+01,1.508896e-01,1.058878e+02,1.128118e-01,6.465521e+01,9.364349e-01,-7.461577e+00
57.54399,9.421127e-01,-4.149817e+01,1.568724e-01,1.011020e+02,1.218215e-01,6.246619e+01,9.347805e-01,-8.133723e+00
63.09573,9.336814e-01,-4.507234e+01,1.633406e-01,9.622561e+01,1.312210e-01,6.013448e+01,9.329166e-01,-8.859169e+00
69.18310,9.241924e-01,-4.887687e+01,1.702499e-01,9.127894e+01,1.409483e-01,5.766198e+01,9.308391e-01,-9.640966e+00
75.85776,9.136234e-01,-5.290782e+01,1.775361e-01,8.628246e+01,1.509239e-01,5.505325e+01,9.285509e-01,-1.048237e+01
83.17638,9.019868e-01,-5.715663e+01,1.851160e-01,8.125648e+01,1.610520e-01,5.231568e+01,9.260642e-01,-1.138694e+01
91.20108,8.893362e-01,-6.160973e+01,1.928894e-01,7.622108e+01,1.712221e-01,4.945956e+01,9.234010e-01,-1.235876e+01
100.00000,8.757708e-01,-6.624826e+01,2.007423e-01,7.119604e+01,1.813129e-01,4.649790e+01,9.205944e-01,-1.340258e+01
109.64782,8.614365e-01,-7.104808e+01,2.085525e-01,6.620067e+01,1.911969e-01,4.344608e+01,9.176874e-01,-1.452406e+01
120.22644,8.465227e-01,-7.598009e+01,2.161946e-01,6.125356e+01,2.007464e-01,4.032125e+01,9.147320e-01,-1.572994e+01
131.82567,8.312542e-01,-8.101082e+01,2.235471e-01,5.637217e+01,2.098398e-01,3.714152e+01,9.117866e-01,-1.702828e+01
144.54398,8.158787e-01,-8.610338e+01,2.304975e-01,5.157232e+01,2.183671e-01,3.392512e+01,9.089128e-01,-1.842848e+01
158.48932,8.006524e-01,-9.121862e+01,2.369475e-01,4.686768e+01,2.262346e-01,3.068945e+01,9.061722e-01,-1.994133e+01
173.78008,7.858234e-01,-9.631647e+01,2.428158e-01,4.226925e+01,2.333679e-01,2.745021e+01,9.036230e-01,-2.157892e+01
190.54607,7.716174e-01,-1.013573e+02,2.480396e-01,3.778497e+01,2.397126e-01,2.422073e+01,9.013176e-01,-2.335445e+01
208.92961,7.582256e-01,-1.063036e+02,2.525740e-01,3.341946e+01,2.452335e-01,2.101144e+01,8.993009e-01,-2.528196e+01
229.08677,7.457969e-01,-1.111205e+02,2.563893e-01,2.917402e+01,2.499120e-01,1.782968e+01,8.976100e-01,-2.737600e+01
251.18864,7.344350e-01,-1.157777e+02,2.594686e-01,2.504678e+01,2.537422e-01,1.467963e+01,8.962742e-01,-2.965127e+01
275.42287,7.241995e-01,-1.202497e+02,2.618030e-01,2.103301e+01,2.567271e-01,1.156261e+01,8.953162e-01,-3.212215e+01
301.99517,7.151101e-01,-1.245161e+02,2.633889e-01,1.712570e+01,2.588742e-01,8.477425e+00,8.947531e-01,-3.480227e+01
331.13112,7.071536e-01,-1.285622e+02,2.642240e-01,1.331608e+01,2.601922e-01,5.420942e+00,8.945983e-01,-3.770396e+01
363.07805,7.002904e-01,-1.323783e+02,2.643049e-01,9.594351e+00,2.606879e-01,2.388712e+00,8.948622e-01,-4.083771e+01
398.10717,6.944631e-01,-1.359598e+02,2.636256e-01,5.950414e+00,2.603647e-01,-6.243211e-01,8.955527e-01,-4.421148e+01
436.51583,6.896018e-01,-1.393065e+02,2.621768e-01,2.374584e+00,2.592220e-01,-3.623098e+00,8.966753e-01,-4.783004e+01
478.63009,6.856303e-01,-1.424219e+02,2.599464e-01,-1.141662e+00,2.572553e-01,-6.611712e+00,8.982320e-01,-5.169424e+01
524.80746,6.824696e-01,-1.453127e+02,2.569213e-01,-4.604983e+00,2.544586e-01,-9.592701e+00,9.002205e-01,-5.580021e+01
575.43994,6.800403e-01,-1.479879e+02,2.530900e-01,-8.019539e+00,2.508261e-01,-1.256641e+01,9.026317e-01,-6.013872e+01
630.95734,6.782644e-01,-1.504584e+02,2.484460e-01,-1.138644e+01,2.463567e-01,-1.553041e+01,9.054481e-01,-6.469464e+01
691.83097,6.770656e-01,-1.527363e+02,2.429919e-01,-1.470335e+01,2.410574e-01,-1.847910e+01,9.086415e-01,-6.944658e+01
758.57758,6.763697e-01,-1.548343e+02,2.367434e-01,-1.796424e+01,2.349476e-01,-2.140345e+01,9.121717e-01,-7.436695e+01
831.76377,6.761042e-01,-1.567654e+02,2.297329e-01,-2.115937e+01,2.280629e-01,-2.429098e+01,9.159863e-01,-7.942237e+01
912.01084,6.761990e-01,-1.585422e+02,2.220122e-01,-2.427557e+01,2.204575e-01,-2.712596e+01,9.200211e-01,-8.457450e+01
1000.00000,6.765861e-01,-1.601767e+02,2.136537e-01,-2.729666e+01,2.122059e-01,-2.988990e+01,9.242027e-01,-8.978131e+01
1096.47820,6.772010e-01,-1.616803e+02,2.047494e-01,-3.020421e+01,2.034017e-01,-3.256222e+01,9.284522e-01,-9.499871e+01
1202.26443,6.779838e-01,-1.630630e+02,1.954085e-01,-3.297840e+01,1.941549e-01,-3.512116e+01,9.326895e-01,-1.001823e+02
1318.25674,6.788801e-01,-1.643340e+02,1.857523e-01,-3.559894e+01,1.845879e-01,-3.754463e+01,9.368379e-01,-1.052893e+02
1445.43977,6.798425e-01,-1.655012e+02,1.759093e-01,-3.804605e+01,1.748296e-01,-3.981122e+01,9.408292e-01,-1.102801e+02
1584.89319,6.808316e-01,-1.665717e+02,1.660081e-01,-4.030132e+01,1.650089e-01,-4.190103e+01,9.446066e-01,-1.151196e+02
1737.80083,6.818159e-01,-1.675516e+02,1.561722e-01,-4.234836e+01,1.552497e-01,-4.379632e+01,9.481268e-01,-1.197783e+02
1905.46072,6.827724e-01,-1.684462e+02,1.465148e-01,-4.417336e+01,1.456650e-01,-4.548203e+01,9.513611e-01,-1.242329e+02
2089.29613,6.836858e-01,-1.692602e+02,1.371347e-01,-4.576534e+01,1.363539e-01,-4.694605e+01,9.542944e-01,-1.284660e+02
2290.86765,6.845477e-01,-1.699979e+02,1.281146e-01,-4.711631e+01,1.273990e-01,-4.817940e+01,9.569239e-01,-1.324664e+02
2511.88643,6.853555e-01,-1.706631e+02,1.195199e-01,-4.822135e+01,1.188657e-01,-4.917623e+01,9.592565e-01,-1.362279e+02
2754.22870,6.861116e-01,-1.712594e+02,1.113991e-01,-4.907847e+01,1.108027e-01,-4.993376e+01,9.613068e-01,-1.397493e+02
3019.95172,6.868222e-01,-1.717899e+02,1.037852e-01,-4.968866e+01,1.032430e-01,-5.045224e+01,9.630945e-01,-1.430333e+02
3311.31121,6.874967e-01,-1.722577e+02,9.669706e-02,-5.005578e+01,9.620557e-02,-5.073493e+01,9.646424e-01,-1.460854e+02
3630.78055,6.881467e-01,-1.726656e+02,9.014185e-02,-5.018664e+01,8.969769e-02,-5.078809e+01,9.659747e-01,-1.489139e+02
3981.07171,6.887859e-01,-1.730160e+02,8.411678e-02,-5.009103e+01,8.371668e-02,-5.062106e+01,9.671155e-01,-1.515285e+02
4365.15832,6.894298e-01,-1.733111e+02,7.861109e-02,-4.978186e+01,7.825192e-02,-5.024637e+01,9.680883e-01,-1.539402e+02
4786.30092,6.900953e-01,-1.735531e+02,7.360773e-02,-4.927528e+01,7.328647e-02,-4.967984e+01,9.689150e-01,-1.561607e+02
5248.07460,6.908015e-01,-1.737437e+02,6.908480e-02,-4.859070e+01,6.879856e-02,-4.894065e+01,9.696155e-01,-1.582020e+02
5754.39937,6.915691e-01,-1.738845e+02,6.501677e-02,-4.775087e+01,6.476277e-02,-4.805133e+01,9.702080e-01,-1.600760e+02
6309.57344,6.924214e-01,-1.739769e+02,6.137540e-02,-4.678164e+01,6.115097e-02,-4.703753e+01,9.707084e-01,-1.617946e+02
6918.30971,6.933845e-01,-1.740220e+02,5.813057e-02,-4.571165e+01,5.793317e-02,-4.592771e+01,9.711308e-01,-1.633690e+02
7585.77575,6.944876e-01,-1.740210e+02,5.525092e-02,-4.457176e+01,5.507808e-02,-4.475256e+01,9.714876e-01,-1.648103e+02
8317.63771,6.957642e-01,-1.739749e+02,5.270437e-02,-4.339433e+01,5.255375e-02,-4.354421e+01,9.717895e-01,-1.661288e+02
9120.10839,6.972518e-01,-1.738846e+02,5.045862e-02,-4.221234e+01,5.032799e-02,-4.233539e+01,9.720455e-01,-1.673342e+02
10000.00000,6.989935e-01,-1.737512e+02,4.848156e-02,-4.105842e+01,4.836880e-02,-4.115846e+01,9.722638e-01,-1.684357e+02
