! ! 
! S ! 
! ! 
! # MHz  S  MA  R  50.00000
! ! ===================================================================
1.00000,9.858984e-01,-9.144597e-01,7.738996e-01,1.792268e+02,2.299478e-03,8.940452e+01,9.038594e-01,-2.062432e-01
1.09648,9.858932e-01,-1.002679e+00,7.738930e-01,1.791521e+02,2.521304e-03,8.934705e+01,9.038570e-01,-2.261375e-01
1.20226,9.858871e-01,-1.099408e+00,7.738852e-01,1.790701e+02,2.764523e-03,8.928404e+01,9.038541e-01,-2.479509e-01
1.31826,9.858797e-01,-1.205467e+00,7.738757e-01,1.789802e+02,3.031198e-03,8.921496e+01,9.038506e-01,-2.718683e-01
1.44544,9.858707e-01,-1.321756e+00,7.738644e-01,1.788817e+02,3.323588e-03,8.913921e+01,9.038464e-01,-2.980926e-01
1.58489,9.858600e-01,-1.449261e+00,7.738507e-01,1.787737e+02,3.644170e-03,8.905616e+01,9.038413e-01,-3.268459e-01
1.73780,9.858472e-01,-1.589063e+00,7.738343e-01,1.786553e+02,3.995659e-03,8.896510e+01,9.038352e-01,-3.583719e-01
1.90546,9.858317e-01,-1.742346e+00,7.738145e-01,1.785254e+02,4.381028e-03,8.886527e+01,9.038278e-01,-3.929377e-01
2.08930,9.858131e-01,-1.910410e+00,7.737908e-01,1.783831e+02,4.803537e-03,8.875581e+01,9.038190e-01,-4.308358e-01
2.29087,9.857907e-01,-2.094678e+00,7.737622e-01,1.782271e+02,5.266757e-03,8.863579e+01,9.038084e-01,-4.723871e-01
2.51189,9.857638e-01,-2.296710e+00,7.737279e-01,1.780560e+02,5.774598e-03,8.850421e+01,9.037956e-01,-5.179427e-01
2.75423,9.857315e-01,-2.518215e+00,7.736867e-01,1.778684e+02,6.331345e-03,8.835995e+01,9.037803e-01,-5.678877e-01
3.01995,9.856927e-01,-2.761065e+00,7.736371e-01,1.776628e+02,6.941685e-03,8.820180e+01,9.037619e-01,-6.226436e-01
3.31131,9.856460e-01,-3.027313e+00,7.735776e-01,1.774373e+02,7.610753e-03,8.802840e+01,9.037398e-01,-6.826721e-01
3.63078,9.855898e-01,-3.319206e+00,7.735060e-01,1.771902e+02,8.344162e-03,8.783832e+01,9.037132e-01,-7.484786e-01
3.98107,9.855224e-01,-3.639203e+00,7.734199e-01,1.769192e+02,9.148056e-03,8.762994e+01,9.036812e-01,-8.206164e-01
4.36516,9.854413e-01,-3.990000e+00,7.733165e-01,1.766222e+02,1.002915e-02,8.740151e+01,9.036428e-01,-8.996907e-01
4.78630,9.853440e-01,-4.374543e+00,7.731922e-01,1.762966e+02,1.099477e-02,8.715112e+01,9.035966e-01,-9.863632e-01
5.24807,9.852269e-01,-4.796057e+00,7.730429e-01,1.759396e+02,1.205293e-02,8.687667e+01,9.035411e-01,-1.081357e+00
5.75440,9.850864e-01,-5.258069e+00,7.728635e-01,1.755484e+02,1.321235e-02,8.657588e+01,9.034745e-01,-1.185463e+00
6.30957,9.849176e-01,-5.764433e+00,7.726480e-01,1.751197e+02,1.448254e-02,8.624624e+01,9.033945e-01,-1.299542e+00
6.91831,9.847148e-01,-6.319355e+00,7.723892e-01,1.746498e+02,1.587385e-02,8.588502e+01,9.032984e-01,-1.424535e+00
7.58578,9.844714e-01,-6.927429e+00,7.720784e-01,1.741348e+02,1.739752e-02,8.548925e+01,9.031831e-01,-1.561466e+00
8.31764,9.841793e-01,-7.593660e+00,7.717053e-01,1.735706e+02,1.906571e-02,8.505570e+01,9.030447e-01,-1.711448e+00
9.12011,9.838288e-01,-8.323498e+00,7.712576e-01,1.729526e+02,2.089159e-02,8.458083e+01,9.028786e-01,-1.875691e+00
10.00000,9.834084e-01,-9.122869e+00,7.707205e-01,1.722755e+02,2.288936e-02,8.406082e+01,9.026795e-01,-2.055503e+00
10.96478,9.829045e-01,-9.998204e+00,7.700765e-01,1.715341e+02,2.507427e-02,8.349154e+01,9.024409e-01,-2.252302e+00
12.02264,9.823007e-01,-1.095647e+01,7.693047e-01,1.707224e+02,2.746260e-02,8.286851e+01,9.021552e-01,-2.467612e+00
13.18257,9.815779e-01,-1.200519e+01,7.683802e-01,1.698340e+02,3.007171e-02,8.218691e+01,9.018132e-01,-2.703075e+00
14.45440,9.807133e-01,-1.315246e+01,7.672738e-01,1.688619e+02,3.291991e-02,8.144157e+01,9.014044e-01,-2.960441e+00
15.84893,9.796801e-01,-1.440699e+01,7.659508e-01,1.677988e+02,3.602637e-02,8.062697e+01,9.009160e-01,-3.241575e+00
17.37801,9.784468e-01,-1.577805e+01,7.643704e-01,1.666367e+02,3.941097e-02,7.973723e+01,9.003336e-01,-3.548448e+00
19.05461,9.769770e-01,-1.727550e+01,7.624852e-01,1.653671e+02,4.309400e-02,7.876616e+01,8.996400e-01,-3.883127e+00
20.89296,9.752281e-01,-1.890975e+01,7.602397e-01,1.639812e+02,4.709580e-02,7.770730e+01,8.988154e-01,-4.247757e+00
22.90868,9.731514e-01,-2.069165e+01,7.575698e-01,1.624695e+02,5.143629e-02,7.655395e+01,8.978375e-01,-4.644543e+00
25.11886,9.706914e-01,-2.263246e+01,7.544021e-01,1.608223e+02,5.613428e-02,7.529926e+01,8.966807e-01,-5.075713e+00
27.54229,9.677856e-01,-2.474363e+01,7.506535e-01,1.590295e+02,6.120663e-02,7.393638e+01,8.953165e-01,-5.543482e+00
30.19952,9.643647e-01,-2.703665e+01,7.462305e-01,1.570809e+02,6.666720e-02,7.245860e+01,8.937136e-01,-6.049997e+00
33.11311,9.603532e-01,-2.952279e+01,7.410302e-01,1.549665e+02,7.252559e-02,7.085953e+01,8.918384e-01,-6.597281e+00
36.30781,9.556707e-01,-3.221273e+01,7.349408e-01,1.526763e+02,7.878567e-02,6.913337e+01,8.896557e-01,-7.187166e+00
39.81072,9.502343e-01,-3.511617e+01,7.278445e-01,1.502012e+02,8.544389e-02,6.727522e+01,8.871299e-01,-7.821221e+00
43.65158,9.439618e-01,-3.824130e+01,7.196200e-01,1.475327e+02,9.248757e-02,6.528138e+01,8.842271e-01,-8.500690e+00
47.86301,9.367761e-01,-4.159430e+01,7.101481e-01,1.446639e+02,9.989310e-02,6.314976e+01,8.809169e-01,-9.226446e+00
52.48075,9.286113e-01,-4.517860e+01,6.993179e-01,1.415892e+02,1.076245e-01,6.088024e+01,8.771762e-01,-9.998974e+00
57.54399,9.194192e-01,-4.899432e+01,6.870349e-01,1.383055e+02,1.156320e-01,5.847507e+01,8.729916e-01,-1.081841e+01
63.09573,9.091776e-01,-5.303754e+01,6.732303e-01,1.348117e+02,1.238523e-01,5.593916e+01,8.683638e-01,-1.168462e+01
69.18310,8.978972e-01,-5.729974e+01,6.578707e-01,1.311098e+02,1.322081e-01,5.328028e+01,8.633109e-01,-1.259744e+01
75.85776,8.856288e-01,-6.176734e+01,6.409673e-01,1.272042e+02,1.406107e-01,5.050914e+01,8.578709e-01,-1.355691e+01
83.17638,8.724671e-01,-6.642141e+01,6.225838e-01,1.231025e+02,1.489623e-01,4.763923e+01,8.521033e-01,-1.456366e+01
91.20108,8.585527e-01,-7.123771e+01,6.028404e-01,1.188146e+02,1.571603e-01,4.468645e+01,8.460889e-01,-1.561932e+01
100.00000,8.440678e-01,-7.618696e+01,5.819140e-01,1.143527e+02,1.651021e-01,4.166854e+01,8.399275e-01,-1.672701e+01
109.64782,8.292295e-01,-8.123549e+01,5.600333e-01,1.097307e+02,1.726901e-01,3.860427e+01,8.337330e-01,-1.789172e+01
120.22644,8.142772e-01,-8.634615e+01,5.374689e-01,1.049635e+02,1.798367e-01,3.551260e+01,8.276280e-01,-1.912060e+01
131.82567,7.994584e-01,-9.147955e+01,5.145192e-01,1.000665e+02,1.864680e-01,3.241167e+01,8.217366e-01,-2.042317e+01
144.54398,7.850131e-01,-9.659533e+01,4.914940e-01,9.505500e+01,1.925262e-01,2.931799e+01,8.161774e-01,-2.181122e+01
158.48932,7.711592e-01,-1.016537e+02,4.686968e-01,8.994396e+01,1.979711e-01,2.624566e+01,8.110585e-01,-2.329867e+01
173.78008,7.580811e-01,-1.066168e+02,4.464090e-01,8.474782e+01,2.027786e-01,2.320588e+01,8.064729e-01,-2.490113e+01
190.54607,7.459220e-01,-1.114498e+02,4.248767e-01,7.948053e+01,2.069391e-01,2.020659e+01,8.024975e-01,-2.663547e+01
208.92961,7.347808e-01,-1.161222e+02,4.043006e-01,7.415577e+01,2.104543e-01,1.725249e+01,7.991926e-01,-2.851926e+01
229.08677,7.247135e-01,-1.206083e+02,3.848305e-01,6.878717e+01,2.133340e-01,1.434513e+01,7.966046e-01,-3.057020e+01
251.18864,7.157374e-01,-1.248878e+02,3.665633e-01,6.338861e+01,2.155924e-01,1.148325e+01,7.947683e-01,-3.280554e+01
275.42287,7.078372e-01,-1.289458e+02,3.495445e-01,5.797431e+01,2.172447e-01,8.663250e+00,7.937106e-01,-3.524163e+01
301.99517,7.009734e-01,-1.327726e+02,3.337718e-01,5.255890e+01,2.183046e-01,5.879679e+00,7.934536e-01,-3.789328e+01
331.13112,6.950885e-01,-1.363633e+02,3.192006e-01,4.715724e+01,2.187825e-01,3.125861e+00,7.940166e-01,-4.077332e+01
363.07805,6.901146e-01,-1.397174e+02,3.057511e-01,4.178419e+01,2.186836e-01,3.944946e-01,7.954179e-01,-4.389194e+01
398.10717,6.859786e-01,-1.428380e+02,2.933157e-01,3.645431e+01,2.180077e-01,-2.321717e+00,7.976744e-01,-4.725618e+01
436.51583,6.826061e-01,-1.457312e+02,2.817662e-01,3.118160e+01,2.167492e-01,-5.029428e+00,8.008006e-01,-5.086920e+01
478.63009,6.799245e-01,-1.484058e+02,2.709619e-01,2.597934e+01,2.148985e-01,-7.734031e+00,8.048056e-01,-5.472969e+01
524.80746,6.778644e-01,-1.508720e+02,2.607564e-01,2.086009e+01,2.124429e-01,-1.043905e+01,8.096890e-01,-5.883122e+01
575.43994,6.763604e-01,-1.531417e+02,2.510049e-01,1.583589e+01,2.093698e-01,-1.314555e+01,8.154370e-01,-6.316174e+01
630.95734,6.753509e-01,-1.552274e+02,2.415707e-01,1.091862e+01,2.056693e-01,-1.585170e+01,8.220163e-01,-6.770317e+01
691.83097,6.747775e-01,-1.571420e+02,2.323308e-01,6.120395e+00,2.013376e-01,-1.855230e+01,8.293707e-01,-7.243141e+01
758.57758,6.745842e-01,-1.588984e+02,2.231813e-01,1.454073e+00,1.963804e-01,-2.123860e+01,8.374171e-01,-7.731649e+01
831.76377,6.747167e-01,-1.605095e+02,2.140414e-01,-3.066422e+00,1.908166e-01,-2.389822e+01,8.460452e-01,-8.232326e+01
912.01084,6.751218e-01,-1.619873e+02,2.048564e-01,-7.425885e+00,1.846804e-01,-2.651534e+01,8.551191e-01,-8.741238e+01
1000.00000,6.757478e-01,-1.633432e+02,1.955990e-01,-1.160786e+01,1.780227e-01,-2.907112e+01,8.644828e-01,-9.254169e+01
1096.47820,6.765445e-01,-1.645875e+02,1.862682e-01,-1.559488e+01,1.709114e-01,-3.154439e+01,8.739675e-01,-9.766776e+01
1202.26443,6.774645e-01,-1.657295e+02,1.768879e-01,-1.936901e+01,1.634294e-01,-3.391241e+01,8.834018e-01,-1.027477e+02
1318.25674,6.784641e-01,-1.667774e+02,1.675019e-01,-2.291242e+01,1.556714e-01,-3.615193e+01,8.926219e-01,-1.077405e+02
1445.43977,6.795046e-01,-1.677383e+02,1.581693e-01,-2.620815e+01,1.477396e-01,-3.824011e+01,9.014813e-01,-1.126092e+02
1584.89319,6.805533e-01,-1.686181e+02,1.489584e-01,-2.924079e+01,1.397388e-01,-4.015547e+01,9.098582e-01,-1.173211e+02
1737.80083,6.815840e-01,-1.694221e+02,1.399407e-01,-3.199709e+01,1.317711e-01,-4.187869e+01,9.176602e-01,-1.218493e+02
1905.46072,6.825775e-01,-1.701548e+02,1.311857e-01,-3.446647e+01,1.239315e-01,-4.339322e+01,9.248259e-01,-1.261727e+02
2089.29613,6.835211e-01,-1.708198e+02,1.227569e-01,-3.664132e+01,1.163048e-01,-4.468575e+01,9.313235e-01,-1.302759e+02
2290.86765,6.844084e-01,-1.714207e+02,1.147085e-01,-3.851717e+01,1.089627e-01,-4.574644e+01,9.371475e-01,-1.341493e+02
2511.88643,6.852382e-01,-1.719604e+02,1.070841e-01,-4.009278e+01,1.019632e-01,-4.656910e+01,9.423138e-01,-1.377881e+02
2754.22870,6.860138e-01,-1.724414e+02,9.991550e-02,-4.137017e+01,9.535022e-02,-4.715123e+01,9.468549e-01,-1.411922e+02
3019.95172,6.867421e-01,-1.728664e+02,9.322358e-02,-4.235457e+01,8.915445e-02,-4.749406e+01,9.508144e-01,-1.443646e+02
3311.31121,6.874330e-01,-1.732375e+02,8.701879e-02,-4.305447e+01,8.339442e-02,-4.760258e+01,9.542427e-01,-1.473116e+02
3630.78055,6.880986e-01,-1.735566e+02,8.130253e-02,-4.348162e+01,7.807816e-02,-4.748555e+01,9.571931e-01,-1.500414e+02
3981.07171,6.887530e-01,-1.738257e+02,7.606845e-02,-4.365108e+01,7.320476e-02,-4.715552e+01,9.597192e-01,-1.525639e+02
4365.15832,6.894121e-01,-1.740464e+02,7.130383e-02,-4.358132e+01,6.876596e-02,-4.662887e+01,9.618724e-01,-1.548899e+02
4786.30092,6.900932e-01,-1.742200e+02,6.699081e-02,-4.329417e+01,6.474755e-02,-4.592572e+01,9.637012e-01,-1.570311e+02
5248.07460,6.908159e-01,-1.743479e+02,6.310751e-02,-4.281478e+01,6.113066e-02,-4.506973e+01,9.652497e-01,-1.589990e+02
5754.39937,6.916013e-01,-1.744312e+02,5.962902e-02,-4.217140e+01,5.789282e-02,-4.408779e+01,9.665577e-01,-1.608053e+02
6309.57344,6.924732e-01,-1.744707e+02,5.652813e-02,-4.139495e+01,5.500892e-02,-4.300946e+01,9.676606e-01,-1.624615e+02
6918.30971,6.934583e-01,-1.744672e+02,5.377610e-02,-4.051843e+01,5.245198e-02,-4.186629e+01,9.685892e-01,-1.639787e+02
7585.77575,6.945864e-01,-1.744215e+02,5.134319e-02,-3.957620e+01,5.019385e-02,-4.069091e+01,9.693706e-01,-1.653674e+02
8317.63771,6.958915e-01,-1.743342e+02,4.919924e-02,-3.860302e+01,4.820580e-02,-3.951611e+01,9.700281e-01,-1.666377e+02
9120.10839,6.974121e-01,-1.742061e+02,4.731408e-02,-3.763314e+01,4.645903e-02,-3.837387e+01,9.705818e-01,-1.677989e+02
10000.00000,6.991919e-01,-1.740378e+02,4.565797e-02,-3.669937e+01,4.492512e-02,-3.729448e+01,9.710489e-01,-1.688599e+02
