! ! 
! S ! 
! ! 
! # MHz  S  MA  R  50.00000
! ! ===================================================================
1.00000,9.879588e-01,-8.773709e-01,6.072296e-01,1.792016e+02,2.296614e-03,8.942575e+01,9.040576e-01,-1.914529e-01
1.09648,9.879541e-01,-9.620128e-01,6.072253e-01,1.791245e+02,2.518165e-03,8.937033e+01,9.040557e-01,-2.099206e-01
1.20226,9.879483e-01,-1.054820e+00,6.072201e-01,1.790399e+02,2.761084e-03,8.930956e+01,9.040533e-01,-2.301699e-01
1.31826,9.879415e-01,-1.156578e+00,6.072138e-01,1.789471e+02,3.027430e-03,8.924293e+01,9.040504e-01,-2.523725e-01
1.44544,9.879332e-01,-1.268152e+00,6.072062e-01,1.788454e+02,3.319461e-03,8.916987e+01,9.040469e-01,-2.767165e-01
1.58489,9.879232e-01,-1.390488e+00,6.071971e-01,1.787339e+02,3.639651e-03,8.908978e+01,9.040428e-01,-3.034085e-01
1.73780,9.879113e-01,-1.524622e+00,6.071862e-01,1.786117e+02,3.990710e-03,8.900195e+01,9.040378e-01,-3.326746e-01
1.90546,9.878969e-01,-1.671692e+00,6.071731e-01,1.784777e+02,4.375612e-03,8.890567e+01,9.040318e-01,-3.647629e-01
2.08930,9.878796e-01,-1.832943e+00,6.071573e-01,1.783308e+02,4.797611e-03,8.880010e+01,9.040245e-01,-3.999450e-01
2.29087,9.878588e-01,-2.009742e+00,6.071384e-01,1.781697e+02,5.260276e-03,8.868435e+01,9.040159e-01,-4.385188e-01
2.51189,9.878338e-01,-2.203586e+00,6.071156e-01,1.779931e+02,5.767514e-03,8.855745e+01,9.040054e-01,-4.808107e-01
2.75423,9.878038e-01,-2.416116e+00,6.070882e-01,1.777994e+02,6.323606e-03,8.841831e+01,9.039929e-01,-5.271782e-01
3.01995,9.877677e-01,-2.649128e+00,6.070552e-01,1.775871e+02,6.933239e-03,8.826577e+01,9.039778e-01,-5.780131e-01
3.31131,9.877243e-01,-2.904592e+00,6.070156e-01,1.773544e+02,7.601541e-03,8.809854e+01,9.039597e-01,-6.337444e-01
3.63078,9.876721e-01,-3.184665e+00,6.069680e-01,1.770992e+02,8.334129e-03,8.791521e+01,9.039379e-01,-6.948418e-01
3.98107,9.876095e-01,-3.491709e+00,6.069108e-01,1.768195e+02,9.137142e-03,8.771422e+01,9.039117e-01,-7.618198e-01
4.36516,9.875341e-01,-3.828311e+00,6.068421e-01,1.765128e+02,1.001730e-02,8.749390e+01,9.038802e-01,-8.352411e-01
4.78630,9.874436e-01,-4.197301e+00,6.067595e-01,1.761767e+02,1.098193e-02,8.725238e+01,9.038424e-01,-9.157216e-01
5.24807,9.873349e-01,-4.601777e+00,6.066602e-01,1.758082e+02,1.203905e-02,8.698766e+01,9.037970e-01,-1.003934e+00
5.75440,9.872042e-01,-5.045126e+00,6.065409e-01,1.754042e+02,1.319739e-02,8.669751e+01,9.037425e-01,-1.100615e+00
6.30957,9.870473e-01,-5.531051e+00,6.063977e-01,1.749615e+02,1.446649e-02,8.637952e+01,9.036769e-01,-1.206568e+00
6.91831,9.868588e-01,-6.063597e+00,6.062256e-01,1.744763e+02,1.585671e-02,8.603105e+01,9.035983e-01,-1.322670e+00
7.58578,9.866325e-01,-6.647180e+00,6.060190e-01,1.739445e+02,1.737932e-02,8.564923e+01,9.035038e-01,-1.449875e+00
8.31764,9.863608e-01,-7.286616e+00,6.057709e-01,1.733618e+02,1.904655e-02,8.523093e+01,9.033904e-01,-1.589226e+00
9.12011,9.860348e-01,-7.987149e+00,6.054732e-01,1.727234e+02,2.087162e-02,8.477272e+01,9.032544e-01,-1.741854e+00
10.00000,9.856438e-01,-8.754489e+00,6.051160e-01,1.720241e+02,2.286882e-02,8.427091e+01,9.030912e-01,-1.908988e+00
10.96478,9.851749e-01,-9.594834e+00,6.046876e-01,1.712581e+02,2.505353e-02,8.372148e+01,9.028957e-01,-2.091957e+00
12.02264,9.846131e-01,-1.051491e+01,6.041741e-01,1.704194e+02,2.744221e-02,8.312009e+01,9.026614e-01,-2.292201e+00
13.18257,9.839401e-01,-1.152197e+01,6.035589e-01,1.695012e+02,3.005241e-02,8.246204e+01,9.023810e-01,-2.511267e+00
14.45440,9.831349e-01,-1.262387e+01,6.028225e-01,1.684964e+02,3.290276e-02,8.174230e+01,9.020456e-01,-2.750819e+00
15.84893,9.821722e-01,-1.382904e+01,6.019417e-01,1.673972e+02,3.601279e-02,8.095547e+01,9.016448e-01,-3.012635e+00
17.37801,9.810225e-01,-1.514648e+01,6.008891e-01,1.661952e+02,3.940289e-02,8.009581e+01,9.011665e-01,-3.298602e+00
19.05461,9.796513e-01,-1.658580e+01,5.996330e-01,1.648816e+02,4.309398e-02,7.915723e+01,9.005966e-01,-3.610717e+00
20.89296,9.780185e-01,-1.815715e+01,5.981361e-01,1.634470e+02,4.710724e-02,7.813335e+01,8.999186e-01,-3.951072e+00
22.90868,9.760779e-01,-1.987120e+01,5.963552e-01,1.618814e+02,5.146363e-02,7.701752e+01,8.991137e-01,-4.321840e+00
25.11886,9.737765e-01,-2.173902e+01,5.942408e-01,1.601743e+02,5.618328e-02,7.580293e+01,8.981607e-01,-4.725249e+00
27.54229,9.710545e-01,-2.377200e+01,5.917367e-01,1.583149e+02,6.128470e-02,7.448265e+01,8.970354e-01,-5.163556e+00
30.19952,9.678451e-01,-2.598162e+01,5.887792e-01,1.562923e+02,6.678377e-02,7.304986e+01,8.957114e-01,-5.639006e+00
33.11311,9.640747e-01,-2.837929e+01,5.852981e-01,1.540953e+02,7.269254e-02,7.149794e+01,8.941597e-01,-6.153786e+00
36.30781,9.596645e-01,-3.097596e+01,5.812168e-01,1.517130e+02,7.901778e-02,6.982077e+01,8.923501e-01,-6.709971e+00
39.81072,9.545317e-01,-3.378182e+01,5.764536e-01,1.491348e+02,8.575933e-02,6.801294e+01,8.902512e-01,-7.309466e+00
43.65158,9.485926e-01,-3.680579e+01,5.709240e-01,1.463511e+02,9.290826e-02,6.607012e+01,8.878327e-01,-7.953955e+00
47.86301,9.417666e-01,-4.005499e+01,5.645440e-01,1.433531e+02,1.004451e-01,6.398943e+01,8.850664e-01,-8.644853e+00
52.48075,9.339817e-01,-4.353414e+01,5.572340e-01,1.401339e+02,1.083381e-01,6.176975e+01,8.819295e-01,-9.383287e+00
57.54399,9.251806e-01,-4.724491e+01,5.489249e-01,1.366887e+02,1.165418e-01,5.941219e+01,8.784069e-01,-1.017012e+01
63.09573,9.153284e-01,-5.118525e+01,5.395638e-01,1.330148e+02,1.249962e-01,5.692037e+01,8.744945e-01,-1.100601e+01
69.18310,9.044205e-01,-5.534874e+01,5.291219e-01,1.291128e+02,1.336270e-01,5.430072e+01,8.702023e-01,-1.189157e+01
75.85776,8.924895e-01,-5.972409e+01,5.176008e-01,1.249862e+02,1.423465e-01,5.156257e+01,8.655576e-01,-1.282759e+01
83.17638,8.796113e-01,-6.429480e+01,5.050387e-01,1.206420e+02,1.510566e-01,4.871813e+01,8.606060e-01,-1.381531e+01
91.20108,8.659072e-01,-6.903899e+01,4.915141e-01,1.160905e+02,1.596518e-01,4.578219e+01,8.554125e-01,-1.485684e+01
100.00000,8.515430e-01,-7.392959e+01,4.771474e-01,1.113451e+02,1.680244e-01,4.277166e+01,8.500597e-01,-1.595550e+01
109.64782,8.367234e-01,-7.893485e+01,4.620972e-01,1.064223e+02,1.760694e-01,3.970482e+01,8.446449e-01,-1.711624e+01
120.22644,8.216815e-01,-8.401908e+01,4.465545e-01,1.013405e+02,1.836903e-01,3.660054e+01,8.392750e-01,-1.834590e+01
131.82567,8.066650e-01,-8.914379e+01,4.307324e-01,9.612045e+01,1.908029e-01,3.347728e+01,8.340606e-01,-1.965343e+01
144.54398,7.919212e-01,-9.426893e+01,4.148535e-01,9.078382e+01,1.973389e-01,3.035223e+01,8.291102e-01,-2.104989e+01
158.48932,7.776814e-01,-9.935435e+01,3.991368e-01,8.535321e+01,2.032478e-01,2.724046e+01,8.245247e-01,-2.254832e+01
173.78008,7.641476e-01,-1.043612e+02,3.837843e-01,7.985159e+01,2.084963e-01,2.415434e+01,8.203932e-01,-2.416342e+01
190.54607,7.514835e-01,-1.092531e+02,3.689703e-01,7.430187e+01,2.130672e-01,2.110312e+01,8.167907e-01,-2.591119e+01
208.92961,7.398089e-01,-1.139978e+02,3.548334e-01,6.872663e+01,2.169562e-01,1.809280e+01,8.137783e-01,-2.780837e+01
229.08677,7.291994e-01,-1.185671e+02,3.414709e-01,6.314775e+01,2.201690e-01,1.512618e+01,8.114036e-01,-2.987199e+01
251.18864,7.196893e-01,-1.229385e+02,3.289381e-01,5.758603e+01,2.227172e-01,1.220313e+01,8.097036e-01,-3.211880e+01
275.42287,7.112775e-01,-1.270945e+02,3.172489e-01,5.206084e+01,2.246148e-01,9.321011e+00,8.087073e-01,-3.456477e+01
301.99517,7.039344e-01,-1.310232e+02,3.063799e-01,4.658970e+01,2.258755e-01,6.475184e+00,8.084383e-01,-3.722453e+01
331.13112,6.976095e-01,-1.347177e+02,2.962752e-01,4.118796e+01,2.265098e-01,3.659606e+00,8.089173e-01,-4.011087e+01
363.07805,6.922388e-01,-1.381756e+02,2.868528e-01,3.586857e+01,2.265241e-01,8.674515e-01,8.101632e-01,-4.323415e+01
398.10717,6.877503e-01,-1.413984e+02,2.780112e-01,3.064204e+01,2.259192e-01,-1.908235e+00,8.121930e-01,-4.660165e+01
436.51583,6.840690e-01,-1.443912e+02,2.696356e-01,2.551658e+01,2.246907e-01,-4.673889e+00,8.150212e-01,-5.021696e+01
478.63009,6.811205e-01,-1.471617e+02,2.616044e-01,2.049853e+01,2.228300e-01,-7.434772e+00,8.186571e-01,-5.407927e+01
524.80746,6.788325e-01,-1.497195e+02,2.537952e-01,1.559292e+01,2.203257e-01,-1.019435e+01,8.231014e-01,-5.818275e+01
575.43994,6.771363e-01,-1.520761e+02,2.460902e-01,1.080418e+01,2.171662e-01,-1.295370e+01,8.283419e-01,-6.251595e+01
630.95734,6.759665e-01,-1.542437e+02,2.383818e-01,6.136936e+00,2.133427e-01,-1.571101e+01,8.343489e-01,-6.706146e+01
691.83097,6.752610e-01,-1.562352e+02,2.305771e-01,1.596740e+00,2.088528e-01,-1.846118e+01,8.410714e-01,-7.179573e+01
758.57758,6.749602e-01,-1.580635e+02,2.226021e-01,-2.809256e+00,2.037042e-01,-2.119553e+01,8.484337e-01,-7.668930e+01
831.76377,6.750061e-01,-1.597416e+02,2.144057e-01,-7.071872e+00,1.979178e-01,-2.390181e+01,8.563351e-01,-8.170736e+01
912.01084,6.753426e-01,-1.612817e+02,2.059613e-01,-1.117970e+01,1.915307e-01,-2.656435e+01,8.646510e-01,-8.681076e+01
1000.00000,6.759147e-01,-1.626954e+02,1.972686e-01,-1.511920e+01,1.845973e-01,-2.916448e+01,8.732383e-01,-9.195733e+01
1096.47820,6.766696e-01,-1.639933e+02,1.883520e-01,-1.887507e+01,1.771893e-01,-3.168118e+01,8.819416e-01,-9.710349e+01
1202.26443,6.775576e-01,-1.651848e+02,1.792587e-01,-2.243083e+01,1.693939e-01,-3.409196e+01,8.906033e-01,-1.022060e+02
1318.25674,6.785329e-01,-1.662785e+02,1.700540e-01,-2.576960e+01,1.613106e-01,-3.637378e+01,8.990721e-01,-1.072235e+02
1445.43977,6.795551e-01,-1.672816e+02,1.608163e-01,-2.887493e+01,1.530461e-01,-3.850403e+01,9.072129e-01,-1.121184e+02
1584.89319,6.805900e-01,-1.682004e+02,1.516312e-01,-3.173156e+01,1.447097e-01,-4.046145e+01,9.149130e-01,-1.168576e+02
1737.80083,6.816103e-01,-1.690403e+02,1.425852e-01,-3.432614e+01,1.364075e-01,-4.222694e+01,9.220868e-01,-1.214135e+02
1905.46072,6.825959e-01,-1.698060e+02,1.337608e-01,-3.664777e+01,1.282384e-01,-4.378410e+01,9.286771e-01,-1.257647e+02
2089.29613,6.835336e-01,-1.705014e+02,1.252323e-01,-3.868834e+01,1.202902e-01,-4.511971e+01,9.346542e-01,-1.298954e+02
2290.86765,6.844162e-01,-1.711302e+02,1.170632e-01,-4.044276e+01,1.126373e-01,-4.622393e+01,9.400125e-01,-1.337956e+02
2511.88643,6.852423e-01,-1.716954e+02,1.093042e-01,-4.190906e+01,1.053396e-01,-4.709047e+01,9.447664e-01,-1.374604e+02
2754.22870,6.860148e-01,-1.722000e+02,1.019931e-01,-4.308838e+01,9.844243e-02,-4.771660e+01,9.489456e-01,-1.408892e+02
3019.95172,6.867404e-01,-1.726465e+02,9.515526e-02,-4.398502e+01,9.197742e-02,-4.810316e+01,9.525899e-01,-1.440851e+02
3311.31121,6.874288e-01,-1.730374e+02,8.880476e-02,-4.460643e+01,8.596370e-02,-4.825460e+01,9.557455e-01,-1.470542e+02
3630.78055,6.880921e-01,-1.733747e+02,8.294562e-02,-4.496322e+01,8.040957e-02,-4.817899e+01,9.584615e-01,-1.498047e+02
3981.07171,6.887441e-01,-1.736604e+02,7.757343e-02,-4.506930e+01,7.531414e-02,-4.788807e+01,9.607870e-01,-1.523466e+02
4365.15832,6.894007e-01,-1.738964e+02,7.267688e-02,-4.494188e+01,7.066899e-02,-4.739729e+01,9.627695e-01,-1.546906e+02
4786.30092,6.900792e-01,-1.740840e+02,6.823907e-02,-4.460154e+01,6.645964e-02,-4.672577e+01,9.644534e-01,-1.568484e+02
5248.07460,6.907988e-01,-1.742248e+02,6.423879e-02,-4.407220e+01,6.266687e-02,-4.589618e+01,9.658793e-01,-1.588317e+02
5754.39937,6.915807e-01,-1.743199e+02,6.065150e-02,-4.338093e+01,5.926780e-02,-4.493450e+01,9.670839e-01,-1.606523e+02
6309.57344,6.924486e-01,-1.743703e+02,5.745018e-02,-4.255761e+01,5.623683e-02,-4.386954e+01,9.680997e-01,-1.623216e+02
6918.30971,6.934291e-01,-1.743769e+02,5.460613e-02,-4.163435e+01,5.354647e-02,-4.273229e+01,9.689552e-01,-1.638508e+02
7585.77575,6.945518e-01,-1.743404e+02,5.208952e-02,-4.064483e+01,5.116799e-02,-4.155514e+01,9.696753e-01,-1.652505e+02
8317.63771,6.958505e-01,-1.742616e+02,4.986998e-02,-3.962337e+01,4.907205e-02,-4.037093e+01,9.702815e-01,-1.665309e+02
9120.10839,6.973638e-01,-1.741413e+02,4.791705e-02,-3.860400e+01,4.722914e-02,-3.921200e+01,9.707922e-01,-1.677014e+02
10000.00000,6.991349e-01,-1.739802e+02,4.620061e-02,-3.761956e+01,4.561011e-02,-3.810926e+01,9.712234e-01,-1.687709e+02
