! ! 
! S ! 
! ! 
! # MHz  S  MA  R  50.00000
! ! ===================================================================
1.00000,9.912721e-01,-7.942258e-01,2.445662e-01,1.789295e+02,2.291820e-03,8.947364e+01,9.071112e-01,-1.594595e-01
1.09648,9.912681e-01,-8.708479e-01,2.445667e-01,1.788261e+02,2.512913e-03,8.942282e+01,9.071101e-01,-1.748412e-01
1.20226,9.912633e-01,-9.548613e-01,2.445672e-01,1.787128e+02,2.755330e-03,8.936710e+01,9.071088e-01,-1.917070e-01
1.31826,9.912576e-01,-1.046979e+00,2.445679e-01,1.785885e+02,3.021128e-03,8.930602e+01,9.071072e-01,-2.101998e-01
1.44544,9.912507e-01,-1.147982e+00,2.445687e-01,1.784523e+02,3.312560e-03,8.923904e+01,9.071052e-01,-2.304765e-01
1.58489,9.912424e-01,-1.258727e+00,2.445697e-01,1.783029e+02,3.632095e-03,8.916561e+01,9.071029e-01,-2.527092e-01
1.73780,9.912324e-01,-1.380154e+00,2.445709e-01,1.781392e+02,3.982441e-03,8.908509e+01,9.071001e-01,-2.770863e-01
1.90546,9.912204e-01,-1.513292e+00,2.445724e-01,1.779596e+02,4.366565e-03,8.899682e+01,9.070967e-01,-3.038146e-01
2.08930,9.912060e-01,-1.659269e+00,2.445741e-01,1.777627e+02,4.787718e-03,8.890003e+01,9.070927e-01,-3.331206e-01
2.29087,9.911887e-01,-1.819323e+00,2.445761e-01,1.775469e+02,5.249464e-03,8.879391e+01,9.070878e-01,-3.652527e-01
2.51189,9.911679e-01,-1.994809e+00,2.445786e-01,1.773103e+02,5.755705e-03,8.867756e+01,9.070820e-01,-4.004830e-01
2.75423,9.911428e-01,-2.187214e+00,2.445816e-01,1.770508e+02,6.310719e-03,8.855000e+01,9.070749e-01,-4.391100e-01
3.01995,9.911128e-01,-2.398165e+00,2.445852e-01,1.767664e+02,6.919188e-03,8.841015e+01,9.070665e-01,-4.814603e-01
3.31131,9.910766e-01,-2.629447e+00,2.445895e-01,1.764546e+02,7.586242e-03,8.825682e+01,9.070563e-01,-5.278924e-01
3.63078,9.910331e-01,-2.883015e+00,2.445947e-01,1.761127e+02,8.317493e-03,8.808872e+01,9.070441e-01,-5.787986e-01
3.98107,9.909809e-01,-3.161009e+00,2.446009e-01,1.757379e+02,9.119086e-03,8.790443e+01,9.070295e-01,-6.346088e-01
4.36516,9.909181e-01,-3.465775e+00,2.446084e-01,1.753271e+02,9.997740e-03,8.770240e+01,9.070118e-01,-6.957937e-01
4.78630,9.908426e-01,-3.799880e+00,2.446174e-01,1.748768e+02,1.096080e-02,8.748094e+01,9.069906e-01,-7.628687e-01
5.24807,9.907519e-01,-4.166134e+00,2.446282e-01,1.743831e+02,1.201630e-02,8.723817e+01,9.069652e-01,-8.363982e-01
5.75440,9.906429e-01,-4.567611e+00,2.446411e-01,1.738421e+02,1.317301e-02,8.697206e+01,9.069346e-01,-9.169993e-01
6.30957,9.905120e-01,-5.007675e+00,2.446567e-01,1.732492e+02,1.444049e-02,8.668040e+01,9.068979e-01,-1.005347e+00
6.91831,9.903548e-01,-5.490002e+00,2.446754e-01,1.725994e+02,1.582916e-02,8.636075e+01,9.068537e-01,-1.102180e+00
7.58578,9.901660e-01,-6.018607e+00,2.446979e-01,1.718874e+02,1.735037e-02,8.601046e+01,9.068008e-01,-1.208305e+00
8.31764,9.899392e-01,-6.597874e+00,2.447248e-01,1.711073e+02,1.901647e-02,8.562664e+01,9.067371e-01,-1.324601e+00
9.12011,9.896670e-01,-7.232586e+00,2.447572e-01,1.702529e+02,2.084082e-02,8.520613e+01,9.066608e-01,-1.452029e+00
10.00000,9.893404e-01,-7.927951e+00,2.447960e-01,1.693171e+02,2.283792e-02,8.474551e+01,9.065692e-01,-1.591635e+00
10.96478,9.889485e-01,-8.689637e+00,2.448425e-01,1.682925e+02,2.502341e-02,8.424104e+01,9.064594e-01,-1.744558e+00
12.02264,9.884787e-01,-9.523801e+00,2.448982e-01,1.671709e+02,2.741411e-02,8.368868e+01,9.063277e-01,-1.912035e+00
13.18257,9.879157e-01,-1.043712e+01,2.449649e-01,1.659437e+02,3.002808e-02,8.308406e+01,9.061700e-01,-2.095408e+00
14.45440,9.872413e-01,-1.143681e+01,2.450447e-01,1.646013e+02,3.288453e-02,8.242246e+01,9.059813e-01,-2.296130e+00
15.84893,9.864343e-01,-1.253067e+01,2.451400e-01,1.631338e+02,3.600386e-02,8.169880e+01,9.057555e-01,-2.515768e+00
17.37801,9.854695e-01,-1.372706e+01,2.452538e-01,1.615304e+02,3.940752e-02,8.090764e+01,9.054858e-01,-2.756010e+00
19.05461,9.843171e-01,-1.503496e+01,2.453895e-01,1.597796e+02,4.311782e-02,8.004319e+01,9.051639e-01,-3.018664e+00
20.89296,9.829427e-01,-1.646391e+01,2.455509e-01,1.578696e+02,4.715774e-02,7.909931e+01,9.047805e-01,-3.305663e+00
22.90868,9.813058e-01,-1.802400e+01,2.457426e-01,1.557879e+02,5.155053e-02,7.806954e+01,9.043245e-01,-3.619059e+00
25.11886,9.793602e-01,-1.972586e+01,2.459697e-01,1.535217e+02,5.631921e-02,7.694717e+01,9.037832e-01,-3.961016e+00
27.54229,9.770525e-01,-2.158052e+01,2.462379e-01,1.510581e+02,6.148595e-02,7.572529e+01,9.031425e-01,-4.333807e+00
30.19952,9.743226e-01,-2.359932e+01,2.465536e-01,1.483841e+02,6.707113e-02,7.439688e+01,9.023863e-01,-4.739792e+00
33.11311,9.711033e-01,-2.579373e+01,2.469238e-01,1.454875e+02,7.309232e-02,7.295497e+01,9.014969e-01,-5.181404e+00
36.30781,9.673205e-01,-2.817512e+01,2.473558e-01,1.423566e+02,7.956291e-02,7.139283e+01,9.004551e-01,-5.661121e+00
39.81072,9.628944e-01,-3.075449e+01,2.478571e-01,1.389812e+02,8.649056e-02,6.970414e+01,8.992408e-01,-6.181445e+00
43.65158,9.577416e-01,-3.354205e+01,2.484351e-01,1.353533e+02,9.387533e-02,6.788333e+01,8.978334e-01,-6.744866e+00
47.86301,9.517772e-01,-3.654679e+01,2.490966e-01,1.314673e+02,1.017078e-01,6.592583e+01,8.962130e-01,-7.353843e+00
52.48075,9.449194e-01,-3.977594e+01,2.498472e-01,1.273212e+02,1.099669e-01,6.382848e+01,8.943616e-01,-8.010787e+00
57.54399,9.370944e-01,-4.323440e+01,2.506902e-01,1.229173e+02,1.186181e-01,6.158989e+01,8.922647e-01,-8.718059e+00
63.09573,9.282433e-01,-4.692403e+01,2.516265e-01,1.182627e+02,1.276117e-01,5.921083e+01,8.899133e-01,-9.478006e+00
69.18310,9.183292e-01,-5.084303e+01,2.526532e-01,1.133700e+02,1.368823e-01,5.669456e+01,8.873063e-01,-1.029302e+01
75.85776,9.073454e-01,-5.498530e+01,2.537626e-01,1.082580e+02,1.463483e-01,5.404712e+01,8.844521e-01,-1.116567e+01
83.17638,8.953227e-01,-5.933992e+01,2.549422e-01,1.029509e+02,1.559132e-01,5.127742e+01,8.813709e-01,-1.209886e+01
91.20108,8.823352e-01,-6.389077e+01,2.561740e-01,9.747878e+01,1.654687e-01,4.839725e+01,8.780959e-01,-1.309603e+01
100.00000,8.685033e-01,-6.861638e+01,2.574347e-01,9.187640e+01,1.748981e-01,4.542098e+01,8.746731e-01,-1.416147e+01
109.64782,8.539926e-01,-7.349011e+01,2.586961e-01,8.618196e+01,1.840816e-01,4.236511e+01,8.711606e-01,-1.530050e+01
120.22644,8.390085e-01,-7.848059e+01,2.599266e-01,8.043564e+01,1.929024e-01,3.924755e+01,8.676265e-01,-1.651979e+01
131.82567,8.237860e-01,-8.355249e+01,2.610921e-01,7.467778e+01,2.012516e-01,3.608680e+01,8.641451e-01,-1.782750e+01
144.54398,8.085762e-01,-8.866757e+01,2.621575e-01,6.894708e+01,2.090341e-01,3.290103e+01,8.607935e-01,-1.923341e+01
158.48932,7.936306e-01,-9.378597e+01,2.630882e-01,6.327893e+01,2.161716e-01,2.970715e+01,8.576476e-01,-2.074885e+01
173.78008,7.791857e-01,-9.886760e+01,2.638508e-01,5.770405e+01,2.226049e-01,2.652004e+01,8.547780e-01,-2.238660e+01
190.54607,7.654492e-01,-1.038735e+02,2.644139e-01,5.224749e+01,2.282936e-01,2.335187e+01,8.522480e-01,-2.416060e+01
208.92961,7.525906e-01,-1.087674e+02,2.647479e-01,4.692813e+01,2.332144e-01,2.021180e+01,8.501121e-01,-2.608569e+01
229.08677,7.407352e-01,-1.135164e+02,2.648242e-01,4.175863e+01,2.373585e-01,1.710577e+01,8.484155e-01,-2.817713e+01
251.18864,7.299637e-01,-1.180924e+02,2.646153e-01,3.674570e+01,2.407274e-01,1.403659e+01,8.471957e-01,-3.045022e+01
275.42287,7.203145e-01,-1.224722e+02,2.640928e-01,3.189073e+01,2.433291e-01,1.100427e+01,8.464832e-01,-3.291984e+01
301.99517,7.117898e-01,-1.266383e+02,2.632272e-01,2.719064e+01,2.451746e-01,8.006438e+00,8.463035e-01,-3.559989e+01
331.13112,7.043622e-01,-1.305782e+02,2.619866e-01,2.263881e+01,2.462741e-01,5.038901e+00,8.466790e-01,-3.850285e+01
363.07805,6.979828e-01,-1.342848e+02,2.603363e-01,1.822612e+01,2.466351e-01,2.096292e+00,8.476292e-01,-4.163912e+01
398.10717,6.925876e-01,-1.377556e+02,2.582392e-01,1.394195e+01,2.462609e-01,-8.272495e-01,8.491716e-01,-4.501640e+01
436.51583,6.881041e-01,-1.409920e+02,2.556557e-01,9.775249e+00,2.451498e-01,-3.737379e+00,8.513209e-01,-4.863904e+01
478.63009,6.844559e-01,-1.439991e+02,2.525453e-01,5.715419e+00,2.432963e-01,-6.638840e+00,8.540869e-01,-5.250728e+01
524.80746,6.815656e-01,-1.467845e+02,2.488682e-01,1.753249e+00,2.406921e-01,-9.534790e+00,8.574727e-01,-5.661653e+01
575.43994,6.793573e-01,-1.493582e+02,2.445883e-01,-2.118304e+00,2.373288e-01,-1.242616e+01,8.614711e-01,-6.095677e+01
630.95734,6.777576e-01,-1.517315e+02,2.396758e-01,-5.903445e+00,2.332014e-01,-1.531112e+01,8.660613e-01,-6.551205e+01
691.83097,6.766953e-01,-1.539168e+02,2.341115e-01,-9.603012e+00,2.283119e-01,-1.818464e+01,8.712056e-01,-7.026022e+01
758.57758,6.761018e-01,-1.559270e+02,2.278900e-01,-1.321415e+01,2.226734e-01,-2.103820e+01,8.768476e-01,-7.517304e+01
831.76377,6.759104e-01,-1.577751e+02,2.210234e-01,-1.673021e+01,2.163133e-01,-2.385978e+01,8.829108e-01,-8.021665e+01
912.01084,6.760566e-01,-1.594736e+02,2.135436e-01,-2.014090e+01,2.092769e-01,-2.663401e+01,8.893002e-01,-8.535246e+01
1000.00000,6.764777e-01,-1.610347e+02,2.055038e-01,-2.343270e+01,2.016281e-01,-2.934258e+01,8.959059e-01,-9.053848e+01
1096.47820,6.771139e-01,-1.624693e+02,1.969777e-01,-2.658951e+01,1.934495e-01,-3.196495e+01,9.026083e-01,-9.573085e+01
1202.26443,6.779093e-01,-1.637876e+02,1.880571e-01,-2.959350e+01,1.848402e-01,-3.447913e+01,9.092852e-01,-1.008857e+02
1318.25674,6.788128e-01,-1.649984e+02,1.788478e-01,-3.242605e+01,1.759118e-01,-3.686267e+01,9.158194e-01,-1.059609e+02
1445.43977,6.797794e-01,-1.661098e+02,1.694646e-01,-3.506873e+01,1.667837e-01,-3.909357e+01,9.221055e-01,-1.109174e+02
1584.89319,6.807713e-01,-1.671284e+02,1.600248e-01,-3.750417e+01,1.575769e-01,-4.115120e+01,9.280555e-01,-1.157212e+02
1737.80083,6.817582e-01,-1.680603e+02,1.506428e-01,-3.971684e+01,1.484086e-01,-4.301703e+01,9.336021e-01,-1.203434e+02
1905.46072,6.827177e-01,-1.689107e+02,1.414247e-01,-4.169359e+01,1.393871e-01,-4.467517e+01,9.387002e-01,-1.247614e+02
2089.29613,6.836347e-01,-1.696840e+02,1.324647e-01,-4.342406e+01,1.306084e-01,-4.611275e+01,9.433260e-01,-1.289583e+02
2290.86765,6.845007e-01,-1.703843e+02,1.238422e-01,-4.490082e+01,1.221532e-01,-4.732011e+01,9.474745e-01,-1.329235e+02
2511.88643,6.853132e-01,-1.710152e+02,1.156208e-01,-4.611953e+01,1.140866e-01,-4.829086e+01,9.511562e-01,-1.366511e+02
2754.22870,6.860743e-01,-1.715800e+02,1.078484e-01,-4.707889e+01,1.064574e-01,-4.902190e+01,9.543936e-01,-1.401402e+02
3019.95172,6.867902e-01,-1.720818e+02,1.005580e-01,-4.778063e+01,9.929944e-02,-4.951336e+01,9.572174e-01,-1.433935e+02
3311.31121,6.874699e-01,-1.725233e+02,9.376933e-02,-4.822951e+01,9.263321e-02,-4.976862e+01,9.596631e-01,-1.464168e+02
3630.78055,6.881251e-01,-1.729071e+02,8.749039e-02,-4.843335e+01,8.646745e-02,-4.979431e+01,9.617684e-01,-1.492183e+02
3981.07171,6.887696e-01,-1.732355e+02,8.171958e-02,-4.840308e+01,8.080117e-02,-4.960035e+01,9.635714e-01,-1.518078e+02
4365.15832,6.894185e-01,-1.735105e+02,7.644737e-02,-4.815288e+01,7.562539e-02,-4.920009e+01,9.651088e-01,-1.541962e+02
4786.30092,6.900892e-01,-1.737340e+02,7.165795e-02,-4.770023e+01,7.092477e-02,-4.861033e+01,9.664150e-01,-1.563952e+02
5248.07460,6.908006e-01,-1.739077e+02,6.733060e-02,-4.706597e+01,6.667902e-02,-4.785135e+01,9.675214e-01,-1.584166e+02
5754.39937,6.915735e-01,-1.740331e+02,6.344088e-02,-4.627422e+01,6.286410e-02,-4.694678e+01,9.684564e-01,-1.602723e+02
6309.57344,6.924314e-01,-1.741112e+02,5.996159e-02,-4.535215e+01,5.945316e-02,-4.592337e+01,9.692453e-01,-1.619740e+02
6918.30971,6.934004e-01,-1.741434e+02,5.686357e-02,-4.432958e+01,5.641733e-02,-4.481051e+01,9.699101e-01,-1.635330e+02
7585.77575,6.945101e-01,-1.741304e+02,5.411634e-02,-4.323835e+01,5.372646e-02,-4.363957e+01,9.704703e-01,-1.649601e+02
8317.63771,6.957938e-01,-1.740733e+02,5.168870e-02,-4.211152e+01,5.134962e-02,-4.244310e+01,9.709425e-01,-1.662656e+02
9120.10839,6.972895e-01,-1.739729e+02,4.954920e-02,-4.098249e+01,4.925568e-02,-4.125388e+01,9.713412e-01,-1.674591e+02
10000.00000,6.990404e-01,-1.738303e+02,4.766658e-02,-3.988399e+01,4.741366e-02,-4.010396e+01,9.716786e-01,-1.685497e+02
