! ! 
! S ! 
! ! 
! # MHz  S  MA  R  50.00000
! ! ===================================================================
1.00000,9.904954e-01,-8.111993e-01,3.160133e-01,1.790414e+02,2.290187e-03,8.946395e+01,9.043980e-01,-1.657829e-01
1.09648,9.904913e-01,-8.894587e-01,3.160127e-01,1.789488e+02,2.511122e-03,8.941220e+01,9.043967e-01,-1.817746e-01
1.20226,9.904863e-01,-9.752672e-01,3.160119e-01,1.788473e+02,2.753365e-03,8.935546e+01,9.043952e-01,-1.993091e-01
1.31826,9.904803e-01,-1.069353e+00,3.160110e-01,1.787361e+02,3.018972e-03,8.929325e+01,9.043934e-01,-2.185352e-01
1.44544,9.904732e-01,-1.172514e+00,3.160099e-01,1.786140e+02,3.310194e-03,8.922504e+01,9.043911e-01,-2.396159e-01
1.58489,9.904646e-01,-1.285626e+00,3.160086e-01,1.784803e+02,3.629499e-03,8.915026e+01,9.043885e-01,-2.627299e-01
1.73780,9.904542e-01,-1.409647e+00,3.160071e-01,1.783336e+02,3.979592e-03,8.906826e+01,9.043853e-01,-2.880734e-01
1.90546,9.904417e-01,-1.545629e+00,3.160052e-01,1.781728e+02,4.363437e-03,8.897837e+01,9.043814e-01,-3.158612e-01
2.08930,9.904268e-01,-1.694725e+00,3.160029e-01,1.779965e+02,4.784283e-03,8.887980e+01,9.043768e-01,-3.463287e-01
2.29087,9.904088e-01,-1.858197e+00,3.160001e-01,1.778032e+02,5.245691e-03,8.877173e+01,9.043712e-01,-3.797341e-01
2.51189,9.903871e-01,-2.037431e+00,3.159969e-01,1.775913e+02,5.751560e-03,8.865325e+01,9.043645e-01,-4.163603e-01
2.75423,9.903611e-01,-2.233945e+00,3.159929e-01,1.773589e+02,6.306162e-03,8.852334e+01,9.043565e-01,-4.565174e-01
3.01995,9.903299e-01,-2.449400e+00,3.159881e-01,1.771041e+02,6.914176e-03,8.838092e+01,9.043468e-01,-5.005450e-01
3.31131,9.902923e-01,-2.685620e+00,3.159824e-01,1.768248e+02,7.580726e-03,8.822478e+01,9.043352e-01,-5.488155e-01
3.63078,9.902471e-01,-2.944599e+00,3.159756e-01,1.765186e+02,8.311419e-03,8.805359e+01,9.043212e-01,-6.017365e-01
3.98107,9.901928e-01,-3.228525e+00,3.159673e-01,1.761829e+02,9.112390e-03,8.786592e+01,9.043045e-01,-6.597547e-01
4.36516,9.901276e-01,-3.539792e+00,3.159574e-01,1.758149e+02,9.990353e-03,8.766019e+01,9.042843e-01,-7.233590e-01
4.78630,9.900492e-01,-3.881020e+00,3.159455e-01,1.754115e+02,1.095264e-02,8.743466e+01,9.042601e-01,-7.930849e-01
5.24807,9.899550e-01,-4.255080e+00,3.159311e-01,1.749692e+02,1.200728e-02,8.718745e+01,9.042309e-01,-8.695182e-01
5.75440,9.898418e-01,-4.665109e+00,3.159139e-01,1.744845e+02,1.316301e-02,8.691647e+01,9.041959e-01,-9.532996e-01
6.30957,9.897058e-01,-5.114540e+00,3.158932e-01,1.739532e+02,1.442938e-02,8.661948e+01,9.041539e-01,-1.045130e+00
6.91831,9.895425e-01,-5.607125e+00,3.158684e-01,1.733709e+02,1.581680e-02,8.629399e+01,9.041034e-01,-1.145775e+00
7.58578,9.893463e-01,-6.146962e+00,3.158386e-01,1.727327e+02,1.733658e-02,8.593731e+01,9.040428e-01,-1.256071e+00
8.31764,9.891108e-01,-6.738523e+00,3.158028e-01,1.720335e+02,1.900103e-02,8.554650e+01,9.039701e-01,-1.376931e+00
9.12011,9.888281e-01,-7.386686e+00,3.157598e-01,1.712674e+02,2.082347e-02,8.511835e+01,9.038827e-01,-1.509348e+00
10.00000,9.884889e-01,-8.096763e+00,3.157082e-01,1.704281e+02,2.281836e-02,8.464938e+01,9.037780e-01,-1.654406e+00
10.96478,9.880820e-01,-8.874532e+00,3.156464e-01,1.695090e+02,2.500124e-02,8.413579e+01,9.036524e-01,-1.813283e+00
12.02264,9.875942e-01,-9.726266e+00,3.155723e-01,1.685025e+02,2.738887e-02,8.357348e+01,9.035019e-01,-1.987256e+00
13.18257,9.870097e-01,-1.065876e+01,3.154834e-01,1.674007e+02,2.999917e-02,8.295802e+01,9.033216e-01,-2.177709e+00
14.45440,9.863098e-01,-1.167938e+01,3.153771e-01,1.661950e+02,3.285123e-02,8.228460e+01,9.031058e-01,-2.386139e+00
15.84893,9.854723e-01,-1.279603e+01,3.152499e-01,1.648760e+02,3.596524e-02,8.154811e+01,9.028477e-01,-2.614157e+00
17.37801,9.844712e-01,-1.401723e+01,3.150979e-01,1.634339e+02,3.936242e-02,8.074301e+01,9.025395e-01,-2.863493e+00
19.05461,9.832759e-01,-1.535208e+01,3.149164e-01,1.618579e+02,4.306479e-02,7.986347e+01,9.021719e-01,-3.135998e+00
20.89296,9.818507e-01,-1.681026e+01,3.147002e-01,1.601368e+02,4.709495e-02,7.890329e+01,9.017340e-01,-3.433639e+00
22.90868,9.801541e-01,-1.840200e+01,3.144429e-01,1.582588e+02,5.147565e-02,7.785596e+01,9.012134e-01,-3.758498e+00
25.11886,9.781383e-01,-2.013801e+01,3.141373e-01,1.562113e+02,5.622934e-02,7.671474e+01,9.005958e-01,-4.112761e+00
27.54229,9.757488e-01,-2.202941e+01,3.137753e-01,1.539817e+02,6.137740e-02,7.547270e+01,8.998651e-01,-4.498705e+00
30.19952,9.729239e-01,-2.408761e+01,3.133477e-01,1.515570e+02,6.693931e-02,7.412286e+01,8.990031e-01,-4.918681e+00
33.11311,9.695951e-01,-2.632408e+01,3.128441e-01,1.489240e+02,7.293148e-02,7.265832e+01,8.979901e-01,-5.375084e+00
36.30781,9.656871e-01,-2.875014e+01,3.122536e-01,1.460703e+02,7.936597e-02,7.107242e+01,8.968045e-01,-5.870329e+00
39.81072,9.611194e-01,-3.137665e+01,3.115642e-01,1.429839e+02,8.624879e-02,6.935903e+01,8.954241e-01,-6.406817e+00
43.65158,9.558082e-01,-3.421359e+01,3.107635e-01,1.396540e+02,9.357816e-02,6.751281e+01,8.938260e-01,-6.986896e+00
47.86301,9.496691e-01,-3.726961e+01,3.098393e-01,1.360720e+02,1.013425e-01,6.552950e+01,8.919884e-01,-7.612839e+00
52.48075,9.426219e-01,-4.055149e+01,3.087800e-01,1.322314e+02,1.095186e-01,6.340636e+01,8.898921e-01,-8.286818e+00
57.54399,9.345958e-01,-4.406348e+01,3.075755e-01,1.281292e+02,1.180694e-01,6.114247e+01,8.875219e-01,-9.010912e+00
63.09573,9.255362e-01,-4.780669e+01,3.062179e-01,1.237663e+02,1.269431e-01,5.873919e+01,8.848692e-01,-9.787143e+00
69.18310,9.154124e-01,-5.177840e+01,3.047029e-01,1.191483e+02,1.360722e-01,5.620043e+01,8.819345e-01,-1.061755e+01
75.85776,9.042255e-01,-5.597147e+01,3.030307e-01,1.142862e+02,1.453734e-01,5.353290e+01,8.787293e-01,-1.150434e+01
83.17638,8.920154e-01,-6.037380e+01,3.012064e-01,1.091969e+02,1.547498e-01,5.074625e+01,8.752783e-01,-1.245006e+01
91.20108,8.788663e-01,-6.496806e+01,2.992408e-01,1.039030e+02,1.640933e-01,4.785293e+01,8.716203e-01,-1.345785e+01
100.00000,8.649084e-01,-6.973159e+01,2.971500e-01,9.843268e+01,1.732887e-01,4.486788e+01,8.678084e-01,-1.453176e+01
109.64782,8.503163e-01,-7.463659e+01,2.949547e-01,9.281923e+01,1.822193e-01,4.180808e+01,8.639086e-01,-1.567698e+01
120.22644,8.353024e-01,-7.965069e+01,2.926786e-01,8.709963e+01,1.907722e-01,3.869170e+01,8.599970e-01,-1.690015e+01
131.82567,8.201058e-01,-8.473777e+01,2.903465e-01,8.131325e+01,1.988439e-01,3.553734e+01,8.561558e-01,-1.820956e+01
144.54398,8.049780e-01,-8.985909e+01,2.879818e-01,7.550008e+01,2.063452e-01,3.236304e+01,8.524693e-01,-1.961516e+01
158.48932,7.901678e-01,-9.497458e+01,2.856039e-01,6.969894e+01,2.132040e-01,2.918540e+01,8.490194e-01,-2.112861e+01
173.78008,7.759051e-01,-1.000443e+02,2.832263e-01,6.394582e+01,2.193671e-01,2.601880e+01,8.458817e-01,-2.276304e+01
190.54607,7.623891e-01,-1.050297e+02,2.808545e-01,5.827239e+01,2.247995e-01,2.287486e+01,8.431229e-01,-2.453283e+01
208.92961,7.497788e-01,-1.098951e+02,2.784852e-01,5.270498e+01,2.294827e-01,1.976206e+01,8.407999e-01,-2.645318e+01
229.08677,7.381887e-01,-1.146087e+02,2.761055e-01,4.726396e+01,2.334115e-01,1.668567e+01,8.389596e-01,-2.853975e+01
251.18864,7.276892e-01,-1.191435e+02,2.736932e-01,4.196356e+01,2.365900e-01,1.364787e+01,8.376401e-01,-3.080815e+01
275.42287,7.183096e-01,-1.234776e+02,2.712175e-01,3.681216e+01,2.390281e-01,1.064806e+01,8.368724e-01,-3.327350e+01
301.99517,7.100445e-01,-1.275945e+02,2.686394e-01,3.181280e+01,2.407375e-01,7.683365e+00,8.366826e-01,-3.594989e+01
331.13112,7.028608e-01,-1.314830e+02,2.659133e-01,2.696408e+01,2.417289e-01,4.749153e+00,8.370929e-01,-3.884987e+01
363.07805,6.967057e-01,-1.351371e+02,2.629876e-01,2.226109e+01,2.420097e-01,1.839710e+00,8.381236e-01,-4.198386e+01
398.10717,6.915130e-01,-1.385551e+02,2.598068e-01,1.769649e+01,2.415826e-01,-1.051101e+00,8.397924e-01,-4.535949e+01
436.51583,6.872092e-01,-1.417395e+02,2.563126e-01,1.326160e+01,2.404455e-01,-3.929139e+00,8.421145e-01,-4.898096e+01
478.63009,6.837179e-01,-1.446957e+02,2.524461e-01,8.947480e+00,2.385922e-01,-6.799297e+00,8.450999e-01,-5.284829e+01
524.80746,6.809628e-01,-1.474320e+02,2.481503e-01,4.745903e+00,2.360137e-01,-9.664837e+00,8.487516e-01,-5.695664e+01
575.43994,6.788694e-01,-1.499585e+02,2.433729e-01,6.502997e-01,2.327007e-01,-1.252676e+01,8.530614e-01,-6.129569e+01
630.95734,6.773659e-01,-1.522871e+02,2.380695e-01,-3.343467e+00,2.286474e-01,-1.538328e+01,8.580066e-01,-6.584917e+01
691.83097,6.763832e-01,-1.544301e+02,2.322074e-01,-7.236487e+00,2.238546e-01,-1.822938e+01,8.635465e-01,-7.059461e+01
758.57758,6.758546e-01,-1.564005e+02,2.257690e-01,-1.102638e+01,2.183338e-01,-2.105655e+01,8.696202e-01,-7.550353e+01
831.76377,6.757157e-01,-1.582113e+02,2.187554e-01,-1.470712e+01,2.121109e-01,-2.385275e+01,8.761453e-01,-8.054184e+01
912.01084,6.759035e-01,-1.598751e+02,2.111885e-01,-1.826914e+01,2.052291e-01,-2.660256e+01,8.830197e-01,-8.567083e+01
1000.00000,6.763575e-01,-1.614036e+02,2.031119e-01,-2.169968e+01,1.977498e-01,-2.928764e+01,8.901252e-01,-9.084845e+01
1096.47820,6.770193e-01,-1.628081e+02,1.945910e-01,-2.498344e+01,1.897529e-01,-3.188734e+01,8.973331e-01,-9.603093e+01
1202.26443,6.778346e-01,-1.640983e+02,1.857096e-01,-2.810332e+01,1.813346e-01,-3.437957e+01,9.045125e-01,-1.011745e+02
1318.25674,6.787533e-01,-1.652832e+02,1.765667e-01,-3.104146e+01,1.726036e-01,-3.674174e+01,9.115373e-01,-1.062372e+02
1445.43977,6.797317e-01,-1.663706e+02,1.672706e-01,-3.378008e+01,1.636762e-01,-3.895171e+01,9.182946e-01,-1.111804e+02
1584.89319,6.807327e-01,-1.673671e+02,1.579330e-01,-3.630247e+01,1.546707e-01,-4.098870e+01,9.246900e-01,-1.159701e+02
1737.80083,6.817268e-01,-1.682785e+02,1.486635e-01,-3.859368e+01,1.457018e-01,-4.283401e+01,9.306513e-01,-1.205779e+02
1905.46072,6.826919e-01,-1.691100e+02,1.395642e-01,-4.064112e+01,1.368757e-01,-4.447162e+01,9.361302e-01,-1.249813e+02
2089.29613,6.836134e-01,-1.698660e+02,1.307259e-01,-4.243495e+01,1.282866e-01,-4.588853e+01,9.411012e-01,-1.291637e+02
2290.86765,6.844831e-01,-1.705504e+02,1.222253e-01,-4.396828e+01,1.200140e-01,-4.707502e+01,9.455591e-01,-1.331147e+02
2511.88643,6.852986e-01,-1.711667e+02,1.141241e-01,-4.523727e+01,1.121217e-01,-4.802466e+01,9.495154e-01,-1.368285e+02
2754.22870,6.860623e-01,-1.717181e+02,1.064685e-01,-4.624114e+01,1.046579e-01,-4.873440e+01,9.529941e-01,-1.403044e+02
3019.95172,6.867804e-01,-1.722076e+02,9.929047e-02,-4.698215e+01,9.765611e-02,-4.920448e+01,9.560283e-01,-1.435451e+02
3311.31121,6.874621e-01,-1.726379e+02,9.260885e-02,-4.746563e+01,9.113661e-02,-4.943848e+01,9.586561e-01,-1.465566e+02
3630.78055,6.881192e-01,-1.730113e+02,8.643121e-02,-4.769998e+01,8.510812e-02,-4.944328e+01,9.609182e-01,-1.493469e+02
3981.07171,6.887654e-01,-1.733302e+02,8.075566e-02,-4.769676e+01,7.956974e-02,-4.922919e+01,9.628554e-01,-1.519260e+02
4365.15832,6.894161e-01,-1.735966e+02,7.557252e-02,-4.747078e+01,7.451271e-02,-4.880996e+01,9.645071e-01,-1.543047e+02
4786.30092,6.900885e-01,-1.738121e+02,7.086595e-02,-4.704018e+01,6.992193e-02,-4.820289e+01,9.659103e-01,-1.564946e+02
5248.07460,6.908016e-01,-1.739786e+02,6.661530e-02,-4.642647e+01,6.577742e-02,-4.742876e+01,9.670988e-01,-1.585076e+02
5754.39937,6.915765e-01,-1.740972e+02,6.279623e-02,-4.565440e+01,6.205543e-02,-4.651172e+01,9.681032e-01,-1.603556e+02
6309.57344,6.924365e-01,-1.741692e+02,5.938171e-02,-4.475174e+01,5.872942e-02,-4.547898e+01,9.689504e-01,-1.620502e+02
6918.30971,6.934079e-01,-1.741957e+02,5.634274e-02,-4.374883e+01,5.577085e-02,-4.436031e+01,9.696643e-01,-1.636027e+02
7585.77575,6.945203e-01,-1.741775e+02,5.364906e-02,-4.267790e+01,5.314990e-02,-4.318735e+01,9.702656e-01,-1.650238e+02
8317.63771,6.958072e-01,-1.741156e+02,5.126971e-02,-4.157231e+01,5.083601e-02,-4.199276e+01,9.707723e-01,-1.663238e+02
9120.10839,6.973065e-01,-1.740108e+02,4.917350e-02,-4.046562e+01,4.879839e-02,-4.080927e+01,9.711997e-01,-1.675122e+02
10000.00000,6.990614e-01,-1.738642e+02,4.732943e-02,-3.939060e+01,4.700648e-02,-3.966876e+01,9.715613e-01,-1.685982e+02
