! ! 
! S ! 
! ! 
! # MHz  S  MA  R  50.00000
! ! ===================================================================
1.00000,9.912723e-01,-7.945660e-01,2.495432e-01,1.789278e+02,2.338768e-03,8.947209e+01,9.461785e-01,-1.592001e-01
1.09648,9.912683e-01,-8.712208e-01,2.495437e-01,1.788243e+02,2.564389e-03,8.942112e+01,9.461773e-01,-1.745569e-01
1.20226,9.912636e-01,-9.552702e-01,2.495443e-01,1.787108e+02,2.811772e-03,8.936524e+01,9.461759e-01,-1.913952e-01
1.31826,9.912578e-01,-1.047427e+00,2.495450e-01,1.785864e+02,3.083015e-03,8.930398e+01,9.461742e-01,-2.098579e-01
1.44544,9.912509e-01,-1.148474e+00,2.495458e-01,1.784499e+02,3.380416e-03,8.923680e+01,9.461722e-01,-2.301016e-01
1.58489,9.912425e-01,-1.259266e+00,2.495468e-01,1.783003e+02,3.706497e-03,8.916315e+01,9.461697e-01,-2.522981e-01
1.73780,9.912325e-01,-1.380745e+00,2.495480e-01,1.781363e+02,4.064019e-03,8.908240e+01,9.461667e-01,-2.766356e-01
1.90546,9.912205e-01,-1.513940e+00,2.495494e-01,1.779565e+02,4.456012e-03,8.899386e+01,9.461632e-01,-3.033204e-01
2.08930,9.912060e-01,-1.659980e+00,2.495512e-01,1.777594e+02,4.885792e-03,8.889679e+01,9.461589e-01,-3.325787e-01
2.29087,9.911886e-01,-1.820102e+00,2.495533e-01,1.775432e+02,5.356995e-03,8.879036e+01,9.461538e-01,-3.646584e-01
2.51189,9.911677e-01,-1.995663e+00,2.495558e-01,1.773062e+02,5.873606e-03,8.867367e+01,9.461476e-01,-3.998314e-01
2.75423,9.911426e-01,-2.188150e+00,2.495588e-01,1.770464e+02,6.439988e-03,8.854574e+01,9.461402e-01,-4.383954e-01
3.01995,9.911123e-01,-2.399192e+00,2.495624e-01,1.767615e+02,7.060920e-03,8.840547e+01,9.461313e-01,-4.806768e-01
3.31131,9.910760e-01,-2.630573e+00,2.495668e-01,1.764492e+02,7.741636e-03,8.825169e+01,9.461206e-01,-5.270332e-01
3.63078,9.910324e-01,-2.884248e+00,2.495720e-01,1.761068e+02,8.487865e-03,8.808310e+01,9.461077e-01,-5.778563e-01
3.98107,9.909799e-01,-3.162361e+00,2.495783e-01,1.757315e+02,9.305874e-03,8.789827e+01,9.460922e-01,-6.335754e-01
4.36516,9.909168e-01,-3.467257e+00,2.495859e-01,1.753200e+02,1.020252e-02,8.769565e+01,9.460736e-01,-6.946604e-01
4.78630,9.908410e-01,-3.801504e+00,2.495950e-01,1.748690e+02,1.118531e-02,8.747352e+01,9.460512e-01,-7.616259e-01
5.24807,9.907499e-01,-4.167914e+00,2.496059e-01,1.743746e+02,1.226242e-02,8.723004e+01,9.460244e-01,-8.350350e-01
5.75440,9.906405e-01,-4.569562e+00,2.496190e-01,1.738328e+02,1.344281e-02,8.696316e+01,9.459921e-01,-9.155042e-01
6.30957,9.905091e-01,-5.009813e+00,2.496347e-01,1.732389e+02,1.473624e-02,8.667064e+01,9.459533e-01,-1.003707e+00
6.91831,9.903511e-01,-5.492343e+00,2.496537e-01,1.725882e+02,1.615334e-02,8.635005e+01,9.459068e-01,-1.100381e+00
7.58578,9.901615e-01,-6.021172e+00,2.496764e-01,1.718751e+02,1.770569e-02,8.599873e+01,9.458508e-01,-1.206331e+00
8.31764,9.899338e-01,-6.600683e+00,2.497036e-01,1.710939e+02,1.940589e-02,8.561378e+01,9.457837e-01,-1.322435e+00
9.12011,9.896604e-01,-7.235662e+00,2.497363e-01,1.702381e+02,2.126757e-02,8.519204e+01,9.457031e-01,-1.449652e+00
10.00000,9.893324e-01,-7.931317e+00,2.497756e-01,1.693009e+02,2.330553e-02,8.473006e+01,9.456065e-01,-1.589027e+00
10.96478,9.889389e-01,-8.693320e+00,2.498226e-01,1.682748e+02,2.553571e-02,8.422410e+01,9.454906e-01,-1.741695e+00
12.02264,9.884671e-01,-9.527829e+00,2.498789e-01,1.671515e+02,2.797530e-02,8.367012e+01,9.453516e-01,-1.908891e+00
13.18257,9.879016e-01,-1.044152e+01,2.499464e-01,1.659224e+02,3.064269e-02,8.306373e+01,9.451852e-01,-2.091955e+00
14.45440,9.872244e-01,-1.144162e+01,2.500271e-01,1.645781e+02,3.355750e-02,8.240019e+01,9.449859e-01,-2.292336e+00
15.84893,9.864140e-01,-1.253592e+01,2.501235e-01,1.631083e+02,3.674052e-02,8.167440e+01,9.447477e-01,-2.511598e+00
17.37801,9.854451e-01,-1.373279e+01,2.502386e-01,1.615024e+02,4.021362e-02,8.088092e+01,9.444630e-01,-2.751425e+00
19.05461,9.842879e-01,-1.504120e+01,2.503757e-01,1.597491e+02,4.399956e-02,8.001394e+01,9.441233e-01,-3.013620e+00
20.89296,9.829076e-01,-1.647070e+01,2.505389e-01,1.578362e+02,4.812177e-02,7.906729e+01,9.437185e-01,-3.300111e+00
22.90868,9.812640e-01,-1.803138e+01,2.507327e-01,1.557513e+02,5.260394e-02,7.803451e+01,9.432371e-01,-3.612942e+00
25.11886,9.793102e-01,-1.973386e+01,2.509623e-01,1.534817e+02,5.746952e-02,7.690886e+01,9.426657e-01,-3.954273e+00
27.54229,9.769931e-01,-2.158918e+01,2.512334e-01,1.510144e+02,6.274107e-02,7.568341e+01,9.419893e-01,-4.326366e+00
30.19952,9.742520e-01,-2.360866e+01,2.515525e-01,1.483364e+02,6.843934e-02,7.435112e+01,9.411908e-01,-4.731571e+00
33.11311,9.710196e-01,-2.580378e+01,2.519266e-01,1.454354e+02,7.458217e-02,7.290501e+01,9.402516e-01,-5.172311e+00
36.30781,9.672216e-01,-2.818590e+01,2.523632e-01,1.422998e+02,8.118313e-02,7.133832e+01,9.391513e-01,-5.651052e+00
39.81072,9.627780e-01,-3.076600e+01,2.528697e-01,1.389193e+02,8.824991e-02,6.964472e+01,9.378687e-01,-6.170278e+00
43.65158,9.576051e-01,-3.355427e+01,2.534537e-01,1.352859e+02,9.578246e-02,6.781861e+01,9.363817e-01,-6.732464e+00
47.86301,9.516178e-01,-3.655969e+01,2.541218e-01,1.313941e+02,1.037709e-01,6.585543e+01,9.346693e-01,-7.340049e+00
52.48075,9.447342e-01,-3.978946e+01,2.548796e-01,1.272417e+02,1.121937e-01,6.375198e+01,9.327121e-01,-7.995419e+00
57.54399,9.368805e-01,-4.324845e+01,2.557306e-01,1.228311e+02,1.210153e-01,6.150689e+01,9.304943e-01,-8.700915e+00
63.09573,9.279978e-01,-4.693849e+01,2.566754e-01,1.181694e+02,1.301849e-01,5.912089e+01,9.280062e-01,-9.458855e+00
69.18310,9.180495e-01,-5.085774e+01,2.577107e-01,1.132693e+02,1.396353e-01,5.659725e+01,9.252455e-01,-1.027161e+01
75.85776,9.070292e-01,-5.500007e+01,2.588290e-01,1.081493e+02,1.492831e-01,5.394200e+01,9.222204e-01,-1.114171e+01
83.17638,8.949682e-01,-5.935450e+01,2.600171e-01,1.028339e+02,1.590298e-01,5.116403e+01,9.189511e-01,-1.207204e+01
91.20108,8.819414e-01,-6.390489e+01,2.612566e-01,9.735298e+01,1.687645e-01,4.827513e+01,9.154709e-01,-1.306601e+01
100.00000,8.680698e-01,-6.862974e+01,2.625237e-01,9.174133e+01,1.783680e-01,4.528963e+01,9.118264e-01,-1.412789e+01
109.64782,8.535201e-01,-7.350238e+01,2.637895e-01,8.603713e+01,1.877180e-01,4.222399e+01,9.080766e-01,-1.526299e+01
120.22644,8.384985e-01,-7.849142e+01,2.650217e-01,8.028051e+01,1.966951e-01,3.909610e+01,9.042904e-01,-1.647796e+01
131.82567,8.232410e-01,-8.356153e+01,2.661854e-01,7.451174e+01,2.051883e-01,3.592439e+01,9.005429e-01,-1.778097e+01
144.54398,8.079994e-01,-8.867450e+01,2.672446e-01,6.876946e+01,2.131003e-01,3.272695e+01,8.969115e-01,-1.918177e+01
158.48932,7.930261e-01,-9.379047e+01,2.681638e-01,6.308897e+01,2.203513e-01,2.952062e+01,8.934714e-01,-2.069171e+01
173.78008,7.785579e-01,-9.886939e+01,2.689087e-01,5.750090e+01,2.268805e-01,2.632017e+01,8.902921e-01,-2.232358e+01
190.54607,7.648032e-01,-1.038724e+02,2.694468e-01,5.203019e+01,2.326464e-01,2.313772e+01,8.874345e-01,-2.409136e+01
208.92961,7.519316e-01,-1.087631e+02,2.697473e-01,4.669567e+01,2.376250e-01,1.998232e+01,8.849492e-01,-2.600989e+01
229.08677,7.400687e-01,-1.135088e+02,2.697806e-01,4.150988e+01,2.418067e-01,1.685984e+01,8.828767e-01,-2.809450e+01
251.18864,7.292953e-01,-1.180813e+02,2.695176e-01,3.647950e+01,2.451924e-01,1.377304e+01,8.812481e-01,-3.036054e+01
275.42287,7.196499e-01,-1.224576e+02,2.689289e-01,3.160591e+01,2.477895e-01,1.072192e+01,8.800866e-01,-3.282296e+01
301.99517,7.111347e-01,-1.266202e+02,2.679832e-01,2.688601e+01,2.496084e-01,7.704117e+00,8.794094e-01,-3.549579e+01
331.13112,7.037224e-01,-1.305566e+02,2.666472e-01,2.231327e+01,2.506587e-01,4.715501e+00,8.792293e-01,-3.839162e+01
363.07805,6.973640e-01,-1.342599e+02,2.648849e-01,1.787867e+01,2.509473e-01,1.750831e+00,8.795563e-01,-4.152101e+01
398.10717,6.919956e-01,-1.377275e+02,2.626576e-01,1.357181e+01,2.504769e-01,-1.195562e+00,8.803977e-01,-4.489187e+01
436.51583,6.875445e-01,-1.409610e+02,2.599246e-01,9.381874e+00,2.492455e-01,-4.129066e+00,8.817586e-01,-4.850875e+01
478.63009,6.839338e-01,-1.439654e+02,2.566445e-01,5.298633e+00,2.472474e-01,-7.054074e+00,8.836402e-01,-5.237214e+01
524.80746,6.810859e-01,-1.467486e+02,2.527774e-01,1.313307e+00,2.444745e-01,-9.973306e+00,8.860385e-01,-5.647769e+01
575.43994,6.789242e-01,-1.493205e+02,2.482874e-01,-2.580632e+00,2.409196e-01,-1.288718e+01,8.889418e-01,-6.081561e+01
630.95734,6.773740e-01,-1.516925e+02,2.431462e-01,-6.386804e+00,2.365793e-01,-1.579329e+01,8.923284e-01,-6.537014e+01
691.83097,6.763634e-01,-1.538772e+02,2.373367e-01,-1.010542e+01,2.314583e-01,-1.868595e+01,8.961638e-01,-7.011928e+01
758.57758,6.758221e-01,-1.558875e+02,2.308569e-01,-1.373299e+01,2.255733e-01,-2.155604e+01,9.003993e-01,-7.503483e+01
831.76377,6.756822e-01,-1.577363e+02,2.237231e-01,-1.726225e+01,2.189564e-01,-2.439091e+01,9.049715e-01,-8.008289e+01
912.01084,6.758774e-01,-1.594361e+02,2.159723e-01,-2.068238e+01,2.116578e-01,-2.717465e+01,9.098035e-01,-8.522475e+01
1000.00000,6.763438e-01,-1.609990e+02,2.076630e-01,-2.397943e+01,2.037472e-01,-2.988856e+01,9.148073e-01,-9.041815e+01
1096.47820,6.770204e-01,-1.624358e+02,1.988745e-01,-2.713707e+01,1.953129e-01,-3.251182e+01,9.198884e-01,-9.561895e+01
1202.26443,6.778506e-01,-1.637566e+02,1.897036e-01,-3.013738e+01,1.864591e-01,-3.502239e+01,9.249511e-01,-1.007829e+02
1318.25674,6.787828e-01,-1.649703e+02,1.802606e-01,-3.296188e+01,1.773019e-01,-3.739793e+01,9.299046e-01,-1.058675e+02
1445.43977,6.797720e-01,-1.660844e+02,1.706635e-01,-3.559243e+01,1.679641e-01,-3.961675e+01,9.346675e-01,-1.108335e+02
1584.89319,6.807808e-01,-1.671059e+02,1.610318e-01,-3.801211e+01,1.585689e-01,-4.165867e+01,9.391726e-01,-1.156463e+02
1737.80083,6.817796e-01,-1.680404e+02,1.514807e-01,-4.020595e+01,1.492344e-01,-4.350571e+01,9.433690e-01,-1.202772e+02
1905.46072,6.827465e-01,-1.688933e+02,1.421162e-01,-4.216141e+01,1.400689e-01,-4.514261e+01,9.472227e-01,-1.247030e+02
2089.29613,6.836674e-01,-1.696688e+02,1.330313e-01,-4.386877e+01,1.311672e-01,-4.655711e+01,9.507165e-01,-1.289071e+02
2290.86765,6.845347e-01,-1.703711e+02,1.243038e-01,-4.532121e+01,1.226088e-01,-4.774019e+01,9.538472e-01,-1.328786e+02
2511.88643,6.853464e-01,-1.710038e+02,1.159952e-01,-4.651495e+01,1.144563e-01,-4.868601e+01,9.566236e-01,-1.366119e+02
2754.22870,6.861055e-01,-1.715702e+02,1.081512e-01,-4.744919e+01,1.067565e-01,-4.939195e+01,9.590633e-01,-1.401059e+02
3019.95172,6.868184e-01,-1.720733e+02,1.008025e-01,-4.812606e+01,9.954105e-02,-4.985857e+01,9.611900e-01,-1.433634e+02
3311.31121,6.874948e-01,-1.725159e+02,9.396673e-02,-4.855066e+01,9.282837e-02,-5.008958e+01,9.630310e-01,-1.463904e+02
3630.78055,6.881466e-01,-1.729007e+02,8.764998e-02,-4.873105e+01,8.662532e-02,-5.009184e+01,9.646151e-01,-1.491951e+02
3981.07171,6.887876e-01,-1.732298e+02,8.184895e-02,-4.867837e+01,8.092922e-02,-4.987548e+01,9.659713e-01,-1.517873e+02
4365.15832,6.894334e-01,-1.735055e+02,7.655269e-02,-4.840689e+01,7.572968e-02,-4.945397e+01,9.671275e-01,-1.541781e+02
4786.30092,6.901011e-01,-1.737297e+02,7.174415e-02,-4.793419e+01,7.101018e-02,-4.884417e+01,9.681097e-01,-1.563791e+02
5248.07460,6.908098e-01,-1.739039e+02,6.740164e-02,-4.728112e+01,6.674946e-02,-4.806640e+01,9.689418e-01,-1.584022e+02
5754.39937,6.915804e-01,-1.740296e+02,6.349989e-02,-4.647183e+01,6.292265e-02,-4.714430e+01,9.696451e-01,-1.602594e+02
6309.57344,6.924362e-01,-1.741081e+02,6.001104e-02,-4.553345e+01,5.950226e-02,-4.610460e+01,9.702389e-01,-1.619625e+02
6918.30971,6.934035e-01,-1.741406e+02,5.690542e-02,-4.449578e+01,5.645892e-02,-4.497664e+01,9.707397e-01,-1.635227e+02
7585.77575,6.945116e-01,-1.741279e+02,5.415215e-02,-4.339058e+01,5.376206e-02,-4.379175e+01,9.711622e-01,-1.649508e+02
8317.63771,6.957941e-01,-1.740710e+02,5.171968e-02,-4.225088e+01,5.138044e-02,-4.258241e+01,9.715191e-01,-1.662572e+02
9120.10839,6.972888e-01,-1.739708e+02,4.957631e-02,-4.110999e+01,4.928266e-02,-4.138134e+01,9.718212e-01,-1.674515e+02
10000.00000,6.990388e-01,-1.738283e+02,4.769057e-02,-4.000061e+01,4.743755e-02,-4.022055e+01,9.720780e-01,-1.685428e+02
