! ! 
! S ! 
! ! 
! # MHz  S  MA  R  50.00000
! ! ===================================================================
1.00000,9.912720e-01,-7.945946e-01,2.497142e-01,1.789277e+02,2.340772e-03,8.947201e+01,9.476253e-01,-1.592098e-01
1.09648,9.912680e-01,-8.712522e-01,2.497146e-01,1.788241e+02,2.566587e-03,8.942103e+01,9.476242e-01,-1.745676e-01
1.20226,9.912632e-01,-9.553046e-01,2.497152e-01,1.787106e+02,2.814182e-03,8.936515e+01,9.476228e-01,-1.914070e-01
1.31826,9.912574e-01,-1.047465e+00,2.497159e-01,1.785861e+02,3.085657e-03,8.930387e+01,9.476210e-01,-2.098710e-01
1.44544,9.912505e-01,-1.148515e+00,2.497167e-01,1.784497e+02,3.383314e-03,8.923669e+01,9.476190e-01,-2.301161e-01
1.58489,9.912422e-01,-1.259312e+00,2.497177e-01,1.783001e+02,3.709674e-03,8.916303e+01,9.476165e-01,-2.523140e-01
1.73780,9.912322e-01,-1.380795e+00,2.497189e-01,1.781360e+02,4.067503e-03,8.908227e+01,9.476136e-01,-2.766531e-01
1.90546,9.912201e-01,-1.513994e+00,2.497204e-01,1.779562e+02,4.459831e-03,8.899372e+01,9.476100e-01,-3.033396e-01
2.08930,9.912056e-01,-1.660039e+00,2.497221e-01,1.777590e+02,4.889979e-03,8.889664e+01,9.476057e-01,-3.325998e-01
2.29087,9.911882e-01,-1.820167e+00,2.497242e-01,1.775428e+02,5.361587e-03,8.879019e+01,9.476006e-01,-3.646817e-01
2.51189,9.911673e-01,-1.995735e+00,2.497267e-01,1.773058e+02,5.878640e-03,8.867348e+01,9.475944e-01,-3.998569e-01
2.75423,9.911422e-01,-2.188229e+00,2.497298e-01,1.770459e+02,6.445508e-03,8.854553e+01,9.475870e-01,-4.384234e-01
3.01995,9.911119e-01,-2.399278e+00,2.497334e-01,1.767610e+02,7.066972e-03,8.840525e+01,9.475780e-01,-4.807076e-01
3.31131,9.910756e-01,-2.630667e+00,2.497378e-01,1.764487e+02,7.748271e-03,8.825144e+01,9.475673e-01,-5.270670e-01
3.63078,9.910319e-01,-2.884352e+00,2.497430e-01,1.761062e+02,8.495139e-03,8.808283e+01,9.475544e-01,-5.778934e-01
3.98107,9.909795e-01,-3.162475e+00,2.497493e-01,1.757308e+02,9.313850e-03,8.789797e+01,9.475389e-01,-6.336161e-01
4.36516,9.909164e-01,-3.467382e+00,2.497569e-01,1.753193e+02,1.021127e-02,8.769532e+01,9.475202e-01,-6.947050e-01
4.78630,9.908406e-01,-3.801641e+00,2.497660e-01,1.748682e+02,1.119489e-02,8.747317e+01,9.474978e-01,-7.616748e-01
5.24807,9.907495e-01,-4.168064e+00,2.497769e-01,1.743738e+02,1.227293e-02,8.722965e+01,9.474709e-01,-8.350887e-01
5.75440,9.906400e-01,-4.569726e+00,2.497901e-01,1.738318e+02,1.345433e-02,8.696273e+01,9.474386e-01,-9.155629e-01
6.30957,9.905085e-01,-5.009992e+00,2.498058e-01,1.732379e+02,1.474887e-02,8.667017e+01,9.473997e-01,-1.003772e+00
6.91831,9.903506e-01,-5.492540e+00,2.498248e-01,1.725870e+02,1.616718e-02,8.634954e+01,9.473530e-01,-1.100452e+00
7.58578,9.901609e-01,-6.021388e+00,2.498475e-01,1.718738e+02,1.772086e-02,8.599817e+01,9.472970e-01,-1.206408e+00
8.31764,9.899331e-01,-6.600920e+00,2.498748e-01,1.710925e+02,1.942251e-02,8.561316e+01,9.472297e-01,-1.322520e+00
9.12011,9.896597e-01,-7.235921e+00,2.499076e-01,1.702366e+02,2.128579e-02,8.519136e+01,9.471490e-01,-1.449745e+00
10.00000,9.893316e-01,-7.931601e+00,2.499469e-01,1.692993e+02,2.332549e-02,8.472932e+01,9.470521e-01,-1.589128e+00
10.96478,9.889380e-01,-8.693630e+00,2.499940e-01,1.682730e+02,2.555758e-02,8.422329e+01,9.469360e-01,-1.741806e+00
12.02264,9.884661e-01,-9.528168e+00,2.500504e-01,1.671495e+02,2.799926e-02,8.366924e+01,9.467967e-01,-1.909013e+00
13.18257,9.879005e-01,-1.044189e+01,2.501180e-01,1.659203e+02,3.066892e-02,8.306276e+01,9.466299e-01,-2.092088e+00
14.45440,9.872232e-01,-1.144203e+01,2.501988e-01,1.645757e+02,3.358622e-02,8.239912e+01,9.464303e-01,-2.292481e+00
15.84893,9.864126e-01,-1.253636e+01,2.502954e-01,1.631057e+02,3.677196e-02,8.167323e+01,9.461915e-01,-2.511757e+00
17.37801,9.854434e-01,-1.373328e+01,2.504107e-01,1.614996e+02,4.024802e-02,8.087964e+01,9.459062e-01,-2.751597e+00
19.05461,9.842860e-01,-1.504173e+01,2.505481e-01,1.597459e+02,4.403719e-02,8.001254e+01,9.455658e-01,-3.013808e+00
20.89296,9.829054e-01,-1.647127e+01,2.507116e-01,1.578328e+02,4.816291e-02,7.906576e+01,9.451601e-01,-3.300315e+00
22.90868,9.812614e-01,-1.803201e+01,2.509057e-01,1.557476e+02,5.264888e-02,7.803284e+01,9.446777e-01,-3.613164e+00
25.11886,9.793073e-01,-1.973454e+01,2.511356e-01,1.534777e+02,5.751859e-02,7.690703e+01,9.441051e-01,-3.954514e+00
27.54229,9.769896e-01,-2.158992e+01,2.514072e-01,1.510100e+02,6.279460e-02,7.568141e+01,9.434272e-01,-4.326626e+00
30.19952,9.742479e-01,-2.360946e+01,2.517269e-01,1.483316e+02,6.849767e-02,7.434894e+01,9.426271e-01,-4.731852e+00
33.11311,9.710148e-01,-2.580465e+01,2.521017e-01,1.454302e+02,7.464567e-02,7.290263e+01,9.416858e-01,-5.172614e+00
36.30781,9.672160e-01,-2.818684e+01,2.525389e-01,1.422942e+02,8.125217e-02,7.133573e+01,9.405832e-01,-5.651376e+00
39.81072,9.627716e-01,-3.076700e+01,2.530463e-01,1.389133e+02,8.832486e-02,6.964190e+01,9.392978e-01,-6.170624e+00
43.65158,9.575976e-01,-3.355534e+01,2.536312e-01,1.352794e+02,9.586366e-02,6.781555e+01,9.378076e-01,-6.732831e+00
47.86301,9.516091e-01,-3.656083e+01,2.543005e-01,1.313871e+02,1.038587e-01,6.585210e+01,9.360915e-01,-7.340435e+00
52.48075,9.447242e-01,-3.979068e+01,2.550595e-01,1.272342e+02,1.122884e-01,6.374837e+01,9.341300e-01,-7.995825e+00
57.54399,9.368691e-01,-4.324973e+01,2.559119e-01,1.228231e+02,1.211172e-01,6.150298e+01,9.319075e-01,-8.701337e+00
63.09573,9.279848e-01,-4.693983e+01,2.568582e-01,1.181609e+02,1.302942e-01,5.911667e+01,9.294138e-01,-9.459289e+00
69.18310,9.180347e-01,-5.085914e+01,2.578953e-01,1.132603e+02,1.397522e-01,5.659270e+01,9.266470e-01,-1.027205e+01
75.85776,9.070126e-01,-5.500151e+01,2.590153e-01,1.081398e+02,1.494076e-01,5.393709e+01,9.236151e-01,-1.114216e+01
83.17638,8.949498e-01,-5.935597e+01,2.602052e-01,1.028239e+02,1.591618e-01,5.115877e+01,9.203384e-01,-1.207248e+01
91.20108,8.819210e-01,-6.390637e+01,2.614466e-01,9.734252e+01,1.689039e-01,4.826948e+01,9.168500e-01,-1.306645e+01
100.00000,8.680476e-01,-6.863122e+01,2.627155e-01,9.173043e+01,1.785146e-01,4.528359e+01,9.131968e-01,-1.412831e+01
109.64782,8.534960e-01,-7.350383e+01,2.639832e-01,8.602582e+01,1.878715e-01,4.221754e+01,9.094377e-01,-1.526338e+01
120.22644,8.384726e-01,-7.849283e+01,2.652171e-01,8.026880e+01,1.968550e-01,3.908922e+01,9.056416e-01,-1.647832e+01
131.82567,8.232135e-01,-8.356288e+01,2.663823e-01,7.449966e+01,2.053541e-01,3.591705e+01,9.018837e-01,-1.778129e+01
144.54398,8.079706e-01,-8.867575e+01,2.674429e-01,6.875701e+01,2.132714e-01,3.271914e+01,8.982415e-01,-1.918205e+01
158.48932,7.929961e-01,-9.379162e+01,2.683631e-01,6.307617e+01,2.205269e-01,2.951230e+01,8.947901e-01,-2.069194e+01
173.78008,7.785270e-01,-9.887041e+01,2.691086e-01,5.748773e+01,2.270600e-01,2.631132e+01,8.915990e-01,-2.232376e+01
190.54607,7.647716e-01,-1.038732e+02,2.696469e-01,5.201664e+01,2.328289e-01,2.312829e+01,8.887288e-01,-2.409149e+01
208.92961,7.518996e-01,-1.087638e+02,2.699471e-01,4.668171e+01,2.378098e-01,1.997227e+01,8.862303e-01,-2.600997e+01
229.08677,7.400366e-01,-1.135093e+02,2.699796e-01,4.149549e+01,2.419928e-01,1.684913e+01,8.841437e-01,-2.809452e+01
251.18864,7.292633e-01,-1.180816e+02,2.697154e-01,3.646463e+01,2.453790e-01,1.376163e+01,8.824998e-01,-3.036052e+01
275.42287,7.196182e-01,-1.224578e+02,2.691246e-01,3.159050e+01,2.479757e-01,1.070976e+01,8.813216e-01,-3.282290e+01
301.99517,7.111036e-01,-1.266201e+02,2.681763e-01,2.687002e+01,2.497933e-01,7.691150e+00,8.806259e-01,-3.549570e+01
331.13112,7.036922e-01,-1.305564e+02,2.668369e-01,2.229665e+01,2.508414e-01,4.701687e+00,8.804252e-01,-3.839151e+01
363.07805,6.973349e-01,-1.342595e+02,2.650705e-01,1.786137e+01,2.511269e-01,1.736131e+00,8.807292e-01,-4.152090e+01
398.10717,6.919678e-01,-1.377268e+02,2.628381e-01,1.355379e+01,2.506523e-01,-1.211182e+00,8.815447e-01,-4.489177e+01
436.51583,6.875182e-01,-1.409602e+02,2.600992e-01,9.363101e+00,2.494158e-01,-4.145626e+00,8.828765e-01,-4.850870e+01
478.63009,6.839093e-01,-1.439644e+02,2.568123e-01,5.279089e+00,2.474114e-01,-7.071581e+00,8.847255e-01,-5.237215e+01
524.80746,6.810634e-01,-1.467475e+02,2.529375e-01,1.292994e+00,2.446314e-01,-9.991749e+00,8.870875e-01,-5.647780e+01
575.43994,6.789038e-01,-1.493192e+02,2.484389e-01,-2.601693e+00,2.410684e-01,-1.290653e+01,8.899506e-01,-6.081585e+01
630.95734,6.773559e-01,-1.516912e+02,2.432883e-01,-6.408566e+00,2.367191e-01,-1.581348e+01,8.932929e-01,-6.537054e+01
691.83097,6.763476e-01,-1.538759e+02,2.374687e-01,-1.012781e+01,2.315884e-01,-1.870690e+01,8.970801e-01,-7.011986e+01
758.57758,6.758087e-01,-1.558861e+02,2.309782e-01,-1.375591e+01,2.256930e-01,-2.157764e+01,9.012639e-01,-7.503562e+01
831.76377,6.756710e-01,-1.577348e+02,2.238334e-01,-1.728557e+01,2.190653e-01,-2.441303e+01,9.057813e-01,-8.008392e+01
912.01084,6.758684e-01,-1.594347e+02,2.160714e-01,-2.070595e+01,2.117558e-01,-2.719713e+01,9.105560e-01,-8.522601e+01
1000.00000,6.763369e-01,-1.609976e+02,2.077511e-01,-2.400310e+01,2.038344e-01,-2.991122e+01,9.155009e-01,-9.041965e+01
1096.47820,6.770154e-01,-1.624345e+02,1.989517e-01,-2.716065e+01,1.953894e-01,-3.253449e+01,9.205223e-01,-9.562069e+01
1202.26443,6.778471e-01,-1.637554e+02,1.897705e-01,-3.016070e+01,1.865255e-01,-3.504488e+01,9.255258e-01,-1.007849e+02
1318.25674,6.787806e-01,-1.649691e+02,1.803180e-01,-3.298477e+01,1.773589e-01,-3.742006e+01,9.304211e-01,-1.058696e+02
1445.43977,6.797709e-01,-1.660834e+02,1.707121e-01,-3.561472e+01,1.680124e-01,-3.963836e+01,9.351281e-01,-1.108357e+02
1584.89319,6.807805e-01,-1.671049e+02,1.610725e-01,-3.803367e+01,1.586095e-01,-4.167960e+01,9.395801e-01,-1.156487e+02
1737.80083,6.817798e-01,-1.680396e+02,1.515145e-01,-4.022665e+01,1.492681e-01,-4.352585e+01,9.437269e-01,-1.202796e+02
1905.46072,6.827472e-01,-1.688925e+02,1.421441e-01,-4.218117e+01,1.400967e-01,-4.516185e+01,9.475350e-01,-1.247055e+02
2089.29613,6.836684e-01,-1.696681e+02,1.330542e-01,-4.388751e+01,1.311901e-01,-4.657540e+01,9.509872e-01,-1.289096e+02
2290.86765,6.845358e-01,-1.703705e+02,1.243224e-01,-4.533890e+01,1.226274e-01,-4.775746e+01,9.540806e-01,-1.328811e+02
2511.88643,6.853476e-01,-1.710032e+02,1.160103e-01,-4.653157e+01,1.144714e-01,-4.870225e+01,9.568238e-01,-1.366143e+02
2754.22870,6.861067e-01,-1.715697e+02,1.081634e-01,-4.746473e+01,1.067688e-01,-4.940716e+01,9.592343e-01,-1.401081e+02
3019.95172,6.868196e-01,-1.720728e+02,1.008124e-01,-4.814055e+01,9.955102e-02,-4.987276e+01,9.613354e-01,-1.433656e+02
3311.31121,6.874959e-01,-1.725155e+02,9.397475e-02,-4.856412e+01,9.283648e-02,-5.010277e+01,9.631542e-01,-1.463925e+02
3630.78055,6.881477e-01,-1.729002e+02,8.765649e-02,-4.874353e+01,8.663192e-02,-5.010408e+01,9.647193e-01,-1.491970e+02
3981.07171,6.887886e-01,-1.732294e+02,8.185427e-02,-4.868991e+01,8.093463e-02,-4.988681e+01,9.660591e-01,-1.517891e+02
4365.15832,6.894344e-01,-1.735051e+02,7.655706e-02,-4.841755e+01,7.573414e-02,-4.946444e+01,9.672014e-01,-1.541798e+02
4786.30092,6.901021e-01,-1.737293e+02,7.174778e-02,-4.794403e+01,7.101389e-02,-4.885385e+01,9.681717e-01,-1.563806e+02
5248.07460,6.908108e-01,-1.739035e+02,6.740468e-02,-4.729020e+01,6.675258e-02,-4.807534e+01,9.689937e-01,-1.584037e+02
5754.39937,6.915814e-01,-1.740292e+02,6.350247e-02,-4.648020e+01,6.292530e-02,-4.715256e+01,9.696886e-01,-1.602608e+02
6309.57344,6.924373e-01,-1.741077e+02,6.001326e-02,-4.554119e+01,5.950454e-02,-4.611223e+01,9.702752e-01,-1.619637e+02
6918.30971,6.934047e-01,-1.741402e+02,5.690735e-02,-4.450293e+01,5.646091e-02,-4.498370e+01,9.707700e-01,-1.635238e+02
7585.77575,6.945130e-01,-1.741275e+02,5.415385e-02,-4.339721e+01,5.376381e-02,-4.379830e+01,9.711875e-01,-1.649519e+02
8317.63771,6.957957e-01,-1.740705e+02,5.172119e-02,-4.225704e+01,5.138201e-02,-4.258851e+01,9.715402e-01,-1.662582e+02
9120.10839,6.972907e-01,-1.739703e+02,4.957768e-02,-4.111574e+01,4.928407e-02,-4.138704e+01,9.718388e-01,-1.674524e+02
10000.00000,6.990410e-01,-1.738278e+02,4.769182e-02,-4.000599e+01,4.743884e-02,-4.022589e+01,9.720926e-01,-1.685436e+02
