! ! 
! S ! 
! ! 
! # MHz  S  MA  R  50.00000
! ! ===================================================================
1.00000,9.912721e-01,-7.941908e-01,2.440615e-01,1.789296e+02,2.287091e-03,8.947379e+01,9.031757e-01,-1.594940e-01
1.09648,9.912681e-01,-8.708094e-01,2.440620e-01,1.788263e+02,2.507727e-03,8.942299e+01,9.031746e-01,-1.748791e-01
1.20226,9.912633e-01,-9.548191e-01,2.440626e-01,1.787130e+02,2.749644e-03,8.936729e+01,9.031733e-01,-1.917485e-01
1.31826,9.912576e-01,-1.046933e+00,2.440632e-01,1.785887e+02,3.014894e-03,8.930622e+01,9.031717e-01,-2.102453e-01
1.44544,9.912507e-01,-1.147931e+00,2.440641e-01,1.784525e+02,3.305724e-03,8.923927e+01,9.031698e-01,-2.305264e-01
1.58489,9.912424e-01,-1.258672e+00,2.440650e-01,1.783032e+02,3.624600e-03,8.916586e+01,9.031674e-01,-2.527639e-01
1.73780,9.912324e-01,-1.380093e+00,2.440662e-01,1.781394e+02,3.974223e-03,8.908537e+01,9.031647e-01,-2.771463e-01
1.90546,9.912205e-01,-1.513225e+00,2.440677e-01,1.779599e+02,4.357554e-03,8.899711e+01,9.031613e-01,-3.038804e-01
2.08930,9.912061e-01,-1.659196e+00,2.440694e-01,1.777631e+02,4.777838e-03,8.890036e+01,9.031573e-01,-3.331928e-01
2.29087,9.911887e-01,-1.819243e+00,2.440714e-01,1.775473e+02,5.238631e-03,8.879427e+01,9.031524e-01,-3.653318e-01
2.51189,9.911679e-01,-1.994721e+00,2.440739e-01,1.773107e+02,5.743828e-03,8.867796e+01,9.031466e-01,-4.005698e-01
2.75423,9.911429e-01,-2.187117e+00,2.440769e-01,1.770513e+02,6.297697e-03,8.855043e+01,9.031396e-01,-4.392051e-01
3.01995,9.911128e-01,-2.398059e+00,2.440805e-01,1.767669e+02,6.904911e-03,8.841062e+01,9.031312e-01,-4.815646e-01
3.31131,9.910767e-01,-2.629331e+00,2.440848e-01,1.764551e+02,7.570588e-03,8.825734e+01,9.031211e-01,-5.280068e-01
3.63078,9.910332e-01,-2.882888e+00,2.440900e-01,1.761133e+02,8.300330e-03,8.808929e+01,9.031090e-01,-5.789240e-01
3.98107,9.909810e-01,-3.160870e+00,2.440962e-01,1.757386e+02,9.100269e-03,8.790506e+01,9.030944e-01,-6.347463e-01
4.36516,9.909182e-01,-3.465622e+00,2.441036e-01,1.753278e+02,9.977110e-03,8.770309e+01,9.030769e-01,-6.959445e-01
4.78630,9.908428e-01,-3.799713e+00,2.441126e-01,1.748775e+02,1.093819e-02,8.748168e+01,9.030558e-01,-7.630341e-01
5.24807,9.907521e-01,-4.165950e+00,2.441234e-01,1.743840e+02,1.199151e-02,8.723899e+01,9.030305e-01,-8.365796e-01
5.75440,9.906432e-01,-4.567410e+00,2.441364e-01,1.738430e+02,1.314583e-02,8.697296e+01,9.030001e-01,-9.171982e-01
6.30957,9.905124e-01,-5.007455e+00,2.441519e-01,1.732501e+02,1.441069e-02,8.668139e+01,9.029635e-01,-1.005565e+00
6.91831,9.903552e-01,-5.489760e+00,2.441706e-01,1.726004e+02,1.579650e-02,8.636183e+01,9.029197e-01,-1.102420e+00
7.58578,9.901664e-01,-6.018342e+00,2.441930e-01,1.718886e+02,1.731458e-02,8.601165e+01,9.028670e-01,-1.208567e+00
8.31764,9.899398e-01,-6.597585e+00,2.442200e-01,1.711086e+02,1.897724e-02,8.562794e+01,9.028037e-01,-1.324889e+00
9.12011,9.896677e-01,-7.232269e+00,2.442523e-01,1.702543e+02,2.079783e-02,8.520756e+01,9.027278e-01,-1.452345e+00
10.00000,9.893412e-01,-7.927604e+00,2.442910e-01,1.693186e+02,2.279081e-02,8.474707e+01,9.026367e-01,-1.591982e+00
10.96478,9.889496e-01,-8.689257e+00,2.443375e-01,1.682942e+02,2.497180e-02,8.424275e+01,9.025275e-01,-1.744939e+00
12.02264,9.884799e-01,-9.523385e+00,2.443931e-01,1.671728e+02,2.735758e-02,8.369056e+01,9.023965e-01,-1.912453e+00
13.18257,9.879171e-01,-1.043666e+01,2.444598e-01,1.659457e+02,2.996616e-02,8.308612e+01,9.022397e-01,-2.095867e+00
14.45440,9.872431e-01,-1.143632e+01,2.445395e-01,1.646036e+02,3.281674e-02,8.242471e+01,9.020520e-01,-2.296633e+00
15.84893,9.864364e-01,-1.253013e+01,2.446347e-01,1.631363e+02,3.592965e-02,8.170126e+01,9.018275e-01,-2.516321e+00
17.37801,9.854720e-01,-1.372647e+01,2.447484e-01,1.615331e+02,3.932631e-02,8.091034e+01,9.015592e-01,-2.756617e+00
19.05461,9.843201e-01,-1.503432e+01,2.448840e-01,1.597826e+02,4.302899e-02,8.004614e+01,9.012392e-01,-3.019332e+00
20.89296,9.829462e-01,-1.646321e+01,2.450452e-01,1.578728e+02,4.706062e-02,7.910254e+01,9.008579e-01,-3.306397e+00
22.90868,9.813101e-01,-1.802324e+01,2.452367e-01,1.557914e+02,5.144440e-02,7.807308e+01,9.004043e-01,-3.619866e+00
25.11886,9.793653e-01,-1.972504e+01,2.454635e-01,1.535256e+02,5.620333e-02,7.695104e+01,8.998661e-01,-3.961905e+00
27.54229,9.770586e-01,-2.157963e+01,2.457315e-01,1.510623e+02,6.135950e-02,7.572952e+01,8.992290e-01,-4.334786e+00
30.19952,9.743298e-01,-2.359835e+01,2.460469e-01,1.483887e+02,6.693328e-02,7.440150e+01,8.984769e-01,-4.740871e+00
33.11311,9.711118e-01,-2.579269e+01,2.464167e-01,1.454925e+02,7.294222e-02,7.296002e+01,8.975924e-01,-5.182594e+00
36.30781,9.673305e-01,-2.817401e+01,2.468483e-01,1.423621e+02,7.939967e-02,7.139834e+01,8.965565e-01,-5.662436e+00
39.81072,9.629062e-01,-3.075330e+01,2.473491e-01,1.389872e+02,8.631330e-02,6.971015e+01,8.953490e-01,-6.182897e+00
43.65158,9.577554e-01,-3.354079e+01,2.479266e-01,1.353598e+02,9.368318e-02,6.788987e+01,8.939496e-01,-6.746474e+00
47.86301,9.517933e-01,-3.654545e+01,2.485875e-01,1.314744e+02,1.014999e-01,6.593294e+01,8.923384e-01,-7.355624e+00
52.48075,9.449381e-01,-3.977454e+01,2.493374e-01,1.273289e+02,1.097425e-01,6.383620e+01,8.904975e-01,-8.012762e+00
57.54399,9.371160e-01,-4.323294e+01,2.501797e-01,1.229257e+02,1.183765e-01,6.159827e+01,8.884126e-01,-8.720252e+00
63.09573,9.282681e-01,-4.692253e+01,2.511153e-01,1.182717e+02,1.273524e-01,5.921991e+01,8.860748e-01,-9.480442e+00
69.18310,9.183574e-01,-5.084150e+01,2.521411e-01,1.133799e+02,1.366049e-01,5.670439e+01,8.834831e-01,-1.029573e+01
75.85776,9.073773e-01,-5.498376e+01,2.532497e-01,1.082686e+02,1.460525e-01,5.405774e+01,8.806459e-01,-1.116869e+01
83.17638,8.953585e-01,-5.933840e+01,2.544286e-01,1.029623e+02,1.555991e-01,5.128887e+01,8.775835e-01,-1.210221e+01
91.20108,8.823750e-01,-6.388929e+01,2.556597e-01,9.749112e+01,1.651365e-01,4.840959e+01,8.743289e-01,-1.309977e+01
100.00000,8.685472e-01,-6.861497e+01,2.569198e-01,9.188967e+01,1.745483e-01,4.543425e+01,8.709282e-01,-1.416562e+01
109.64782,8.540404e-01,-7.348881e+01,2.581809e-01,8.619621e+01,1.837150e-01,4.237936e+01,8.674393e-01,-1.530510e+01
120.22644,8.390601e-01,-7.847944e+01,2.594114e-01,8.045093e+01,1.925200e-01,3.926284e+01,8.639302e-01,-1.652490e+01
131.82567,8.238411e-01,-8.355151e+01,2.605771e-01,7.469418e+01,2.008546e-01,3.610320e+01,8.604753e-01,-1.783316e+01
144.54398,8.086345e-01,-8.866680e+01,2.616432e-01,6.896466e+01,2.086240e-01,3.291861e+01,8.571517e-01,-1.923966e+01
158.48932,7.936917e-01,-9.378544e+01,2.625751e-01,6.329777e+01,2.157501e-01,2.972599e+01,8.540350e-01,-2.075573e+01
173.78008,7.792491e-01,-9.886735e+01,2.633396e-01,5.772424e+01,2.221736e-01,2.654022e+01,8.511962e-01,-2.239415e+01
190.54607,7.655145e-01,-1.038736e+02,2.639053e-01,5.226912e+01,2.278544e-01,2.337350e+01,8.486989e-01,-2.416888e+01
208.92961,7.526572e-01,-1.087678e+02,2.642426e-01,4.695131e+01,2.327693e-01,2.023498e+01,8.465977e-01,-2.609471e+01
229.08677,7.408026e-01,-1.135171e+02,2.643233e-01,4.178347e+01,2.369095e-01,1.713061e+01,8.449385e-01,-2.818694e+01
251.18864,7.300313e-01,-1.180934e+02,2.641197e-01,3.677232e+01,2.402765e-01,1.406321e+01,8.437594e-01,-3.046084e+01
275.42287,7.203818e-01,-1.224736e+02,2.636039e-01,3.191926e+01,2.428786e-01,1.103280e+01,8.430915e-01,-3.293128e+01
301.99517,7.118562e-01,-1.266400e+02,2.627462e-01,2.722119e+01,2.447266e-01,8.036989e+00,8.429614e-01,-3.561217e+01
331.13112,7.044271e-01,-1.305803e+02,2.615151e-01,2.267150e+01,2.458308e-01,5.071589e+00,8.433921e-01,-3.851594e+01
363.07805,6.980456e-01,-1.342873e+02,2.598760e-01,1.826104e+01,2.461990e-01,2.131219e+00,8.444043e-01,-4.165299e+01
398.10717,6.926477e-01,-1.377584e+02,2.577919e-01,1.397920e+01,2.458342e-01,-7.899999e-01,8.460166e-01,-4.503100e+01
436.51583,6.881611e-01,-1.409951e+02,2.552233e-01,9.814878e+00,2.447351e-01,-3.697750e+00,8.482443e-01,-4.865429e+01
478.63009,6.845091e-01,-1.440024e+02,2.521297e-01,5.757449e+00,2.428960e-01,-6.596810e+00,8.510985e-01,-5.252307e+01
524.80746,6.816146e-01,-1.467881e+02,2.484716e-01,1.797660e+00,2.403085e-01,-9.490379e+00,8.545828e-01,-5.663272e+01
575.43994,6.794017e-01,-1.493619e+02,2.442127e-01,-2.071587e+00,2.369643e-01,-1.237945e+01,8.586904e-01,-6.097321e+01
630.95734,6.777970e-01,-1.517353e+02,2.393231e-01,-5.854552e+00,2.328582e-01,-1.526223e+01,8.634008e-01,-6.552855e+01
691.83097,6.767295e-01,-1.539207e+02,2.337833e-01,-9.552140e+00,2.279919e-01,-1.813377e+01,8.686760e-01,-7.027657e+01
758.57758,6.761307e-01,-1.559309e+02,2.275878e-01,-1.316156e+01,2.223780e-01,-2.098561e+01,8.744587e-01,-7.518904e+01
831.76377,6.759341e-01,-1.577790e+02,2.207480e-01,-1.667623e+01,2.160438e-01,-2.380580e+01,8.806713e-01,-8.023210e+01
912.01084,6.760753e-01,-1.594774e+02,2.132956e-01,-2.008590e+01,2.090338e-01,-2.657901e+01,8.872170e-01,-8.536717e+01
1000.00000,6.764918e-01,-1.610383e+02,2.052830e-01,-2.337710e+01,2.014114e-01,-2.928699e+01,8.939837e-01,-9.055229e+01
1096.47820,6.771239e-01,-1.624727e+02,1.967835e-01,-2.653377e+01,1.932587e-01,-3.190921e+01,9.008493e-01,-9.574366e+01
1202.26443,6.779157e-01,-1.637907e+02,1.878882e-01,-2.953807e+01,1.846742e-01,-3.442371e+01,9.076890e-01,-1.008974e+02
1318.25674,6.788162e-01,-1.650013e+02,1.787027e-01,-3.237139e+01,1.757692e-01,-3.680801e+01,9.143830e-01,-1.059715e+02
1445.43977,6.797804e-01,-1.661124e+02,1.693413e-01,-3.501525e+01,1.666624e-01,-3.904009e+01,9.208232e-01,-1.109269e+02
1584.89319,6.807706e-01,-1.671307e+02,1.599211e-01,-3.745226e+01,1.574749e-01,-4.109929e+01,9.269197e-01,-1.157296e+02
1737.80083,6.817563e-01,-1.680624e+02,1.505565e-01,-3.966681e+01,1.483235e-01,-4.296700e+01,9.326034e-01,-1.203509e+02
1905.46072,6.827150e-01,-1.689125e+02,1.413535e-01,-4.164571e+01,1.393168e-01,-4.462728e+01,9.378281e-01,-1.247679e+02
2089.29613,6.836315e-01,-1.696855e+02,1.324063e-01,-4.337850e+01,1.305507e-01,-4.606720e+01,9.425692e-01,-1.289640e+02
2290.86765,6.844974e-01,-1.703856e+02,1.237946e-01,-4.485773e+01,1.221062e-01,-4.727702e+01,9.468214e-01,-1.329284e+02
2511.88643,6.853099e-01,-1.710163e+02,1.155821e-01,-4.607898e+01,1.140485e-01,-4.825031e+01,9.505956e-01,-1.366554e+02
2754.22870,6.860712e-01,-1.715810e+02,1.078171e-01,-4.704090e+01,1.064265e-01,-4.898391e+01,9.539146e-01,-1.401439e+02
3019.95172,6.867873e-01,-1.720827e+02,1.005328e-01,-4.774518e+01,9.927449e-02,-4.947791e+01,9.568097e-01,-1.433967e+02
3311.31121,6.874674e-01,-1.725241e+02,9.374893e-02,-4.819654e+01,9.261305e-02,-4.973565e+01,9.593173e-01,-1.464196e+02
3630.78055,6.881230e-01,-1.729078e+02,8.747390e-02,-4.840278e+01,8.645116e-02,-4.976373e+01,9.614760e-01,-1.492208e+02
3981.07171,6.887677e-01,-1.732360e+02,8.170621e-02,-4.837481e+01,8.078796e-02,-4.957207e+01,9.633249e-01,-1.518100e+02
4365.15832,6.894170e-01,-1.735110e+02,7.643650e-02,-4.812679e+01,7.561463e-02,-4.917400e+01,9.649014e-01,-1.541982e+02
4786.30092,6.900880e-01,-1.737345e+02,7.164906e-02,-4.767619e+01,7.091596e-02,-4.858629e+01,9.662408e-01,-1.563969e+02
5248.07460,6.907996e-01,-1.739081e+02,6.732328e-02,-4.704386e+01,6.667177e-02,-4.782924e+01,9.673753e-01,-1.584181e+02
5754.39937,6.915728e-01,-1.740334e+02,6.343480e-02,-4.625391e+01,6.285808e-02,-4.692647e+01,9.683342e-01,-1.602736e+02
6309.57344,6.924309e-01,-1.741116e+02,5.995650e-02,-4.533352e+01,5.944810e-02,-4.590474e+01,9.691431e-01,-1.619752e+02
6918.30971,6.934001e-01,-1.741437e+02,5.685926e-02,-4.431250e+01,5.641305e-02,-4.479343e+01,9.698248e-01,-1.635341e+02
7585.77575,6.945099e-01,-1.741307e+02,5.411265e-02,-4.322271e+01,5.372280e-02,-4.362393e+01,9.703992e-01,-1.649611e+02
8317.63771,6.957938e-01,-1.740736e+02,5.168551e-02,-4.209720e+01,5.134646e-02,-4.242878e+01,9.708832e-01,-1.662665e+02
9120.10839,6.972896e-01,-1.739732e+02,4.954642e-02,-4.096938e+01,4.925291e-02,-4.124077e+01,9.712918e-01,-1.674599e+02
10000.00000,6.990405e-01,-1.738305e+02,4.766412e-02,-3.987201e+01,4.741121e-02,-4.009198e+01,9.716375e-01,-1.685504e+02
