! ! 
! S ! 
! ! 
! # MHz  S  MA  R  50.00000
! ! ===================================================================
1.00000,9.912720e-01,-7.946007e-01,2.497536e-01,1.789276e+02,2.341356e-03,8.947199e+01,9.480449e-01,-1.592120e-01
1.09648,9.912680e-01,-8.712589e-01,2.497541e-01,1.788240e+02,2.567228e-03,8.942101e+01,9.480438e-01,-1.745700e-01
1.20226,9.912632e-01,-9.553119e-01,2.497547e-01,1.787105e+02,2.814885e-03,8.936512e+01,9.480423e-01,-1.914097e-01
1.31826,9.912574e-01,-1.047473e+00,2.497554e-01,1.785861e+02,3.086428e-03,8.930384e+01,9.480406e-01,-2.098739e-01
1.44544,9.912505e-01,-1.148524e+00,2.497562e-01,1.784496e+02,3.384158e-03,8.923666e+01,9.480386e-01,-2.301193e-01
1.58489,9.912422e-01,-1.259321e+00,2.497572e-01,1.783000e+02,3.710600e-03,8.916300e+01,9.480361e-01,-2.523176e-01
1.73780,9.912321e-01,-1.380805e+00,2.497584e-01,1.781359e+02,4.068518e-03,8.908223e+01,9.480332e-01,-2.766571e-01
1.90546,9.912201e-01,-1.514006e+00,2.497599e-01,1.779561e+02,4.460944e-03,8.899368e+01,9.480296e-01,-3.033440e-01
2.08930,9.912056e-01,-1.660052e+00,2.497616e-01,1.777589e+02,4.891200e-03,8.889659e+01,9.480253e-01,-3.326047e-01
2.29087,9.911882e-01,-1.820182e+00,2.497637e-01,1.775427e+02,5.362925e-03,8.879014e+01,9.480202e-01,-3.646870e-01
2.51189,9.911673e-01,-1.995751e+00,2.497662e-01,1.773056e+02,5.880108e-03,8.867343e+01,9.480140e-01,-3.998628e-01
2.75423,9.911422e-01,-2.188246e+00,2.497692e-01,1.770457e+02,6.447116e-03,8.854547e+01,9.480065e-01,-4.384299e-01
3.01995,9.911119e-01,-2.399296e+00,2.497729e-01,1.767608e+02,7.068736e-03,8.840518e+01,9.479976e-01,-4.807146e-01
3.31131,9.910756e-01,-2.630687e+00,2.497772e-01,1.764484e+02,7.750205e-03,8.825138e+01,9.479868e-01,-5.270747e-01
3.63078,9.910319e-01,-2.884374e+00,2.497825e-01,1.761060e+02,8.497259e-03,8.808275e+01,9.479739e-01,-5.779019e-01
3.98107,9.909794e-01,-3.162499e+00,2.497888e-01,1.757306e+02,9.316174e-03,8.789789e+01,9.479584e-01,-6.336254e-01
4.36516,9.909164e-01,-3.467409e+00,2.497964e-01,1.753190e+02,1.021382e-02,8.769523e+01,9.479397e-01,-6.947153e-01
4.78630,9.908405e-01,-3.801670e+00,2.498055e-01,1.748679e+02,1.119769e-02,8.747307e+01,9.479173e-01,-7.616860e-01
5.24807,9.907494e-01,-4.168096e+00,2.498164e-01,1.743734e+02,1.227600e-02,8.722954e+01,9.478904e-01,-8.351010e-01
5.75440,9.906400e-01,-4.569761e+00,2.498296e-01,1.738314e+02,1.345769e-02,8.696261e+01,9.478580e-01,-9.155764e-01
6.30957,9.905085e-01,-5.010031e+00,2.498454e-01,1.732375e+02,1.475255e-02,8.667004e+01,9.478191e-01,-1.003787e+00
6.91831,9.903505e-01,-5.492583e+00,2.498643e-01,1.725865e+02,1.617122e-02,8.634939e+01,9.477725e-01,-1.100468e+00
7.58578,9.901608e-01,-6.021434e+00,2.498871e-01,1.718733e+02,1.772529e-02,8.599801e+01,9.477164e-01,-1.206426e+00
8.31764,9.899330e-01,-6.600971e+00,2.499144e-01,1.710919e+02,1.942736e-02,8.561299e+01,9.476491e-01,-1.322539e+00
9.12011,9.896596e-01,-7.235976e+00,2.499472e-01,1.702360e+02,2.129110e-02,8.519117e+01,9.475683e-01,-1.449766e+00
10.00000,9.893315e-01,-7.931661e+00,2.499866e-01,1.692986e+02,2.333131e-02,8.472911e+01,9.474714e-01,-1.589151e+00
10.96478,9.889379e-01,-8.693697e+00,2.500337e-01,1.682722e+02,2.556396e-02,8.422307e+01,9.473551e-01,-1.741831e+00
12.02264,9.884659e-01,-9.528241e+00,2.500902e-01,1.671487e+02,2.800624e-02,8.366899e+01,9.472158e-01,-1.909041e+00
13.18257,9.879003e-01,-1.044197e+01,2.501578e-01,1.659194e+02,3.067657e-02,8.306249e+01,9.470489e-01,-2.092119e+00
14.45440,9.872229e-01,-1.144211e+01,2.502387e-01,1.645747e+02,3.359459e-02,8.239883e+01,9.468491e-01,-2.292515e+00
15.84893,9.864123e-01,-1.253646e+01,2.503354e-01,1.631046e+02,3.678112e-02,8.167291e+01,9.466102e-01,-2.511793e+00
17.37801,9.854431e-01,-1.373338e+01,2.504508e-01,1.614984e+02,4.025805e-02,8.087929e+01,9.463247e-01,-2.751637e+00
19.05461,9.842855e-01,-1.504184e+01,2.505883e-01,1.597447e+02,4.404816e-02,8.001215e+01,9.459841e-01,-3.013851e+00
20.89296,9.829049e-01,-1.647139e+01,2.507519e-01,1.578314e+02,4.817490e-02,7.906534e+01,9.455782e-01,-3.300362e+00
22.90868,9.812608e-01,-1.803214e+01,2.509462e-01,1.557461e+02,5.266198e-02,7.803238e+01,9.450955e-01,-3.613215e+00
25.11886,9.793065e-01,-1.973469e+01,2.511763e-01,1.534760e+02,5.753290e-02,7.690653e+01,9.445226e-01,-3.954569e+00
27.54229,9.769887e-01,-2.159008e+01,2.514482e-01,1.510082e+02,6.281021e-02,7.568086e+01,9.438443e-01,-4.326686e+00
30.19952,9.742469e-01,-2.360963e+01,2.517681e-01,1.483297e+02,6.851469e-02,7.434834e+01,9.430436e-01,-4.731917e+00
33.11311,9.710137e-01,-2.580483e+01,2.521432e-01,1.454281e+02,7.466420e-02,7.290198e+01,9.421018e-01,-5.172683e+00
36.30781,9.672146e-01,-2.818703e+01,2.525808e-01,1.422919e+02,8.127231e-02,7.133501e+01,9.409985e-01,-5.651450e+00
39.81072,9.627699e-01,-3.076721e+01,2.530887e-01,1.389108e+02,8.834672e-02,6.964112e+01,9.397123e-01,-6.170702e+00
43.65158,9.575957e-01,-3.355557e+01,2.536741e-01,1.352767e+02,9.588736e-02,6.781470e+01,9.382213e-01,-6.732914e+00
47.86301,9.516069e-01,-3.656107e+01,2.543439e-01,1.313842e+02,1.038844e-01,6.585118e+01,9.365042e-01,-7.340523e+00
52.48075,9.447216e-01,-3.979093e+01,2.551036e-01,1.272312e+02,1.123161e-01,6.374738e+01,9.345415e-01,-7.995917e+00
57.54399,9.368661e-01,-4.325000e+01,2.559567e-01,1.228199e+02,1.211470e-01,6.150190e+01,9.323175e-01,-8.701432e+00
63.09573,9.279813e-01,-4.694011e+01,2.569038e-01,1.181575e+02,1.303261e-01,5.911550e+01,9.298223e-01,-9.459387e+00
69.18310,9.180308e-01,-5.085942e+01,2.579417e-01,1.132567e+02,1.397863e-01,5.659144e+01,9.270538e-01,-1.027215e+01
75.85776,9.070082e-01,-5.500180e+01,2.590626e-01,1.081360e+02,1.494440e-01,5.393573e+01,9.240200e-01,-1.114225e+01
83.17638,8.949448e-01,-5.935627e+01,2.602536e-01,1.028199e+02,1.592005e-01,5.115730e+01,9.207411e-01,-1.207258e+01
91.20108,8.819155e-01,-6.390667e+01,2.614960e-01,9.733839e+01,1.689448e-01,4.826791e+01,9.172504e-01,-1.306654e+01
100.00000,8.680415e-01,-6.863150e+01,2.627660e-01,9.172616e+01,1.785576e-01,4.528190e+01,9.135947e-01,-1.412840e+01
109.64782,8.534894e-01,-7.350411e+01,2.640347e-01,8.602143e+01,1.879165e-01,4.221574e+01,9.098330e-01,-1.526347e+01
120.22644,8.384656e-01,-7.849309e+01,2.652696e-01,8.026430e+01,1.969019e-01,3.908729e+01,9.060341e-01,-1.647840e+01
131.82567,8.232060e-01,-8.356311e+01,2.664357e-01,7.449507e+01,2.054027e-01,3.591499e+01,9.022733e-01,-1.778136e+01
144.54398,8.079626e-01,-8.867596e+01,2.674971e-01,6.875235e+01,2.133216e-01,3.271693e+01,8.986279e-01,-1.918210e+01
158.48932,7.929878e-01,-9.379179e+01,2.684181e-01,6.307143e+01,2.205785e-01,2.950994e+01,8.951733e-01,-2.069199e+01
173.78008,7.785184e-01,-9.887054e+01,2.691642e-01,5.748292e+01,2.271127e-01,2.630880e+01,8.919788e-01,-2.232379e+01
190.54607,7.647628e-01,-1.038733e+02,2.697030e-01,5.201177e+01,2.328826e-01,2.312561e+01,8.891050e-01,-2.409151e+01
208.92961,7.518906e-01,-1.087638e+02,2.700035e-01,4.667677e+01,2.378641e-01,1.996941e+01,8.866027e-01,-2.600997e+01
229.08677,7.400275e-01,-1.135093e+02,2.700361e-01,4.149046e+01,2.420475e-01,1.684607e+01,8.845120e-01,-2.809452e+01
251.18864,7.292542e-01,-1.180816e+02,2.697718e-01,3.645951e+01,2.454339e-01,1.375836e+01,8.828637e-01,-3.036050e+01
275.42287,7.196092e-01,-1.224577e+02,2.691807e-01,3.158528e+01,2.480306e-01,1.070626e+01,8.816806e-01,-3.282288e+01
301.99517,7.110948e-01,-1.266200e+02,2.682318e-01,2.686468e+01,2.498478e-01,7.687418e+00,8.809796e-01,-3.549567e+01
331.13112,7.036836e-01,-1.305562e+02,2.668917e-01,2.229117e+01,2.508953e-01,4.697704e+00,8.807730e-01,-3.839148e+01
363.07805,6.973266e-01,-1.342592e+02,2.651241e-01,1.785575e+01,2.511798e-01,1.731885e+00,8.810702e-01,-4.152087e+01
398.10717,6.919598e-01,-1.377266e+02,2.628905e-01,1.354799e+01,2.507040e-01,-1.215700e+00,8.818783e-01,-4.489176e+01
436.51583,6.875107e-01,-1.409598e+02,2.601500e-01,9.357129e+00,2.494660e-01,-4.150422e+00,8.832016e-01,-4.850870e+01
478.63009,6.839023e-01,-1.439641e+02,2.568612e-01,5.272932e+00,2.474599e-01,-7.076657e+00,8.850412e-01,-5.237217e+01
524.80746,6.810569e-01,-1.467471e+02,2.529842e-01,1.286649e+00,2.446777e-01,-9.997101e+00,8.873926e-01,-5.647785e+01
575.43994,6.788979e-01,-1.493188e+02,2.484831e-01,-2.608222e+00,2.411123e-01,-1.291215e+01,8.902439e-01,-6.081593e+01
630.95734,6.773507e-01,-1.516908e+02,2.433299e-01,-6.415268e+00,2.367604e-01,-1.581934e+01,8.935733e-01,-6.537067e+01
691.83097,6.763430e-01,-1.538754e+02,2.375074e-01,-1.013467e+01,2.316269e-01,-1.871300e+01,8.973466e-01,-7.012005e+01
758.57758,6.758048e-01,-1.558856e+02,2.310138e-01,-1.376289e+01,2.257285e-01,-2.158393e+01,9.015153e-01,-7.503588e+01
831.76377,6.756678e-01,-1.577344e+02,2.238658e-01,-1.729265e+01,2.190976e-01,-2.441946e+01,9.060168e-01,-8.008424e+01
912.01084,6.758658e-01,-1.594342e+02,2.161006e-01,-2.071308e+01,2.117849e-01,-2.720367e+01,9.107748e-01,-8.522641e+01
1000.00000,6.763348e-01,-1.609972e+02,2.077770e-01,-2.401023e+01,2.038603e-01,-2.991782e+01,9.157025e-01,-9.042012e+01
1096.47820,6.770139e-01,-1.624341e+02,1.989745e-01,-2.716774e+01,1.954122e-01,-3.254110e+01,9.207066e-01,-9.562122e+01
1202.26443,6.778461e-01,-1.637550e+02,1.897903e-01,-3.016770e+01,1.865453e-01,-3.505144e+01,9.256928e-01,-1.007854e+02
1318.25674,6.787799e-01,-1.649688e+02,1.803350e-01,-3.299162e+01,1.773759e-01,-3.742651e+01,9.305713e-01,-1.058703e+02
1445.43977,6.797706e-01,-1.660831e+02,1.707265e-01,-3.562139e+01,1.680269e-01,-3.964466e+01,9.352620e-01,-1.108364e+02
1584.89319,6.807804e-01,-1.671046e+02,1.610847e-01,-3.804011e+01,1.586217e-01,-4.168572e+01,9.396986e-01,-1.156495e+02
1737.80083,6.817799e-01,-1.680393e+02,1.515247e-01,-4.023283e+01,1.492783e-01,-4.353173e+01,9.438309e-01,-1.202803e+02
1905.46072,6.827474e-01,-1.688923e+02,1.421525e-01,-4.218707e+01,1.401052e-01,-4.516748e+01,9.476257e-01,-1.247062e+02
2089.29613,6.836687e-01,-1.696679e+02,1.330611e-01,-4.389310e+01,1.311971e-01,-4.658075e+01,9.510659e-01,-1.289104e+02
2290.86765,6.845361e-01,-1.703703e+02,1.243281e-01,-4.534418e+01,1.226331e-01,-4.776252e+01,9.541484e-01,-1.328818e+02
2511.88643,6.853479e-01,-1.710031e+02,1.160149e-01,-4.653653e+01,1.144761e-01,-4.870701e+01,9.568820e-01,-1.366150e+02
2754.22870,6.861070e-01,-1.715695e+02,1.081672e-01,-4.746937e+01,1.067726e-01,-4.941162e+01,9.592839e-01,-1.401088e+02
3019.95172,6.868199e-01,-1.720727e+02,1.008155e-01,-4.814488e+01,9.955416e-02,-4.987693e+01,9.613777e-01,-1.433662e+02
3311.31121,6.874963e-01,-1.725153e+02,9.397724e-02,-4.856815e+01,9.283904e-02,-5.010665e+01,9.631900e-01,-1.463931e+02
3630.78055,6.881480e-01,-1.729001e+02,8.765854e-02,-4.874726e+01,8.663404e-02,-5.010768e+01,9.647495e-01,-1.491976e+02
3981.07171,6.887889e-01,-1.732293e+02,8.185596e-02,-4.869337e+01,8.093638e-02,-4.989016e+01,9.660847e-01,-1.517897e+02
4365.15832,6.894346e-01,-1.735050e+02,7.655846e-02,-4.842075e+01,7.573560e-02,-4.946755e+01,9.672228e-01,-1.541803e+02
4786.30092,6.901024e-01,-1.737291e+02,7.174895e-02,-4.794698e+01,7.101512e-02,-4.885672e+01,9.681897e-01,-1.563811e+02
5248.07460,6.908110e-01,-1.739033e+02,6.740567e-02,-4.729293e+01,6.675361e-02,-4.807800e+01,9.690088e-01,-1.584041e+02
5754.39937,6.915817e-01,-1.740291e+02,6.350331e-02,-4.648273e+01,6.292619e-02,-4.715502e+01,9.697012e-01,-1.602612e+02
6309.57344,6.924376e-01,-1.741076e+02,6.001399e-02,-4.554352e+01,5.950531e-02,-4.611451e+01,9.702858e-01,-1.619641e+02
6918.30971,6.934051e-01,-1.741400e+02,5.690799e-02,-4.450509e+01,5.646158e-02,-4.498582e+01,9.707789e-01,-1.635242e+02
7585.77575,6.945134e-01,-1.741273e+02,5.415441e-02,-4.339922e+01,5.376441e-02,-4.380027e+01,9.711949e-01,-1.649522e+02
8317.63771,6.957962e-01,-1.740704e+02,5.172170e-02,-4.225891e+01,5.138254e-02,-4.259035e+01,9.715463e-01,-1.662585e+02
9120.10839,6.972913e-01,-1.739702e+02,4.957813e-02,-4.111749e+01,4.928455e-02,-4.138876e+01,9.718439e-01,-1.674527e+02
10000.00000,6.990417e-01,-1.738277e+02,4.769223e-02,-4.000763e+01,4.743927e-02,-4.022751e+01,9.720968e-01,-1.685439e+02
