! ! 
! S ! 
! ! 
! # MHz  S  MA  R  50.00000
! ! ===================================================================
1.00000,9.879217e-01,-8.693982e-01,5.800029e-01,1.791899e+02,2.345567e-03,8.942899e+01,9.457852e-01,-1.876164e-01
1.09648,9.879170e-01,-9.532711e-01,5.799990e-01,1.791116e+02,2.571841e-03,8.937387e+01,9.457832e-01,-2.057141e-01
1.20226,9.879113e-01,-1.045235e+00,5.799942e-01,1.790257e+02,2.819938e-03,8.931344e+01,9.457808e-01,-2.255576e-01
1.31826,9.879045e-01,-1.146069e+00,5.799885e-01,1.789316e+02,3.091963e-03,8.924718e+01,9.457779e-01,-2.473153e-01
1.44544,9.878964e-01,-1.256630e+00,5.799817e-01,1.788284e+02,3.390219e-03,8.917454e+01,9.457744e-01,-2.711716e-01
1.58489,9.878866e-01,-1.377854e+00,5.799734e-01,1.787153e+02,3.717235e-03,8.909489e+01,9.457702e-01,-2.973288e-01
1.73780,9.878748e-01,-1.510769e+00,5.799635e-01,1.785913e+02,4.075779e-03,8.900756e+01,9.457652e-01,-3.260087e-01
1.90546,9.878606e-01,-1.656503e+00,5.799516e-01,1.784553e+02,4.468887e-03,8.891181e+01,9.457592e-01,-3.574541e-01
2.08930,9.878435e-01,-1.816290e+00,5.799373e-01,1.783062e+02,4.899885e-03,8.880683e+01,9.457520e-01,-3.919315e-01
2.29087,9.878230e-01,-1.991484e+00,5.799200e-01,1.781428e+02,5.372416e-03,8.869173e+01,9.457433e-01,-4.297328e-01
2.51189,9.877984e-01,-2.183567e+00,5.798993e-01,1.779636e+02,5.890472e-03,8.856554e+01,9.457328e-01,-4.711778e-01
2.75423,9.877688e-01,-2.394167e+00,5.798744e-01,1.777671e+02,6.458425e-03,8.842718e+01,9.457202e-01,-5.166169e-01
3.01995,9.877332e-01,-2.625064e+00,5.798445e-01,1.775517e+02,7.081062e-03,8.827550e+01,9.457051e-01,-5.664342e-01
3.31131,9.876904e-01,-2.878210e+00,5.798085e-01,1.773156e+02,7.763624e-03,8.810920e+01,9.456869e-01,-6.210501e-01
3.63078,9.876390e-01,-3.155741e+00,5.797653e-01,1.770566e+02,8.511844e-03,8.792689e+01,9.456651e-01,-6.809251e-01
3.98107,9.875772e-01,-3.460000e+00,5.797134e-01,1.767728e+02,9.331998e-03,8.772703e+01,9.456389e-01,-7.465635e-01
4.36516,9.875029e-01,-3.793550e+00,5.796509e-01,1.764616e+02,1.023094e-02,8.750793e+01,9.456073e-01,-8.185169e-01
4.78630,9.874137e-01,-4.159196e+00,5.795759e-01,1.761205e+02,1.121618e-02,8.726777e+01,9.455694e-01,-8.973890e-01
5.24807,9.873064e-01,-4.560007e+00,5.794857e-01,1.757466e+02,1.229588e-02,8.700452e+01,9.455239e-01,-9.838401e-01
5.75440,9.871776e-01,-4.999342e+00,5.793774e-01,1.753367e+02,1.347899e-02,8.671598e+01,9.454692e-01,-1.078591e+00
6.30957,9.870228e-01,-5.480871e+00,5.792473e-01,1.748875e+02,1.477524e-02,8.639976e+01,9.454035e-01,-1.182431e+00
6.91831,9.868370e-01,-6.008604e+00,5.790910e-01,1.743951e+02,1.619522e-02,8.605323e+01,9.453246e-01,-1.296220e+00
7.58578,9.866138e-01,-6.586917e+00,5.789034e-01,1.738555e+02,1.775045e-02,8.567352e+01,9.452299e-01,-1.420894e+00
8.31764,9.863459e-01,-7.220586e+00,5.786781e-01,1.732642e+02,1.945343e-02,8.525752e+01,9.451162e-01,-1.557476e+00
9.12011,9.860245e-01,-7.914812e+00,5.784076e-01,1.726164e+02,2.131769e-02,8.480183e+01,9.449798e-01,-1.707077e+00
10.00000,9.856388e-01,-8.675256e+00,5.780832e-01,1.719067e+02,2.335784e-02,8.430277e+01,9.448162e-01,-1.870902e+00
10.96478,9.851764e-01,-9.508065e+00,5.776941e-01,1.711294e+02,2.558961e-02,8.375633e+01,9.446201e-01,-2.050259e+00
12.02264,9.846222e-01,-1.041991e+01,5.772276e-01,1.702782e+02,2.802986e-02,8.315819e+01,9.443852e-01,-2.246560e+00
13.18257,9.839585e-01,-1.141800e+01,5.766688e-01,1.693464e+02,3.069655e-02,8.250368e+01,9.441039e-01,-2.461330e+00
14.45440,9.831641e-01,-1.251011e+01,5.759998e-01,1.683265e+02,3.360877e-02,8.178778e+01,9.437675e-01,-2.696203e+00
15.84893,9.822144e-01,-1.370462e+01,5.751996e-01,1.672109e+02,3.678656e-02,8.100510e+01,9.433655e-01,-2.952932e+00
17.37801,9.810800e-01,-1.501048e+01,5.742434e-01,1.659908e+02,4.025082e-02,8.014992e+01,9.428856e-01,-3.233378e+00
19.05461,9.797270e-01,-1.643723e+01,5.731022e-01,1.646574e+02,4.402308e-02,7.921616e+01,9.423137e-01,-3.539511e+00
20.89296,9.781156e-01,-1.799498e+01,5.717420e-01,1.632010e+02,4.812511e-02,7.819743e+01,9.416333e-01,-3.873402e+00
22.90868,9.762000e-01,-1.969432e+01,5.701238e-01,1.616114e+02,5.257855e-02,7.708710e+01,9.408254e-01,-4.237203e+00
25.11886,9.739278e-01,-2.154630e+01,5.682023e-01,1.598780e+02,5.740422e-02,7.587833e+01,9.398684e-01,-4.633130e+00
27.54229,9.712396e-01,-2.356227e+01,5.659264e-01,1.579898e+02,6.262134e-02,7.456418e+01,9.387382e-01,-5.063432e+00
30.19952,9.680690e-01,-2.575372e+01,5.632381e-01,1.559354e+02,6.824655e-02,7.313777e+01,9.374078e-01,-5.530358e+00
33.11311,9.643431e-01,-2.813204e+01,5.600734e-01,1.537036e+02,7.429264e-02,7.159242e+01,9.358480e-01,-6.036112e+00
36.30781,9.599829e-01,-3.070826e+01,5.563623e-01,1.512829e+02,8.076712e-02,6.992193e+01,9.340280e-01,-6.582799e+00
39.81072,9.549058e-01,-3.349263e+01,5.520304e-01,1.486626e+02,8.767046e-02,6.812076e+01,9.319157e-01,-7.172376e+00
43.65158,9.490278e-01,-3.649420e+01,5.470004e-01,1.458326e+02,9.499435e-02,6.618445e+01,9.294799e-01,-7.806596e+00
47.86301,9.422677e-01,-3.972029e+01,5.411954e-01,1.427840e+02,1.027197e-01,6.410990e+01,9.266916e-01,-8.486967e+00
52.48075,9.345521e-01,-4.317587e+01,5.345426e-01,1.395094e+02,1.108149e-01,6.189578e+01,9.235266e-01,-9.214731e+00
57.54399,9.258219e-01,-4.686291e+01,5.269785e-01,1.360035e+02,1.192344e-01,5.954292e+01,9.199682e-01,-9.990882e+00
63.09573,9.160399e-01,-5.077973e+01,5.184544e-01,1.322638e+02,1.279177e-01,5.705466e+01,9.160108e-01,-1.081623e+01
69.18310,9.051983e-01,-5.492035e+01,5.089436e-01,1.282903e+02,1.367893e-01,5.443708e+01,9.116627e-01,-1.169154e+01
75.85776,8.933261e-01,-5.927397e+01,4.984472e-01,1.240867e+02,1.457600e-01,5.169921e+01,9.069488e-01,-1.261775e+01
83.17638,8.804952e-01,-6.382459e+01,4.869998e-01,1.196602e+02,1.547292e-01,4.885290e+01,9.019130e-01,-1.359624e+01
91.20108,8.668232e-01,-6.855085e+01,4.746736e-01,1.150215e+02,1.635887e-01,4.591267e+01,8.966183e-01,-1.462919e+01
100.00000,8.524726e-01,-7.342618e+01,4.615788e-01,1.101847e+02,1.722271e-01,4.289517e+01,8.911456e-01,-1.572001e+01
109.64782,8.376454e-01,-7.841927e+01,4.478611e-01,1.051672e+02,1.805357e-01,3.981851e+01,8.855906e-01,-1.687360e+01
120.22644,8.225733e-01,-8.349480e+01,4.336961e-01,9.998904e+01,1.884135e-01,3.670144e+01,8.800587e-01,-1.809678e+01
131.82567,8.075044e-01,-8.861450e+01,4.192795e-01,9.467256e+01,1.957721e-01,3.356240e+01,8.746596e-01,-1.939837e+01
144.54398,7.926875e-01,-9.373847e+01,4.048156e-01,8.924158e+01,2.025392e-01,3.041863e+01,8.695002e-01,-2.078929e+01
158.48932,7.783569e-01,-9.882652e+01,3.905044e-01,8.372095e+01,2.086603e-01,2.728534e+01,8.646799e-01,-2.228237e+01
173.78008,7.647188e-01,-1.038396e+02,3.765297e-01,7.813597e+01,2.140989e-01,2.417504e+01,8.602856e-01,-2.389215e+01
190.54607,7.519415e-01,-1.087412e+02,3.630484e-01,7.251184e+01,2.188352e-01,2.109721e+01,8.563896e-01,-2.563442e+01
208.92961,7.401498e-01,-1.134985e+02,3.501829e-01,6.687317e+01,2.228628e-01,1.805805e+01,8.530486e-01,-2.752579e+01
229.08677,7.294240e-01,-1.180829e+02,3.380170e-01,6.124345e+01,2.261857e-01,1.506060e+01,8.503055e-01,-2.958317e+01
251.18864,7.198028e-01,-1.224714e+02,3.265940e-01,5.564455e+01,2.288144e-01,1.210494e+01,8.481908e-01,-3.182326e+01
275.42287,7.112883e-01,-1.266461e+02,3.159188e-01,5.009628e+01,2.307621e-01,9.188658e+00,8.467258e-01,-3.426204e+01
301.99517,7.038539e-01,-1.305945e+02,3.059610e-01,4.461594e+01,2.320418e-01,6.307336e+00,8.459256e-01,-3.691424e+01
331.13112,6.974510e-01,-1.343091e+02,2.966607e-01,3.921807e+01,2.326636e-01,3.455158e+00,8.458010e-01,-3.979283e+01
363.07805,6.920166e-01,-1.377874e+02,2.879340e-01,3.391430e+01,2.326333e-01,6.255500e-01,8.463606e-01,-4.290840e+01
398.10717,6.874795e-01,-1.410305e+02,2.796794e-01,2.871352e+01,2.319514e-01,-2.188159e+00,8.476110e-01,-4.626858e+01
436.51583,6.837646e-01,-1.440433e+02,2.717845e-01,2.362216e+01,2.306134e-01,-4.992067e+00,8.495565e-01,-4.987734e+01
478.63009,6.807969e-01,-1.468332e+02,2.641314e-01,1.864478e+01,2.286107e-01,-7.791038e+00,8.521973e-01,-5.373433e+01
524.80746,6.785032e-01,-1.494100e+02,2.566031e-01,1.378478e+01,2.259322e-01,-1.058807e+01,8.555267e-01,-5.783417e+01
575.43994,6.768135e-01,-1.517849e+02,2.490882e-01,9.045210e+00,2.225675e-01,-1.338371e+01,8.595284e-01,-6.216587e+01
630.95734,6.756609e-01,-1.539703e+02,2.414868e-01,4.429596e+00,2.185097e-01,-1.617555e+01,8.641721e-01,-6.671243e+01
691.83097,6.749811e-01,-1.559790e+02,2.337146e-01,-5.726369e-02,2.137591e-01,-1.895784e+01,8.694109e-01,-7.145058e+01
758.57758,6.747123e-01,-1.578241e+02,2.257070e-01,-4.408702e+00,2.083271e-01,-2.172127e+01,8.751786e-01,-7.635103e+01
831.76377,6.747946e-01,-1.595184e+02,2.174231e-01,-8.615790e+00,2.022395e-01,-2.445298e+01,8.813895e-01,-8.137896e+01
912.01084,6.751692e-01,-1.610743e+02,2.088470e-01,-1.266722e+01,1.955390e-01,-2.713675e+01,8.879396e-01,-8.649502e+01
1000.00000,6.757792e-01,-1.625033e+02,1.999889e-01,-1.654946e+01,1.882859e-01,-2.975352e+01,8.947106e-01,-9.165668e+01
1096.47820,6.765700e-01,-1.638160e+02,1.908838e-01,-2.024722e+01,1.805586e-01,-3.228205e+01,9.015758e-01,-9.681988e+01
1202.26443,6.774903e-01,-1.650218e+02,1.815884e-01,-2.374411e+01,1.724502e-01,-3.469980e+01,9.084074e-01,-1.019408e+02
1318.25674,6.784935e-01,-1.661291e+02,1.721767e-01,-2.702342e+01,1.640656e-01,-3.698388e+01,9.150837e-01,-1.069775e+02
1445.43977,6.795386e-01,-1.671451e+02,1.627342e-01,-3.006896e+01,1.555161e-01,-3.911207e+01,9.214969e-01,-1.118917e+02
1584.89319,6.805914e-01,-1.680760e+02,1.533521e-01,-3.286588e+01,1.469141e-01,-4.106361e+01,9.275576e-01,-1.166500e+02
1737.80083,6.816250e-01,-1.689271e+02,1.441209e-01,-3.540128e+01,1.383680e-01,-4.282000e+01,9.331988e-01,-1.212243e+02
1905.46072,6.826198e-01,-1.697032e+02,1.351256e-01,-3.766474e+01,1.299774e-01,-4.436555e+01,9.383761e-01,-1.255929e+02
2089.29613,6.835630e-01,-1.704083e+02,1.264418e-01,-3.964865e+01,1.218300e-01,-4.568771e+01,9.430671e-01,-1.297398e+02
2290.86765,6.844485e-01,-1.710458e+02,1.181331e-01,-4.134836e+01,1.139993e-01,-4.677730e+01,9.472687e-01,-1.336549e+02
2511.88643,6.852753e-01,-1.716191e+02,1.102498e-01,-4.276225e+01,1.065439e-01,-4.762858e+01,9.509933e-01,-1.373333e+02
2754.22870,6.860470e-01,-1.721309e+02,1.028286e-01,-4.389179e+01,9.950731e-02,-4.823929e+01,9.542650e-01,-1.407744e+02
3019.95172,6.867708e-01,-1.725840e+02,9.589385e-02,-4.474144e+01,9.291929e-02,-4.861063e+01,9.571160e-01,-1.439814e+02
3311.31121,6.874568e-01,-1.729809e+02,8.945804e-02,-4.531872e+01,8.679712e-02,-4.874727e+01,9.595832e-01,-1.469605e+02
3630.78055,6.881172e-01,-1.733236e+02,8.352391e-02,-4.563427e+01,8.114735e-02,-4.865739e+01,9.617057e-01,-1.497200e+02
3981.07171,6.887663e-01,-1.736142e+02,7.808578e-02,-4.570186e+01,7.596748e-02,-4.835274e+01,9.635223e-01,-1.522699e+02
4365.15832,6.894199e-01,-1.738546e+02,7.313119e-02,-4.553855e+01,7.124769e-02,-4.784867e+01,9.650705e-01,-1.546212e+02
4786.30092,6.900954e-01,-1.740463e+02,6.864225e-02,-4.516467e+01,6.697228e-02,-4.716413e+01,9.663852e-01,-1.567856e+02
5248.07460,6.908122e-01,-1.741908e+02,6.459685e-02,-4.460390e+01,6.312097e-02,-4.632160e+01,9.674984e-01,-1.587747e+02
5754.39937,6.915914e-01,-1.742892e+02,6.096972e-02,-4.388299e+01,5.966999e-02,-4.534684e+01,9.684389e-01,-1.606005e+02
6309.57344,6.924567e-01,-1.743426e+02,5.773321e-02,-4.303155e+01,5.659302e-02,-4.426842e+01,9.692322e-01,-1.622746e+02
6918.30971,6.934345e-01,-1.743520e+02,5.485810e-02,-4.208143e+01,5.386193e-02,-4.311718e+01,9.699007e-01,-1.638081e+02
7585.77575,6.945546e-01,-1.743181e+02,5.231410e-02,-4.106608e+01,5.144746e-02,-4.192535e+01,9.704638e-01,-1.652117e+02
8317.63771,6.958507e-01,-1.742416e+02,5.007046e-02,-4.001964e+01,4.931977e-02,-4.072574e+01,9.709384e-01,-1.664956e+02
9120.10839,6.973612e-01,-1.741234e+02,4.809638e-02,-3.897604e+01,4.744897e-02,-3.955067e+01,9.713390e-01,-1.676693e+02
10000.00000,6.991294e-01,-1.739644e+02,4.636144e-02,-3.796802e+01,4.580552e-02,-3.843114e+01,9.716781e-01,-1.687417e+02
