! ! 
! S ! 
! ! 
! # MHz  S  MA  R  50.00000
! ! ===================================================================
1.00000,9.924393e-01,-7.629494e-01,1.204216e-01,1.783972e+02,2.285456e-03,8.949181e+01,9.046227e-01,-1.486255e-01
1.09648,9.924356e-01,-8.365544e-01,1.204252e-01,1.782425e+02,2.505936e-03,8.944275e+01,9.046218e-01,-1.629622e-01
1.20226,9.924312e-01,-9.172598e-01,1.204296e-01,1.780729e+02,2.747682e-03,8.938896e+01,9.046208e-01,-1.786821e-01
1.31826,9.924259e-01,-1.005750e+00,1.204348e-01,1.778870e+02,3.012744e-03,8.932998e+01,9.046196e-01,-1.959186e-01
1.44544,9.924195e-01,-1.102777e+00,1.204412e-01,1.776832e+02,3.303370e-03,8.926531e+01,9.046182e-01,-2.148180e-01
1.58489,9.924117e-01,-1.209162e+00,1.204488e-01,1.774597e+02,3.622023e-03,8.919441e+01,9.046164e-01,-2.355404e-01
1.73780,9.924025e-01,-1.325808e+00,1.204579e-01,1.772147e+02,3.971403e-03,8.911667e+01,9.046143e-01,-2.582619e-01
1.90546,9.923914e-01,-1.453705e+00,1.204689e-01,1.769461e+02,4.354469e-03,8.903144e+01,9.046118e-01,-2.831749e-01
2.08930,9.923780e-01,-1.593936e+00,1.204821e-01,1.766517e+02,4.774465e-03,8.893799e+01,9.046087e-01,-3.104908e-01
2.29087,9.923619e-01,-1.747690e+00,1.204980e-01,1.763289e+02,5.234944e-03,8.883553e+01,9.046051e-01,-3.404411e-01
2.51189,9.923425e-01,-1.916270e+00,1.205171e-01,1.759751e+02,5.739802e-03,8.872320e+01,9.046007e-01,-3.732797e-01
2.75423,9.923193e-01,-2.101103e+00,1.205401e-01,1.755872e+02,6.293303e-03,8.860003e+01,9.045954e-01,-4.092848e-01
3.01995,9.922914e-01,-2.303753e+00,1.205677e-01,1.751621e+02,6.900121e-03,8.846500e+01,9.045891e-01,-4.487613e-01
3.31131,9.922578e-01,-2.525937e+00,1.206008e-01,1.746962e+02,7.565373e-03,8.831695e+01,9.045814e-01,-4.920433e-01
3.63078,9.922174e-01,-2.769531e+00,1.206406e-01,1.741857e+02,8.294662e-03,8.815464e+01,9.045723e-01,-5.394969e-01
3.98107,9.921688e-01,-3.036594e+00,1.206885e-01,1.736262e+02,9.094118e-03,8.797670e+01,9.045613e-01,-5.915234e-01
4.36516,9.921105e-01,-3.329379e+00,1.207460e-01,1.730132e+02,9.970451e-03,8.778163e+01,9.045480e-01,-6.485622e-01
4.78630,9.920404e-01,-3.650354e+00,1.208150e-01,1.723418e+02,1.093100e-02,8.756778e+01,9.045321e-01,-7.110944e-01
5.24807,9.919562e-01,-4.002222e+00,1.208979e-01,1.716063e+02,1.198377e-02,8.733336e+01,9.045130e-01,-7.796473e-01
5.75440,9.918550e-01,-4.387937e+00,1.209974e-01,1.708011e+02,1.313754e-02,8.707640e+01,9.044900e-01,-8.547975e-01
6.30957,9.917333e-01,-4.810735e+00,1.211169e-01,1.699195e+02,1.440186e-02,8.679476e+01,9.044624e-01,-9.371765e-01
6.91831,9.915873e-01,-5.274151e+00,1.212602e-01,1.689548e+02,1.578715e-02,8.648607e+01,9.044293e-01,-1.027475e+00
7.58578,9.914118e-01,-5.782049e+00,1.214321e-01,1.678995e+02,1.730477e-02,8.614778e+01,9.043895e-01,-1.126447e+00
8.31764,9.912011e-01,-6.338650e+00,1.216381e-01,1.667456e+02,1.896706e-02,8.577709e+01,9.043417e-01,-1.234919e+00
9.12011,9.909481e-01,-6.948558e+00,1.218849e-01,1.654845e+02,2.078743e-02,8.537094e+01,9.042844e-01,-1.353791e+00
10.00000,9.906445e-01,-7.616790e+00,1.221805e-01,1.641073e+02,2.278042e-02,8.492600e+01,9.042155e-01,-1.484046e+00
10.96478,9.902803e-01,-8.348811e+00,1.225339e-01,1.626044e+02,2.496172e-02,8.443868e+01,9.041330e-01,-1.626755e+00
12.02264,9.898434e-01,-9.150560e+00,1.229563e-01,1.609658e+02,2.734826e-02,8.390503e+01,9.040340e-01,-1.783086e+00
13.18257,9.893197e-01,-1.002848e+01,1.234604e-01,1.591812e+02,2.995821e-02,8.332081e+01,9.039155e-01,-1.954305e+00
14.45440,9.886924e-01,-1.098956e+01,1.240613e-01,1.572401e+02,3.281098e-02,8.268143e+01,9.037735e-01,-2.141790e+00
15.84893,9.879414e-01,-1.204132e+01,1.247763e-01,1.551319e+02,3.592723e-02,8.198195e+01,9.036037e-01,-2.347031e+00
17.37801,9.870431e-01,-1.319189e+01,1.256254e-01,1.528461e+02,3.932873e-02,8.121704e+01,9.034007e-01,-2.571640e+00
19.05461,9.859697e-01,-1.444997e+01,1.266313e-01,1.503728e+02,4.303826e-02,8.038106e+01,9.031583e-01,-2.817352e+00
20.89296,9.846887e-01,-1.582486e+01,1.278200e-01,1.477029e+02,4.707938e-02,7.946796e+01,9.028695e-01,-3.086032e+00
22.90868,9.831621e-01,-1.732640e+01,1.292201e-01,1.448283e+02,5.147614e-02,7.847140e+01,9.025257e-01,-3.379675e+00
25.11886,9.813459e-01,-1.896501e+01,1.308631e-01,1.417427e+02,5.625256e-02,7.738472e+01,9.021174e-01,-3.700407e+00
27.54229,9.791897e-01,-2.075153e+01,1.327830e-01,1.384416e+02,6.143208e-02,7.620105e+01,9.016335e-01,-4.050477e+00
30.19952,9.766360e-01,-2.269718e+01,1.350156e-01,1.349234e+02,6.703672e-02,7.491337e+01,9.010618e-01,-4.432258e+00
33.11311,9.736202e-01,-2.481339e+01,1.375974e-01,1.311891e+02,7.308606e-02,7.351462e+01,9.003886e-01,-4.848230e+00
36.30781,9.700709e-01,-2.711161e+01,1.405642e-01,1.272430e+02,7.959596e-02,7.199790e+01,8.995988e-01,-5.300970e+00
39.81072,9.659101e-01,-2.960302e+01,1.439491e-01,1.230929e+02,8.657706e-02,7.035662e+01,8.986766e-01,-5.793135e+00
43.65158,9.610554e-01,-3.229820e+01,1.477808e-01,1.187499e+02,9.403294e-02,6.858481e+01,8.976057e-01,-6.327442e+00
47.86301,9.554215e-01,-3.520672e+01,1.520800e-01,1.142286e+02,1.019582e-01,6.667736e+01,8.963697e-01,-6.906656e+00
52.48075,9.489245e-01,-3.833664e+01,1.568574e-01,1.095462e+02,1.103361e-01,6.463040e+01,8.949536e-01,-7.533576e+00
57.54399,9.414861e-01,-4.169391e+01,1.621104e-01,1.047228e+02,1.191371e-01,6.244167e+01,8.933449e-01,-8.211037e+00
63.09573,9.330398e-01,-4.528178e+01,1.678205e-01,9.978007e+01,1.283162e-01,6.011090e+01,8.915346e-01,-8.941937e+00
69.18310,9.235381e-01,-4.910010e+01,1.739515e-01,9.474140e+01,1.378124e-01,5.764017e+01,8.895199e-01,-9.729280e+00
75.85776,9.129605e-01,-5.314470e+01,1.804482e-01,8.963090e+01,1.475477e-01,5.503421e+01,8.873048e-01,-1.057627e+01
83.17638,9.013210e-01,-5.740678e+01,1.872369e-01,8.447317e+01,1.574282e-01,5.230061e+01,8.849028e-01,-1.148643e+01
91.20108,8.886749e-01,-6.187251e+01,1.942266e-01,7.929280e+01,1.673460e-01,4.944985e+01,8.823374e-01,-1.246378e+01
100.00000,8.751232e-01,-6.652273e+01,2.013130e-01,7.411406e+01,1.771827e-01,4.649513e+01,8.796429e-01,-1.351305e+01
109.64782,8.608134e-01,-7.133303e+01,2.083825e-01,6.896044e+01,1.868142e-01,4.345200e+01,8.768639e-01,-1.463987e+01
120.22644,8.459358e-01,-7.627403e+01,2.153179e-01,6.385426e+01,1.961168e-01,4.033775e+01,8.740538e-01,-1.585100e+01
131.82567,8.307156e-01,-8.131202e+01,2.220049e-01,5.881615e+01,2.049725e-01,3.717059e+01,8.712729e-01,-1.715451e+01
144.54398,8.154001e-01,-8.640992e+01,2.283372e-01,5.386452e+01,2.132755e-01,3.396884e+01,8.685847e-01,-1.855982e+01
158.48932,8.002442e-01,-9.152847e+01,2.342211e-01,4.901504e+01,2.209357e-01,3.074990e+01,8.660535e-01,-2.007780e+01
173.78008,7.854940e-01,-9.662752e+01,2.395792e-01,4.428018e+01,2.278822e-01,2.752947e+01,8.637405e-01,-2.172059e+01
190.54607,7.713726e-01,-1.016675e+02,2.443507e-01,3.966884e+01,2.340637e-01,2.432082e+01,8.617019e-01,-2.350146e+01
208.92961,7.580679e-01,-1.066109e+02,2.484919e-01,3.518626e+01,2.394476e-01,2.113433e+01,8.599876e-01,-2.543451e+01
229.08677,7.457258e-01,-1.114232e+02,2.519732e-01,3.083397e+01,2.440171e-01,1.797722e+01,8.586404e-01,-2.753434e+01
251.18864,7.344470e-01,-1.160742e+02,2.547768e-01,2.661011e+01,2.477683e-01,1.485357e+01,8.576963e-01,-2.981564e+01
275.42287,7.242882e-01,-1.205386e+02,2.568928e-01,2.250975e+01,2.507053e-01,1.176456e+01,8.571861e-01,-3.229281e+01
301.99517,7.152669e-01,-1.247964e+02,2.583160e-01,1.852550e+01,2.528367e-01,8.708823e+00,8.571360e-01,-3.497940e+01
331.13112,7.073679e-01,-1.288329e+02,2.590422e-01,1.464810e+01,2.541720e-01,5.683044e+00,8.575692e-01,-3.788767e+01
363.07805,7.005506e-01,-1.326389e+02,2.590663e-01,1.086716e+01,2.547189e-01,2.682541e+00,8.585064e-01,-4.102794e+01
398.10717,6.947567e-01,-1.362100e+02,2.583805e-01,7.171876e+00,2.544812e-01,-2.980230e-01,8.599663e-01,-4.440799e+01
436.51583,6.899162e-01,-1.395460e+02,2.569734e-01,3.551785e+00,2.534586e-01,-3.263933e+00,8.619644e-01,-4.803238e+01
478.63009,6.859532e-01,-1.426506e+02,2.548310e-01,-2.486211e-03,2.516466e-01,-6.219696e+00,8.645122e-01,-5.190166e+01
524.80746,6.827893e-01,-1.455305e+02,2.519379e-01,-3.498529e+00,2.490384e-01,-9.168344e+00,8.676145e-01,-5.601168e+01
575.43994,6.803463e-01,-1.481948e+02,2.482795e-01,-6.941493e+00,2.456270e-01,-1.211078e+01,8.712668e-01,-6.035293e+01
630.95734,6.785477e-01,-1.506544e+02,2.438459e-01,-1.033353e+01,2.414090e-01,-1.504521e+01,8.754519e-01,-6.491000e+01
691.83097,6.773190e-01,-1.529213e+02,2.386351e-01,-1.367335e+01,2.363881e-01,-1.796670e+01,8.801375e-01,-6.966130e+01
758.57758,6.765881e-01,-1.550084e+02,2.326573e-01,-1.695596e+01,2.305792e-01,-2.086690e+01,8.852737e-01,-7.457909e+01
831.76377,6.762848e-01,-1.569284e+02,2.259386e-01,-2.017263e+01,2.240124e-01,-2.373393e+01,8.907925e-01,-7.962996e+01
912.01084,6.763409e-01,-1.586942e+02,2.185238e-01,-2.331104e+01,2.167357e-01,-2.655265e+01,8.966087e-01,-8.477564e+01
1000.00000,6.766906e-01,-1.603179e+02,2.104778e-01,-2.635573e+01,2.088166e-01,-2.930496e+01,9.026233e-01,-8.997428e+01
1096.47820,6.772712e-01,-1.618106e+02,2.018851e-01,-2.928880e+01,2.003417e-01,-3.197053e+01,9.087280e-01,-9.518207e+01
1202.26443,6.780238e-01,-1.631829e+02,1.928478e-01,-3.209070e+01,1.914147e-01,-3.452763e+01,9.148120e-01,-1.003550e+02
1318.25674,6.788949e-01,-1.644437e+02,1.834815e-01,-3.474123e+01,1.821521e-01,-3.695402e+01,9.207686e-01,-1.054506e+02
1445.43977,6.798376e-01,-1.656012e+02,1.739095e-01,-3.722047e+01,1.726781e-01,-3.922793e+01,9.265015e-01,-1.104296e+02
1584.89319,6.808120e-01,-1.666626e+02,1.642573e-01,-3.950969e+01,1.631188e-01,-4.132893e+01,9.319303e-01,-1.152573e+02
1737.80083,6.817865e-01,-1.676339e+02,1.546466e-01,-4.159207e+01,1.535961e-01,-4.323865e+01,9.369932e-01,-1.199045e+02
1905.46072,6.827373e-01,-1.685206e+02,1.451898e-01,-4.345325e+01,1.442226e-01,-4.494136e+01,9.416485e-01,-1.243481e+02
2089.29613,6.836483e-01,-1.693273e+02,1.359864e-01,-4.508172e+01,1.350980e-01,-4.642424e+01,9.458739e-01,-1.285709e+02
2290.86765,6.845103e-01,-1.700584e+02,1.271203e-01,-4.646897e+01,1.263064e-01,-4.767765e+01,9.496646e-01,-1.325615e+02
2511.88643,6.853202e-01,-1.707177e+02,1.186589e-01,-4.760959e+01,1.179150e-01,-4.869513e+01,9.530298e-01,-1.363142e+02
2754.22870,6.860795e-01,-1.713086e+02,1.106527e-01,-4.850120e+01,1.099747e-01,-4.947341e+01,9.559896e-01,-1.398275e+02
3019.95172,6.867941e-01,-1.718343e+02,1.031371e-01,-4.914447e+01,1.025209e-01,-5.001232e+01,9.585719e-01,-1.431041e+02
3311.31121,6.874729e-01,-1.722978e+02,9.613324e-02,-4.954304e+01,9.557468e-02,-5.031481e+01,9.608088e-01,-1.461496e+02
3630.78055,6.881272e-01,-1.727018e+02,8.965016e-02,-4.970361e+01,8.914546e-02,-5.038695e+01,9.627348e-01,-1.489720e+02
3981.07171,6.887707e-01,-1.730487e+02,8.368693e-02,-4.963591e+01,8.323237e-02,-5.023797e+01,9.643845e-01,-1.515812e+02
4365.15832,6.894185e-01,-1.733407e+02,7.823439e-02,-4.935287e+01,7.782638e-02,-4.988039e+01,9.657914e-01,-1.539880e+02
4786.30092,6.900878e-01,-1.735798e+02,7.327683e-02,-4.887074e+01,7.291194e-02,-4.933005e+01,9.669869e-01,-1.562041e+02
5248.07460,6.907973e-01,-1.737679e+02,6.879351e-02,-4.820906e+01,6.846844e-02,-4.860626e+01,9.679997e-01,-1.582414e+02
5754.39937,6.915680e-01,-1.739064e+02,6.475981e-02,-4.739074e+01,6.447141e-02,-4.773165e+01,9.688558e-01,-1.601118e+02
6309.57344,6.924230e-01,-1.739966e+02,6.114829e-02,-4.644180e+01,6.089351e-02,-4.673205e+01,9.695783e-01,-1.618271e+02
6918.30971,6.933885e-01,-1.740399e+02,5.792947e-02,-4.539107e+01,5.770540e-02,-4.563606e+01,9.701875e-01,-1.633986e+02
7585.77575,6.944939e-01,-1.740372e+02,5.507249e-02,-4.426957e+01,5.487634e-02,-4.447450e+01,9.707009e-01,-1.648372e+02
8317.63771,6.957725e-01,-1.739895e+02,5.254572e-02,-4.310980e+01,5.237482e-02,-4.327962e+01,9.711340e-01,-1.661533e+02
9120.10839,6.972621e-01,-1.738978e+02,5.031722e-02,-4.194485e+01,5.016902e-02,-4.208422e+01,9.714999e-01,-1.673565e+02
10000.00000,6.990056e-01,-1.737631e+02,4.835518e-02,-4.080742e+01,4.822727e-02,-4.092069e+01,9.718100e-01,-1.684559e+02
