! ! 
! S ! 
! ! 
! # MHz  S  MA  R  50.00000
! ! ===================================================================
1.00000,9.926089e-01,-7.579677e-01,1.024443e-01,1.782095e+02,2.284904e-03,8.949470e+01,9.046431e-01,-1.470470e-01
1.09648,9.926052e-01,-8.310921e-01,1.024488e-01,1.780368e+02,2.505331e-03,8.944591e+01,9.046423e-01,-1.612315e-01
1.20226,9.926009e-01,-9.112706e-01,1.024543e-01,1.778474e+02,2.747019e-03,8.939242e+01,9.046414e-01,-1.767845e-01
1.31826,9.925956e-01,-9.991835e-01,1.024608e-01,1.776397e+02,3.012018e-03,8.933378e+01,9.046402e-01,-1.938379e-01
1.44544,9.925893e-01,-1.095576e+00,1.024687e-01,1.774121e+02,3.302574e-03,8.926948e+01,9.046388e-01,-2.125366e-01
1.58489,9.925817e-01,-1.201267e+00,1.024782e-01,1.771625e+02,3.621150e-03,8.919898e+01,9.046372e-01,-2.330390e-01
1.73780,9.925725e-01,-1.317152e+00,1.024896e-01,1.768889e+02,3.970447e-03,8.912168e+01,9.046352e-01,-2.555192e-01
1.90546,9.925615e-01,-1.444214e+00,1.025033e-01,1.765890e+02,4.353422e-03,8.903694e+01,9.046328e-01,-2.801677e-01
2.08930,9.925483e-01,-1.583529e+00,1.025198e-01,1.762602e+02,4.773318e-03,8.894402e+01,9.046299e-01,-3.071937e-01
2.29087,9.925324e-01,-1.736280e+00,1.025395e-01,1.758998e+02,5.233689e-03,8.884214e+01,9.046264e-01,-3.368261e-01
2.51189,9.925133e-01,-1.903759e+00,1.025633e-01,1.755048e+02,5.738428e-03,8.873044e+01,9.046222e-01,-3.693163e-01
2.75423,9.924903e-01,-2.087386e+00,1.025919e-01,1.750719e+02,6.291800e-03,8.860798e+01,9.046172e-01,-4.049393e-01
3.01995,9.924627e-01,-2.288715e+00,1.026262e-01,1.745975e+02,6.898478e-03,8.847371e+01,9.046111e-01,-4.439970e-01
3.31131,9.924295e-01,-2.509449e+00,1.026675e-01,1.740776e+02,7.563577e-03,8.832650e+01,9.046038e-01,-4.868200e-01
3.63078,9.923896e-01,-2.751455e+00,1.027171e-01,1.735080e+02,8.292700e-03,8.816511e+01,9.045951e-01,-5.337706e-01
3.98107,9.923416e-01,-3.016776e+00,1.027766e-01,1.728840e+02,9.091977e-03,8.798818e+01,9.045846e-01,-5.852457e-01
4.36516,9.922840e-01,-3.307653e+00,1.028481e-01,1.722006e+02,9.968117e-03,8.779421e+01,9.045719e-01,-6.416803e-01
4.78630,9.922147e-01,-3.626537e+00,1.029340e-01,1.714522e+02,1.092845e-02,8.758157e+01,9.045568e-01,-7.035505e-01
5.24807,9.921315e-01,-3.976112e+00,1.030371e-01,1.706330e+02,1.198101e-02,8.734848e+01,9.045385e-01,-7.713781e-01
5.75440,9.920315e-01,-4.359316e+00,1.031609e-01,1.697363e+02,1.313454e-02,8.709297e+01,9.045166e-01,-8.457339e-01
6.30957,9.919113e-01,-4.779363e+00,1.033093e-01,1.687554e+02,1.439861e-02,8.681291e+01,9.044903e-01,-9.272429e-01
6.91831,9.917669e-01,-5.239766e+00,1.034874e-01,1.676828e+02,1.578364e-02,8.650597e+01,9.044587e-01,-1.016589e+00
7.58578,9.915936e-01,-5.744365e+00,1.037007e-01,1.665105e+02,1.730099e-02,8.616959e+01,9.044207e-01,-1.114518e+00
8.31764,9.913854e-01,-6.297354e+00,1.039563e-01,1.652301e+02,1.896301e-02,8.580098e+01,9.043751e-01,-1.221849e+00
9.12011,9.911354e-01,-6.903308e+00,1.042623e-01,1.638327e+02,2.078311e-02,8.539711e+01,9.043204e-01,-1.339474e+00
10.00000,9.908354e-01,-7.567216e+00,1.046283e-01,1.623090e+02,2.277584e-02,8.495467e+01,9.042547e-01,-1.468365e+00
10.96478,9.904754e-01,-8.294508e+00,1.050655e-01,1.606491e+02,2.495690e-02,8.447007e+01,9.041760e-01,-1.609585e+00
12.02264,9.900436e-01,-9.091089e+00,1.055873e-01,1.588434e+02,2.734325e-02,8.393939e+01,9.040816e-01,-1.764289e+00
13.18257,9.895261e-01,-9.963366e+00,1.062090e-01,1.568818e+02,2.995307e-02,8.335842e+01,9.039685e-01,-1.933735e+00
14.45440,9.889061e-01,-1.091828e+01,1.069487e-01,1.547544e+02,3.280582e-02,8.272258e+01,9.038330e-01,-2.119287e+00
15.84893,9.881638e-01,-1.196333e+01,1.078269e-01,1.524518e+02,3.592218e-02,8.202694e+01,9.036709e-01,-2.322426e+00
17.37801,9.872758e-01,-1.310659e+01,1.088671e-01,1.499653e+02,3.932399e-02,8.126621e+01,9.034772e-01,-2.544750e+00
19.05461,9.862147e-01,-1.435672e+01,1.100960e-01,1.472871e+02,4.303411e-02,8.043476e+01,9.032460e-01,-2.787985e+00
20.89296,9.849483e-01,-1.572296e+01,1.115432e-01,1.444110e+02,4.707620e-02,7.952657e+01,9.029703e-01,-3.053985e+00
22.90868,9.834388e-01,-1.721515e+01,1.132412e-01,1.413325e+02,5.147441e-02,7.853530e+01,9.026421e-01,-3.344736e+00
25.11886,9.816429e-01,-1.884364e+01,1.152252e-01,1.380494e+02,5.625295e-02,7.745432e+01,9.022523e-01,-3.662355e+00
27.54229,9.795103e-01,-2.061925e+01,1.175326e-01,1.345624e+02,6.143545e-02,7.627676e+01,9.017904e-01,-4.009091e+00
30.19952,9.769842e-01,-2.255318e+01,1.202015e-01,1.308749e+02,6.704419e-02,7.499559e+01,9.012445e-01,-4.387315e+00
33.11311,9.740004e-01,-2.465685e+01,1.232702e-01,1.269932e+02,7.309908e-02,7.360376e+01,9.006014e-01,-4.799511e+00
36.30781,9.704877e-01,-2.694171e+01,1.267746e-01,1.229269e+02,7.961639e-02,7.209433e+01,8.998469e-01,-5.248271e+00
39.81072,9.663687e-01,-2.941897e+01,1.307471e-01,1.186884e+02,8.660720e-02,7.046068e+01,8.989656e-01,-5.736269e+00
43.65158,9.615610e-01,-3.209925e+01,1.352135e-01,1.142926e+02,9.407566e-02,6.869676e+01,8.979418e-01,-6.266256e+00
47.86301,9.559796e-01,-3.499223e+01,1.401906e-01,1.097563e+02,1.020170e-01,6.679741e+01,8.967599e-01,-6.841036e+00
52.48075,9.495400e-01,-3.810607e+01,1.456831e-01,1.050977e+02,1.104153e-01,6.475863e+01,8.954051e-01,-7.463461e+00
57.54399,9.421633e-01,-4.144689e+01,1.516816e-01,1.003360e+02,1.192417e-01,6.257804e+01,8.938652e-01,-8.136435e+00
63.09573,9.337821e-01,-4.501816e+01,1.581596e-01,9.549062e+01,1.284520e-01,6.025519e+01,8.921316e-01,-8.862931e+00
69.18310,9.243472e-01,-4.881997e+01,1.650722e-01,9.058120e+01,1.379859e-01,5.779198e+01,8.902008e-01,-9.646041e+00
75.85776,9.138358e-01,-5.284847e+01,1.723555e-01,8.562714e+01,1.477661e-01,5.519293e+01,8.880767e-01,-1.048906e+01
83.17638,9.022595e-01,-5.709519e+01,1.799268e-01,8.064765e+01,1.576992e-01,5.246543e+01,8.857716e-01,-1.139560e+01
91.20108,8.896705e-01,-6.154666e+01,1.876868e-01,7.566176e+01,1.676773e-01,4.961972e+01,8.833078e-01,-1.236977e+01
100.00000,8.761667e-01,-6.618412e+01,1.955230e-01,7.068822e+01,1.775818e-01,4.666883e+01,8.807178e-01,-1.341637e+01
109.64782,8.618926e-01,-7.098350e+01,2.033147e-01,6.574547e+01,1.872882e-01,4.362812e+01,8.780443e-01,-1.454106e+01
120.22644,8.470358e-01,-7.591578e+01,2.109387e-01,6.085133e+01,1.966714e-01,4.051478e+01,8.753389e-01,-1.575064e+01
131.82567,8.318196e-01,-8.094752e+01,2.182750e-01,5.602269e+01,2.056122e-01,3.734696e+01,8.726593e-01,-1.705315e+01
144.54398,8.164907e-01,-8.604185e+01,2.252132e-01,5.127495e+01,2.140028e-01,3.414297e+01,8.700674e-01,-1.845799e+01
158.48932,8.013040e-01,-9.115963e+01,2.316569e-01,4.662150e+01,2.217514e-01,3.092029e+01,8.676253e-01,-1.997593e+01
173.78008,7.865070e-01,-9.626075e+01,2.375265e-01,4.207317e+01,2.287851e-01,2.769474e+01,8.653930e-01,-2.161905e+01
190.54607,7.723251e-01,-1.013056e+02,2.427609e-01,3.763786e+01,2.350505e-01,2.447976e+01,8.634254e-01,-2.340050e+01
208.92961,7.589494e-01,-1.062563e+02,2.473166e-01,3.332022e+01,2.405135e-01,2.128592e+01,8.617717e-01,-2.533428e+01
229.08677,7.465288e-01,-1.110783e+02,2.511655e-01,2.912162e+01,2.451561e-01,1.812065e+01,8.604739e-01,-2.743489e+01
251.18864,7.351675e-01,-1.157410e+02,2.542920e-01,2.504028e+01,2.489730e-01,1.498823e+01,8.595682e-01,-2.971694e+01
275.42287,7.249252e-01,-1.202188e+02,2.566889e-01,2.107160e+01,2.519679e-01,1.189004e+01,8.590849e-01,-3.219475e+01
301.99517,7.158221e-01,-1.244911e+02,2.583539e-01,1.720863e+01,2.541489e-01,8.824897e+00,8.590503e-01,-3.488182e+01
331.13112,7.078451e-01,-1.285432e+02,2.592864e-01,1.344267e+01,2.555252e-01,5.789616e+00,8.594876e-01,-3.779036e+01
363.07805,7.009551e-01,-1.323652e+02,2.594845e-01,9.763892e+00,2.561045e-01,2.779641e+00,8.604177e-01,-4.093071e+01
398.10717,6.950949e-01,-1.359526e+02,2.589434e-01,6.162117e+00,2.558909e-01,-2.102772e-01,8.618592e-01,-4.431067e+01
436.51583,6.901950e-01,-1.393048e+02,2.576550e-01,2.627489e+00,2.548839e-01,-3.185356e+00,8.638278e-01,-4.793480e+01
478.63009,6.861797e-01,-1.424253e+02,2.556080e-01,-8.487783e-01,2.530795e-01,-6.150059e+00,8.663351e-01,-5.180373e+01
524.80746,6.829703e-01,-1.453207e+02,2.527895e-01,-4.273708e+00,2.504710e-01,-9.107394e+00,8.693861e-01,-5.591338e+01
575.43994,6.804886e-01,-1.479999e+02,2.491872e-01,-7.651917e+00,2.470518e-01,-1.205826e+01,8.729766e-01,-6.025433e+01
630.95734,6.786573e-01,-1.504736e+02,2.447931e-01,-1.098505e+01,2.428186e-01,-1.500086e+01,8.770901e-01,-6.481125e+01
691.83097,6.774017e-01,-1.527540e+02,2.396071e-01,-1.427136e+01,2.377754e-01,-1.793028e+01,8.816951e-01,-6.956265e+01
758.57758,6.766487e-01,-1.548537e+02,2.336410e-01,-1.750542e+01,2.319375e-01,-2.083818e+01,8.867427e-01,-7.448089e+01
831.76377,6.763277e-01,-1.567857e+02,2.269225e-01,-2.067809e+01,2.253354e-01,-2.371274e+01,8.921664e-01,-7.953261e+01
912.01084,6.763700e-01,-1.585626e+02,2.194978e-01,-2.377669e+01,2.180176e-01,-2.653881e+01,8.978827e-01,-8.467962e+01
1000.00000,6.767091e-01,-1.601967e+02,2.114330e-01,-2.678544e+01,2.100523e-01,-2.929836e+01,9.037942e-01,-8.988009e+01
1096.47820,6.772816e-01,-1.616991e+02,2.028141e-01,-2.968612e+01,2.015267e-01,-3.197109e+01,9.097948e-01,-9.509021e+01
1202.26443,6.780285e-01,-1.630803e+02,1.937445e-01,-3.245891e+01,1.925452e-01,-3.453530e+01,9.157755e-01,-1.002659e+02
1318.25674,6.788956e-01,-1.643495e+02,1.843408e-01,-3.508336e+01,1.832252e-01,-3.696879e+01,9.216315e-01,-1.053648e+02
1445.43977,6.798356e-01,-1.655148e+02,1.747278e-01,-3.753931e+01,1.736919e-01,-3.924982e+01,9.272681e-01,-1.103474e+02
1584.89319,6.808085e-01,-1.665833e+02,1.650319e-01,-3.980782e+01,1.640721e-01,-4.135801e+01,9.326061e-01,-1.151790e+02
1737.80083,6.817821e-01,-1.675613e+02,1.553757e-01,-4.187187e+01,1.544886e-01,-4.327502e+01,9.375847e-01,-1.198304e+02
1905.46072,6.827326e-01,-1.684541e+02,1.458727e-01,-4.371694e+01,1.450547e-01,-4.498511e+01,9.421628e-01,-1.242782e+02
2089.29613,6.836437e-01,-1.692665e+02,1.366231e-01,-4.533132e+01,1.358707e-01,-4.647552e+01,9.463185e-01,-1.285052e+02
2290.86765,6.845060e-01,-1.700028e+02,1.277114e-01,-4.670636e+01,1.270213e-01,-4.773659e+01,9.500468e-01,-1.325002e+02
2511.88643,6.853163e-01,-1.706669e+02,1.192054e-01,-4.783646e+01,1.185742e-01,-4.876185e+01,9.533567e-01,-1.362571e+02
2754.22870,6.860761e-01,-1.712622e+02,1.111564e-01,-4.871911e+01,1.105805e-01,-4.954800e+01,9.562681e-01,-1.397745e+02
3019.95172,6.867911e-01,-1.717920e+02,1.035997e-01,-4.935479e+01,1.030759e-01,-5.009484e+01,9.588082e-01,-1.430550e+02
3311.31121,6.874703e-01,-1.722592e+02,9.655666e-02,-4.974700e+01,9.608164e-02,-5.040525e+01,9.610087e-01,-1.461042e+02
3630.78055,6.881250e-01,-1.726666e+02,9.003664e-02,-4.990223e+01,8.960719e-02,-5.048519e+01,9.629034e-01,-1.489301e+02
3981.07171,6.887688e-01,-1.730166e+02,8.403870e-02,-4.983005e+01,8.365172e-02,-5.034380e+01,9.645264e-01,-1.515426e+02
4365.15832,6.894168e-01,-1.733116e+02,7.855371e-02,-4.954318e+01,7.820620e-02,-4.999344e+01,9.659105e-01,-1.539526e+02
4786.30092,6.900861e-01,-1.735534e+02,7.356595e-02,-4.905765e+01,7.325504e-02,-4.944983e+01,9.670867e-01,-1.561716e+02
5248.07460,6.907956e-01,-1.737439e+02,6.905464e-02,-4.839282e+01,6.877756e-02,-4.873208e+01,9.680832e-01,-1.582116e+02
5754.39937,6.915661e-01,-1.738846e+02,6.499514e-02,-4.757137e+01,6.474922e-02,-4.786268e+01,9.689255e-01,-1.600845e+02
6309.57344,6.924209e-01,-1.739770e+02,6.135994e-02,-4.661916e+01,6.114262e-02,-4.686727e+01,9.696365e-01,-1.618021e+02
6918.30971,6.933860e-01,-1.740221e+02,5.811948e-02,-4.556483e+01,5.792829e-02,-4.577434e+01,9.702359e-01,-1.633757e+02
7585.77575,6.944908e-01,-1.740212e+02,5.524285e-02,-4.443926e+01,5.507543e-02,-4.461459e+01,9.707411e-01,-1.648163e+02
8317.63771,6.957687e-01,-1.739751e+02,5.269833e-02,-4.327487e+01,5.255241e-02,-4.342023e+01,9.711674e-01,-1.661341e+02
9120.10839,6.972574e-01,-1.738848e+02,5.045388e-02,-4.210469e+01,5.032731e-02,-4.222404e+01,9.715276e-01,-1.673390e+02
10000.00000,6.989998e-01,-1.737516e+02,4.847760e-02,-4.096142e+01,4.836833e-02,-4.105847e+01,9.718328e-01,-1.684400e+02
