! ! 
! S ! 
! ! 
! # MHz  S  MA  R  50.00000
! ! ===================================================================
1.00000,9.934042e-01,-7.477650e-01,6.950477e-02,1.775674e+02,2.334252e-03,8.949909e+01,9.463888e-01,-1.437651e-01
1.09648,9.934007e-01,-8.199053e-01,6.951231e-02,1.773328e+02,2.559440e-03,8.945072e+01,9.463880e-01,-1.576329e-01
1.20226,9.933964e-01,-8.990046e-01,6.952137e-02,1.770757e+02,2.806348e-03,8.939770e+01,9.463871e-01,-1.728388e-01
1.31826,9.933912e-01,-9.857343e-01,6.953227e-02,1.767938e+02,3.077071e-03,8.933956e+01,9.463860e-01,-1.895117e-01
1.44544,9.933850e-01,-1.080830e+00,6.954536e-02,1.764848e+02,3.373904e-03,8.927582e+01,9.463847e-01,-2.077930e-01
1.58489,9.933775e-01,-1.185098e+00,6.956110e-02,1.761461e+02,3.699362e-03,8.920594e+01,9.463830e-01,-2.278379e-01
1.73780,9.933686e-01,-1.299424e+00,6.958002e-02,1.757749e+02,4.056205e-03,8.912931e+01,9.463811e-01,-2.498165e-01
1.90546,9.933578e-01,-1.424776e+00,6.960276e-02,1.753681e+02,4.447454e-03,8.904530e+01,9.463788e-01,-2.739151e-01
2.08930,9.933448e-01,-1.562217e+00,6.963009e-02,1.749223e+02,4.876422e-03,8.895318e+01,9.463760e-01,-3.003381e-01
2.29087,9.933292e-01,-1.712912e+00,6.966292e-02,1.744339e+02,5.346741e-03,8.885219e+01,9.463726e-01,-3.293095e-01
2.51189,9.933105e-01,-1.878138e+00,6.970237e-02,1.738988e+02,5.862387e-03,8.874146e+01,9.463686e-01,-3.610749e-01
2.75423,9.932879e-01,-2.059295e+00,6.974976e-02,1.733127e+02,6.427719e-03,8.862006e+01,9.463637e-01,-3.959035e-01
3.01995,9.932609e-01,-2.257916e+00,6.980669e-02,1.726709e+02,7.047511e-03,8.848695e+01,9.463579e-01,-4.340904e-01
3.31131,9.932283e-01,-2.475681e+00,6.987505e-02,1.719683e+02,7.726990e-03,8.834102e+01,9.463508e-01,-4.759587e-01
3.63078,9.931892e-01,-2.714432e+00,6.995713e-02,1.711993e+02,8.471879e-03,8.818103e+01,9.463424e-01,-5.218629e-01
3.98107,9.931421e-01,-2.976187e+00,7.005565e-02,1.703579e+02,9.288445e-03,8.800563e+01,9.463322e-01,-5.721913e-01
4.36516,9.930856e-01,-3.263154e+00,7.017388e-02,1.694378e+02,1.018354e-02,8.781334e+01,9.463200e-01,-6.273690e-01
4.78630,9.930177e-01,-3.577754e+00,7.031569e-02,1.684321e+02,1.116467e-02,8.760254e+01,9.463054e-01,-6.878620e-01
5.24807,9.929360e-01,-3.922634e+00,7.048572e-02,1.673335e+02,1.224001e-02,8.737146e+01,9.462878e-01,-7.541806e-01
5.75440,9.928379e-01,-4.300694e+00,7.068946e-02,1.661343e+02,1.341854e-02,8.711816e+01,9.462666e-01,-8.268833e-01
6.30957,9.927201e-01,-4.715105e+00,7.093345e-02,1.648264e+02,1.471001e-02,8.684052e+01,9.462412e-01,-9.065815e-01
6.91831,9.925785e-01,-5.169335e+00,7.122541e-02,1.634015e+02,1.612509e-02,8.653622e+01,9.462106e-01,-9.939443e-01
7.58578,9.924084e-01,-5.667174e+00,7.157446e-02,1.618510e+02,1.767540e-02,8.620273e+01,9.461739e-01,-1.089703e+00
8.31764,9.922042e-01,-6.212761e+00,7.199130e-02,1.601662e+02,1.937355e-02,8.583729e+01,9.461299e-01,-1.194658e+00
9.12011,9.919590e-01,-6.810614e+00,7.248848e-02,1.583385e+02,2.123328e-02,8.543688e+01,9.460770e-01,-1.309683e+00
10.00000,9.916647e-01,-7.465658e+00,7.308059e-02,1.563596e+02,2.326946e-02,8.499822e+01,9.460136e-01,-1.435732e+00
10.96478,9.913116e-01,-8.183256e+00,7.378453e-02,1.542219e+02,2.549818e-02,8.451774e+01,9.459375e-01,-1.573844e+00
12.02264,9.908880e-01,-8.969240e+00,7.461972e-02,1.519185e+02,2.793678e-02,8.399156e+01,9.458462e-01,-1.725154e+00
13.18257,9.903802e-01,-9.829942e+00,7.560831e-02,1.494440e+02,3.060392e-02,8.341549e+01,9.457369e-01,-1.890896e+00
14.45440,9.897719e-01,-1.077222e+01,7.677531e-02,1.467944e+02,3.351952e-02,8.278498e+01,9.456059e-01,-2.072409e+00
15.84893,9.890434e-01,-1.180349e+01,7.814866e-02,1.439677e+02,3.670482e-02,8.209513e+01,9.454492e-01,-2.271147e+00
17.37801,9.881720e-01,-1.293173e+01,7.975918e-02,1.409644e+02,4.018222e-02,8.134069e+01,9.452619e-01,-2.488685e+00
19.05461,9.871304e-01,-1.416552e+01,8.164037e-02,1.377875e+02,4.397525e-02,8.051603e+01,9.450383e-01,-2.726721e+00
20.89296,9.858871e-01,-1.551402e+01,8.382808e-02,1.344429e+02,4.810826e-02,7.961517e+01,9.447715e-01,-2.987085e+00
22.90868,9.844049e-01,-1.698697e+01,8.635986e-02,1.309390e+02,5.260619e-02,7.863178e+01,9.444540e-01,-3.271739e+00
25.11886,9.826409e-01,-1.859463e+01,8.927424e-02,1.272868e+02,5.749406e-02,7.755924e+01,9.440766e-01,-3.582782e+00
27.54229,9.805457e-01,-2.034777e+01,9.260964e-02,1.234993e+02,6.279643e-02,7.639067e+01,9.436293e-01,-3.922445e+00
30.19952,9.780630e-01,-2.225752e+01,9.640313e-02,1.195909e+02,6.853654e-02,7.511903e+01,9.431003e-01,-4.293090e+00
33.11311,9.751292e-01,-2.433528e+01,1.006889e-01,1.155769e+02,7.473536e-02,7.373721e+01,9.424768e-01,-4.697203e+00
36.30781,9.716738e-01,-2.659249e+01,1.054965e-01,1.114721e+02,8.141023e-02,7.223822e+01,9.417447e-01,-5.137385e+00
39.81072,9.676196e-01,-2.904039e+01,1.108492e-01,1.072909e+02,8.857340e-02,7.061533e+01,9.408888e-01,-5.616336e+00
43.65158,9.628844e-01,-3.168972e+01,1.167615e-01,1.030461e+02,9.623014e-02,6.886236e+01,9.398936e-01,-6.136849e+00
47.86301,9.573829e-01,-3.455026e+01,1.232372e-01,9.874881e+01,1.043768e-01,6.697395e+01,9.387432e-01,-6.701788e+00
52.48075,9.510298e-01,-3.763044e+01,1.302674e-01,9.440854e+01,1.129984e-01,6.494587e+01,9.374227e-01,-7.314090e+00
57.54399,9.437448e-01,-4.093668e+01,1.378281e-01,9.003307e+01,1.220669e-01,6.277544e+01,9.359192e-01,-7.976760e+00
63.09573,9.354581e-01,-4.447283e+01,1.458785e-01,8.562908e+01,1.315387e-01,6.046187e+01,9.342231e-01,-8.692896e+00
69.18310,9.261173e-01,-4.823951e+01,1.543597e-01,8.120261e+01,1.413534e-01,5.800666e+01,9.323297e-01,-9.465730e+00
75.85776,9.156955e-01,-5.223343e+01,1.631943e-01,7.675975e+01,1.514333e-01,5.541388e+01,9.302410e-01,-1.029870e+01
83.17638,9.041992e-01,-5.644681e+01,1.722873e-01,7.230719e+01,1.616834e-01,5.269044e+01,9.279668e-01,-1.119558e+01
91.20108,8.916750e-01,-6.086693e+01,1.815275e-01,6.785269e+01,1.719938e-01,4.984615e+01,9.255266e-01,-1.216061e+01
100.00000,8.782152e-01,-6.547577e+01,1.907917e-01,6.340538e+01,1.822426e-01,4.689356e+01,9.229496e-01,-1.319868e+01
109.64782,8.639586e-01,-7.025005e+01,1.999488e-01,5.897573e+01,1.923010e-01,4.384767e+01,9.202746e-01,-1.431555e+01
120.22644,8.490887e-01,-7.516143e+01,2.088665e-01,5.457537e+01,2.020389e-01,4.072535e+01,9.175489e-01,-1.551800e+01
131.82567,8.338258e-01,-8.017712e+01,2.174167e-01,5.021654e+01,2.113312e-01,3.754456e+01,9.148262e-01,-1.681407e+01
144.54398,8.184158e-01,-8.526072e+01,2.254821e-01,4.591147e+01,2.200640e-01,3.432355e+01,9.121638e-01,-1.821305e+01
158.48932,8.031152e-01,-9.037339e+01,2.329605e-01,4.167162e+01,2.281389e-01,3.107984e+01,9.096190e-01,-1.972559e+01
173.78008,7.881753e-01,-9.547512e+01,2.397687e-01,3.750694e+01,2.354770e-01,2.782940e+01,9.072469e-01,-2.136359e+01
190.54607,7.738267e-01,-1.005262e+02,2.458433e-01,3.342523e+01,2.420194e-01,2.458594e+01,9.050973e-01,-2.314003e+01
208.92961,7.602675e-01,-1.054885e+02,2.511401e-01,2.943170e+01,2.477270e-01,2.136034e+01,9.032135e-01,-2.506873e+01
229.08677,7.476542e-01,-1.103270e+02,2.556322e-01,2.552875e+01,2.525779e-01,1.816038e+01,9.016312e-01,-2.716404e+01
251.18864,7.360983e-01,-1.150104e+02,2.593061e-01,2.171593e+01,2.565638e-01,1.499075e+01,9.003793e-01,-2.944045e+01
275.42287,7.256665e-01,-1.195124e+02,2.621578e-01,1.799017e+01,2.596859e-01,1.185319e+01,8.994800e-01,-3.191219e+01
301.99517,7.163848e-01,-1.238119e+02,2.641888e-01,1.434620e+01,2.619506e-01,8.746914e+00,8.989508e-01,-3.459278e+01
331.13112,7.082447e-01,-1.278931e+02,2.654027e-01,1.077703e+01,2.633660e-01,5.669114e+00,8.988049e-01,-3.749449e+01
363.07805,7.012106e-01,-1.317457e+02,2.658019e-01,7.274601e+00,2.639390e-01,2.615620e+00,8.990529e-01,-4.062777e+01
398.10717,6.952273e-01,-1.353643e+02,2.653858e-01,3.830480e+00,2.636732e-01,-4.184157e-01,8.997029e-01,-4.400064e+01
436.51583,6.902264e-01,-1.387480e+02,2.641505e-01,4.365643e-01,2.625682e-01,-3.437784e+00,9.007605e-01,-4.761794e+01
478.63009,6.861320e-01,-1.418999e+02,2.620889e-01,-2.914193e+00,2.606202e-01,-6.446480e+00,9.022281e-01,-5.148063e+01
524.80746,6.828648e-01,-1.448262e+02,2.591924e-01,-6.227088e+00,2.578235e-01,-9.446993e+00,9.041038e-01,-5.558501e+01
575.43994,6.803448e-01,-1.475355e+02,2.554535e-01,-9.505023e+00,2.541732e-01,-1.243965e+01,9.063793e-01,-5.992205e+01
630.95734,6.784928e-01,-1.500386e+02,2.508693e-01,-1.274796e+01,2.496685e-01,-1.542205e+01,9.090384e-01,-6.447680e+01
691.83097,6.772312e-01,-1.523474e+02,2.454458e-01,-1.595250e+01,2.443172e-01,-1.838863e+01,9.120546e-01,-6.922811e+01
758.57758,6.764845e-01,-1.544746e+02,2.392015e-01,-1.911167e+01,2.381396e-01,-2.133041e+01,9.153902e-01,-7.414860e+01
831.76377,6.761787e-01,-1.564332e+02,2.321717e-01,-2.221486e+01,2.311722e-01,-2.423499e+01,9.189959e-01,-7.920507e+01
912.01084,6.762421e-01,-1.582356e+02,2.244111e-01,-2.524810e+01,2.234705e-01,-2.708672e+01,9.228110e-01,-8.435932e+01
1000.00000,6.766057e-01,-1.598942e+02,2.159946e-01,-2.819450e+01,2.151103e-01,-2.986721e+01,9.267663e-01,-8.956941e+01
1096.47820,6.772034e-01,-1.614201e+02,2.070169e-01,-3.103499e+01,2.061869e-01,-3.255596e+01,9.307872e-01,-9.479128e+01
1202.26443,6.779743e-01,-1.628236e+02,1.975899e-01,-3.374913e+01,1.968123e-01,-3.513129e+01,9.347977e-01,-9.998051e+01
1318.25674,6.788627e-01,-1.641140e+02,1.878374e-01,-3.631611e+01,1.871107e-01,-3.757121e+01,9.387254e-01,-1.050942e+02
1445.43977,6.798205e-01,-1.652992e+02,1.778904e-01,-3.871566e+01,1.772129e-01,-3.985439e+01,9.425053e-01,-1.100926e+02
1584.89319,6.808073e-01,-1.663863e+02,1.678800e-01,-4.092890e+01,1.672502e-01,-4.196100e+01,9.460836e-01,-1.149404e+02
1737.80083,6.817912e-01,-1.673816e+02,1.579319e-01,-4.293904e+01,1.573481e-01,-4.387335e+01,9.494191e-01,-1.196082e+02
1905.46072,6.827484e-01,-1.682904e+02,1.481611e-01,-4.473186e+01,1.476215e-01,-4.557642e+01,9.524843e-01,-1.240721e+02
2089.29613,6.836632e-01,-1.691176e+02,1.386681e-01,-4.629602e+01,1.381709e-01,-4.705816e+01,9.552649e-01,-1.283148e+02
2290.86765,6.845269e-01,-1.698674e+02,1.295371e-01,-4.762318e+01,1.290803e-01,-4.830956e+01,9.577579e-01,-1.323247e+02
2511.88643,6.853367e-01,-1.705439e+02,1.208346e-01,-4.870805e+01,1.204161e-01,-4.932475e+01,9.599698e-01,-1.360957e+02
2754.22870,6.860948e-01,-1.711505e+02,1.126099e-01,-4.954831e+01,1.122277e-01,-5.010088e+01,9.619143e-01,-1.396264e+02
3019.95172,6.868073e-01,-1.716905e+02,1.048967e-01,-5.014458e+01,1.045487e-01,-5.063809e+01,9.636099e-01,-1.429193e+02
3311.31121,6.874835e-01,-1.721671e+02,9.771424e-02,-5.050035e+01,9.739838e-02,-5.093949e+01,9.650783e-01,-1.459800e+02
3630.78055,6.881350e-01,-1.725830e+02,9.107006e-02,-5.062201e+01,9.078426e-02,-5.101113e+01,9.663422e-01,-1.488166e+02
3981.07171,6.887754e-01,-1.729408e+02,8.496145e-02,-5.051896e+01,8.470372e-02,-5.086207e+01,9.674247e-01,-1.514388e+02
4365.15832,6.894201e-01,-1.732427e+02,7.937770e-02,-5.020365e+01,7.914611e-02,-5.050455e+01,9.683478e-01,-1.538577e+02
4786.30092,6.900863e-01,-1.734909e+02,7.430173e-02,-4.969176e+01,7.409439e-02,-4.995402e+01,9.691323e-01,-1.560850e+02
5248.07460,6.907927e-01,-1.736872e+02,6.971155e-02,-4.900223e+01,6.952665e-02,-4.922928e+01,9.697972e-01,-1.581325e+02
5754.39937,6.915603e-01,-1.738333e+02,6.558152e-02,-4.815735e+01,6.541731e-02,-4.835246e+01,9.703597e-01,-1.600123e+02
6309.57344,6.924123e-01,-1.739305e+02,6.188324e-02,-4.718252e+01,6.173804e-02,-4.734885e+01,9.708348e-01,-1.617362e+02
6918.30971,6.933746e-01,-1.739801e+02,5.858643e-02,-4.610600e+01,5.845861e-02,-4.624659e+01,9.712360e-01,-1.633157e+02
7585.77575,6.944767e-01,-1.739832e+02,5.565955e-02,-4.495833e+01,5.554756e-02,-4.507610e+01,9.715751e-01,-1.647615e+02
8317.63771,6.957518e-01,-1.739408e+02,5.307032e-02,-4.377166e+01,5.297266e-02,-4.386939e+01,9.718620e-01,-1.660842e+02
9120.10839,6.972376e-01,-1.738540e+02,5.078622e-02,-4.257883e+01,5.070147e-02,-4.265916e+01,9.721056e-01,-1.672934e+02
10000.00000,6.989769e-01,-1.737238e+02,4.877492e-02,-4.141248e+01,4.870171e-02,-4.147786e+01,9.723134e-01,-1.683984e+02
