! ! 
! S ! 
! ! 
! # MHz  S  MA  R  50.00000
! ! ===================================================================
1.00000,9.918020e-01,-7.804026e-01,1.877993e-01,1.787767e+02,2.287283e-03,8.948172e+01,9.045457e-01,-1.545342e-01
1.09648,9.917981e-01,-8.556912e-01,1.878009e-01,1.786586e+02,2.507938e-03,8.943168e+01,9.045447e-01,-1.694409e-01
1.20226,9.917935e-01,-9.382426e-01,1.878028e-01,1.785291e+02,2.749877e-03,8.937682e+01,9.045435e-01,-1.857858e-01
1.31826,9.917879e-01,-1.028757e+00,1.878051e-01,1.783871e+02,3.015149e-03,8.931667e+01,9.045421e-01,-2.037074e-01
1.44544,9.917813e-01,-1.128003e+00,1.878078e-01,1.782315e+02,3.306006e-03,8.925072e+01,9.045404e-01,-2.233580e-01
1.58489,9.917732e-01,-1.236821e+00,1.878111e-01,1.780608e+02,3.624910e-03,8.917841e+01,9.045383e-01,-2.449041e-01
1.73780,9.917636e-01,-1.356135e+00,1.878150e-01,1.778737e+02,3.974566e-03,8.909913e+01,9.045358e-01,-2.685286e-01
1.90546,9.917520e-01,-1.486956e+00,1.878198e-01,1.776686e+02,4.357933e-03,8.901221e+01,9.045329e-01,-2.944316e-01
2.08930,9.917380e-01,-1.630394e+00,1.878255e-01,1.774437e+02,4.778258e-03,8.891690e+01,9.045293e-01,-3.228329e-01
2.29087,9.917213e-01,-1.787664e+00,1.878323e-01,1.771971e+02,5.239097e-03,8.881241e+01,9.045250e-01,-3.539732e-01
2.51189,9.917011e-01,-1.960098e+00,1.878406e-01,1.769268e+02,5.744346e-03,8.869785e+01,9.045198e-01,-3.881163e-01
2.75423,9.916769e-01,-2.149156e+00,1.878505e-01,1.766305e+02,6.298274e-03,8.857224e+01,9.045136e-01,-4.255513e-01
3.01995,9.916477e-01,-2.356439e+00,1.878624e-01,1.763056e+02,6.905556e-03,8.843453e+01,9.045062e-01,-4.665952e-01
3.31131,9.916127e-01,-2.583700e+00,1.878767e-01,1.759494e+02,7.571311e-03,8.828355e+01,9.044972e-01,-5.115953e-01
3.63078,9.915706e-01,-2.832860e+00,1.878939e-01,1.755589e+02,8.301145e-03,8.811802e+01,9.044864e-01,-5.609321e-01
3.98107,9.915200e-01,-3.106023e+00,1.879145e-01,1.751309e+02,9.101191e-03,8.793655e+01,9.044735e-01,-6.150223e-01
4.36516,9.914593e-01,-3.405494e+00,1.879393e-01,1.746618e+02,9.978159e-03,8.773762e+01,9.044579e-01,-6.743225e-01
4.78630,9.913862e-01,-3.733796e+00,1.879692e-01,1.741476e+02,1.093939e-02,8.751953e+01,9.044392e-01,-7.393326e-01
5.24807,9.912984e-01,-4.093692e+00,1.880050e-01,1.735841e+02,1.199289e-02,8.728048e+01,9.044167e-01,-8.105999e-01
5.75440,9.911929e-01,-4.488204e+00,1.880480e-01,1.729666e+02,1.314743e-02,8.701844e+01,9.043897e-01,-8.887235e-01
6.30957,9.910662e-01,-4.920638e+00,1.880997e-01,1.722899e+02,1.441256e-02,8.673123e+01,9.043573e-01,-9.743584e-01
6.91831,9.909139e-01,-5.394608e+00,1.881618e-01,1.715486e+02,1.579869e-02,8.641645e+01,9.043183e-01,-1.068221e+00
7.58578,9.907311e-01,-5.914063e+00,1.882363e-01,1.707366e+02,1.731718e-02,8.607149e+01,9.042715e-01,-1.171095e+00
8.31764,9.905115e-01,-6.483315e+00,1.883257e-01,1.698473e+02,1.898034e-02,8.569350e+01,9.042153e-01,-1.283836e+00
9.12011,9.902479e-01,-7.107067e+00,1.884329e-01,1.688736e+02,2.080157e-02,8.527937e+01,9.041479e-01,-1.407376e+00
10.00000,9.899316e-01,-7.790444e+00,1.885615e-01,1.678079e+02,2.279536e-02,8.482572e+01,9.040670e-01,-1.542733e+00
10.96478,9.895522e-01,-8.539024e+00,1.887155e-01,1.666417e+02,2.497736e-02,8.432887e+01,9.039700e-01,-1.691016e+00
12.02264,9.890971e-01,-9.358869e+00,1.889000e-01,1.653662e+02,2.736444e-02,8.378482e+01,9.038537e-01,-1.853429e+00
13.18257,9.885517e-01,-1.025655e+01,1.891207e-01,1.639717e+02,2.997468e-02,8.318926e+01,9.037144e-01,-2.031282e+00
14.45440,9.878984e-01,-1.123919e+01,1.893846e-01,1.624482e+02,3.282739e-02,8.253753e+01,9.035476e-01,-2.225993e+00
15.84893,9.871165e-01,-1.231446e+01,1.896997e-01,1.607847e+02,3.594304e-02,8.182461e+01,9.033481e-01,-2.439094e+00
17.37801,9.861814e-01,-1.349062e+01,1.900755e-01,1.589701e+02,3.934322e-02,8.104511e+01,9.031097e-01,-2.672240e+00
19.05461,9.850644e-01,-1.477653e+01,1.905228e-01,1.569923e+02,4.305044e-02,8.019329e+01,9.028252e-01,-2.927207e+00
20.89296,9.837318e-01,-1.618161e+01,1.910544e-01,1.548394e+02,4.708793e-02,7.926307e+01,9.024862e-01,-3.205897e+00
22.90868,9.821442e-01,-1.771588e+01,1.916846e-01,1.524990e+02,5.147925e-02,7.824804e+01,9.020828e-01,-3.510337e+00
25.11886,9.802565e-01,-1.938984e+01,1.924298e-01,1.499589e+02,5.624788e-02,7.714150e+01,9.016040e-01,-3.842677e+00
27.54229,9.780165e-01,-2.121445e+01,1.933081e-01,1.472072e+02,6.141652e-02,7.593656e+01,9.010369e-01,-4.205179e+00
30.19952,9.753653e-01,-2.320102e+01,1.943396e-01,1.442328e+02,6.700627e-02,7.462619e+01,9.003672e-01,-4.600213e+00
33.11311,9.722368e-01,-2.536099e+01,1.955456e-01,1.410260e+02,7.303558e-02,7.320340e+01,8.995791e-01,-5.030235e+00
36.30781,9.685581e-01,-2.770578e+01,1.969484e-01,1.375785e+02,7.951893e-02,7.166136e+01,8.986553e-01,-5.497772e+00
39.81072,9.642502e-01,-3.024646e+01,1.985707e-01,1.338848e+02,8.646529e-02,6.999364e+01,8.975778e-01,-6.005400e+00
43.65158,9.592299e-01,-3.299344e+01,2.004339e-01,1.299421e+02,9.387627e-02,6.819447e+01,8.963279e-01,-6.555718e+00
47.86301,9.534123e-01,-3.595595e+01,2.025572e-01,1.257516e+02,1.017442e-01,6.625905e+01,8.948873e-01,-7.151327e+00
52.48075,9.467145e-01,-3.914162e+01,2.049555e-01,1.213185e+02,1.100500e-01,6.418390e+01,8.932393e-01,-7.794821e+00
57.54399,9.390605e-01,-4.255581e+01,2.076373e-01,1.166531e+02,1.187613e-01,6.196725e+01,8.913702e-01,-8.488781e+00
63.09573,9.303879e-01,-4.620101e+01,2.106025e-01,1.117706e+02,1.278305e-01,5.960939e+01,8.892712e-01,-9.235808e+00
69.18310,9.206552e-01,-5.007615e+01,2.138406e-01,1.066915e+02,1.371940e-01,5.711307e+01,8.869400e-01,-1.003858e+01
75.85776,9.098494e-01,-5.417600e+01,2.173285e-01,1.014412e+02,1.467718e-01,5.448374e+01,8.843833e-01,-1.089995e+01
83.17638,8.979937e-01,-5.849056e+01,2.210300e-01,9.604968e+01,1.564688e-01,5.172975e+01,8.816178e-01,-1.182310e+01
91.20108,8.851541e-01,-6.300473e+01,2.248958e-01,9.055036e+01,1.661765e-01,4.886231e+01,8.786722e-01,-1.281175e+01
100.00000,8.714424e-01,-6.769805e+01,2.288646e-01,8.497910e+01,1.757776e-01,4.589529e+01,8.755872e-01,-1.387036e+01
109.64782,8.570164e-01,-7.254485e+01,2.328658e-01,7.937285e+01,1.851504e-01,4.284479e+01,8.724146e-01,-1.500440e+01
120.22644,8.420751e-01,-7.751459e+01,2.368233e-01,7.376818e+01,1.941750e-01,3.972847e+01,8.692158e-01,-1.622058e+01
131.82567,8.268494e-01,-8.257265e+01,2.406591e-01,6.819988e+01,2.027387e-01,3.656474e+01,8.660589e-01,-1.752699e+01
144.54398,8.115893e-01,-8.768126e+01,2.442977e-01,6.269964e+01,2.107416e-01,3.337183e+01,8.630150e-01,-1.893326e+01
158.48932,7.965479e-01,-9.280079e+01,2.476699e-01,5.729495e+01,2.181006e-01,3.016691e+01,8.601546e-01,-2.045049e+01
173.78008,7.819662e-01,-9.789109e+01,2.507148e-01,5.200835e+01,2.247513e-01,2.696521e+01,8.575445e-01,-2.209116e+01
190.54607,7.680589e-01,-1.029129e+02,2.533816e-01,4.685690e+01,2.306486e-01,2.377942e+01,8.552450e-01,-2.386892e+01
208.92961,7.550036e-01,-1.078294e+02,2.556293e-01,4.185216e+01,2.357656e-01,2.061923e+01,8.533087e-01,-2.579827e+01
229.08677,7.429348e-01,-1.126069e+02,2.574254e-01,3.700028e+01,2.400900e-01,1.749113e+01,8.517802e-01,-2.789416e+01
251.18864,7.319415e-01,-1.172164e+02,2.587446e-01,3.230251e+01,2.436210e-01,1.439851e+01,8.506965e-01,-3.017164e+01
275.42287,7.220702e-01,-1.216338e+02,2.595658e-01,2.775584e+01,2.463652e-01,1.134187e+01,8.500888e-01,-3.264534e+01
301.99517,7.133295e-01,-1.258404e+02,2.598703e-01,2.335375e+01,2.483326e-01,8.319266e+00,8.499831e-01,-3.532903e+01
331.13112,7.056972e-01,-1.298229e+02,2.596393e-01,1.908713e+01,2.495332e-01,5.326887e+00,8.504025e-01,-3.823506e+01
363.07805,6.991278e-01,-1.335732e+02,2.588524e-01,1.494513e+01,2.499746e-01,2.359652e+00,8.513676e-01,-4.137381e+01
398.10717,6.935596e-01,-1.370879e+02,2.574869e-01,1.091608e+01,2.496604e-01,-5.880860e-01,8.528967e-01,-4.475301e+01
436.51583,6.889211e-01,-1.403680e+02,2.555175e-01,6.988392e+00,2.485896e-01,-3.521834e+00,8.550052e-01,-4.837707e+01
478.63009,6.851359e-01,-1.434176e+02,2.529169e-01,3.151355e+00,2.467570e-01,-6.446248e+00,8.577040e-01,-5.224638e+01
524.80746,6.821263e-01,-1.462443e+02,2.496578e-01,-6.040465e-01,2.441550e-01,-9.364447e+00,8.609971e-01,-5.635653e+01
575.43994,6.798153e-01,-1.488574e+02,2.457151e-01,-4.284431e+00,2.407758e-01,-1.227737e+01,8.648788e-01,-6.069771e+01
630.95734,6.781280e-01,-1.512682e+02,2.410690e-01,-7.893419e+00,2.366150e-01,-1.518322e+01,8.693299e-01,-6.525420e+01
691.83097,6.769920e-01,-1.534890e+02,2.357092e-01,-1.143116e+01,2.316753e-01,-1.807702e+01,8.743150e-01,-7.000407e+01
758.57758,6.763371e-01,-1.555325e+02,2.296381e-01,-1.489406e+01,2.259704e-01,-2.095036e+01,8.797802e-01,-7.491932e+01
831.76377,6.760952e-01,-1.574118e+02,2.228749e-01,-1.827467e+01,2.195288e-01,-2.379129e+01,8.856524e-01,-7.996626e+01
912.01084,6.762002e-01,-1.591394e+02,2.154578e-01,-2.156193e+01,2.123968e-01,-2.658455e+01,8.918405e-01,-8.510646e+01
1000.00000,6.765882e-01,-1.607275e+02,2.074456e-01,-2.474155e+01,2.046395e-01,-2.931195e+01,8.982385e-01,-9.029798e+01
1096.47820,6.771982e-01,-1.621872e+02,1.989173e-01,-2.779667e+01,1.963413e-01,-3.195304e+01,9.047310e-01,-9.549700e+01
1202.26443,6.779729e-01,-1.635287e+02,1.899697e-01,-3.070874e+01,1.876029e-01,-3.448595e+01,9.112000e-01,-1.006596e+02
1318.25674,6.788605e-01,-1.647611e+02,1.807130e-01,-3.345846e+01,1.785380e-01,-3.688830e+01,9.175319e-01,-1.057434e+02
1445.43977,6.798149e-01,-1.658923e+02,1.712660e-01,-3.602675e+01,1.692679e-01,-3.913819e+01,9.236248e-01,-1.107096e+02
1584.89319,6.807976e-01,-1.669293e+02,1.617500e-01,-3.839563e+01,1.599157e-01,-4.121508e+01,9.293929e-01,-1.155235e+02
1737.80083,6.817778e-01,-1.678781e+02,1.522827e-01,-4.054897e+01,1.506005e-01,-4.310048e+01,9.347712e-01,-1.201564e+02
1905.46072,6.827323e-01,-1.687440e+02,1.429731e-01,-4.247308e+01,1.414326e-01,-4.477855e+01,9.397155e-01,-1.245852e+02
2089.29613,6.836457e-01,-1.695316e+02,1.339180e-01,-4.415705e+01,1.325095e-01,-4.623643e+01,9.442025e-01,-1.287931e+02
2290.86765,6.845091e-01,-1.702451e+02,1.251988e-01,-4.559298e+01,1.239134e-01,-4.746444e+01,9.482272e-01,-1.327691e+02
2511.88643,6.853197e-01,-1.708881e+02,1.168811e-01,-4.677601e+01,1.157104e-01,-4.845614e+01,9.517996e-01,-1.365074e+02
2754.22870,6.860795e-01,-1.714641e+02,1.090142e-01,-4.770435e+01,1.079502e-01,-4.920835e+01,9.549413e-01,-1.400068e+02
3019.95172,6.867943e-01,-1.719761e+02,1.016320e-01,-4.837924e+01,1.006674e-01,-4.972104e+01,9.576818e-01,-1.432700e+02
3311.31121,6.874731e-01,-1.724270e+02,9.475511e-02,-4.880494e+01,9.388276e-02,-4.999740e+01,9.600556e-01,-1.463028e+02
3630.78055,6.881277e-01,-1.728194e+02,8.839212e-02,-4.898876e+01,8.760543e-02,-5.004379e+01,9.620993e-01,-1.491132e+02
3981.07171,6.887714e-01,-1.731557e+02,8.254178e-02,-4.894110e+01,8.183450e-02,-4.986985e+01,9.638497e-01,-1.517110e+02
4365.15832,6.894196e-01,-1.734380e+02,7.719482e-02,-4.867559e+01,7.656098e-02,-4.948853e+01,9.653423e-01,-1.541073e+02
4786.30092,6.900895e-01,-1.736682e+02,7.233554e-02,-4.820915e+01,7.176951e-02,-4.891623e+01,9.666105e-01,-1.563136e+02
5248.07460,6.907999e-01,-1.738481e+02,6.794325e-02,-4.756207e+01,6.743969e-02,-4.817280e+01,9.676848e-01,-1.583418e+02
5754.39937,6.915717e-01,-1.739790e+02,6.399350e-02,-4.675794e+01,6.354730e-02,-4.728145e+01,9.685928e-01,-1.602038e+02
6309.57344,6.924282e-01,-1.740624e+02,6.045902e-02,-4.582344e+01,6.006532e-02,-4.626853e+01,9.693590e-01,-1.619113e+02
6918.30971,6.933956e-01,-1.740993e+02,5.731053e-02,-4.478795e+01,5.696468e-02,-4.516309e+01,9.700048e-01,-1.634756e+02
7585.77575,6.945033e-01,-1.740907e+02,5.451742e-02,-4.368296e+01,5.421500e-02,-4.399629e+01,9.705489e-01,-1.649076e+02
8317.63771,6.957847e-01,-1.740376e+02,5.204833e-02,-4.254131e+01,5.178511e-02,-4.280055e+01,9.710078e-01,-1.662176e+02
9120.10839,6.972777e-01,-1.739410e+02,4.987161e-02,-4.139624e+01,4.964358e-02,-4.160867e+01,9.713952e-01,-1.674153e+02
10000.00000,6.990253e-01,-1.738017e+02,4.795578e-02,-4.028050e+01,4.775915e-02,-4.045289e+01,9.717233e-01,-1.685096e+02
