! ! 
! S ! 
! ! 
! # MHz  S  MA  R  50.00000
! ! ===================================================================
1.00000,9.607844e-01,-1.799832e+02,4.421413e-05,8.988704e+01,4.421413e-05,8.988705e+01,9.024277e-01,-1.361939e-01
1.09648,9.607844e-01,-1.799846e+02,4.847982e-05,8.987461e+01,4.847982e-05,8.987462e+01,9.024277e-01,-1.493315e-01
1.20226,9.607844e-01,-1.799859e+02,5.315704e-05,8.986112e+01,5.315704e-05,8.986112e+01,9.024276e-01,-1.637368e-01
1.31826,9.607844e-01,-1.799871e+02,5.828552e-05,8.984644e+01,5.828552e-05,8.984645e+01,9.024275e-01,-1.795320e-01
1.44544,9.607844e-01,-1.799882e+02,6.390876e-05,8.983046e+01,6.390876e-05,8.983047e+01,9.024274e-01,-1.968513e-01
1.58489,9.607844e-01,-1.799891e+02,7.007452e-05,8.981305e+01,7.007452e-05,8.981305e+01,9.024272e-01,-2.158416e-01
1.73780,9.607844e-01,-1.799900e+02,7.683513e-05,8.979404e+01,7.683513e-05,8.979405e+01,9.024271e-01,-2.366642e-01
1.90546,9.607844e-01,-1.799908e+02,8.424797e-05,8.977329e+01,8.424797e-05,8.977329e+01,9.024269e-01,-2.594958e-01
2.08930,9.607844e-01,-1.799915e+02,9.237596e-05,8.975061e+01,9.237596e-05,8.975062e+01,9.024266e-01,-2.845302e-01
2.29087,9.607844e-01,-1.799922e+02,1.012881e-04,8.972582e+01,1.012881e-04,8.972582e+01,9.024264e-01,-3.119800e-01
2.51189,9.607844e-01,-1.799928e+02,1.110600e-04,8.969870e+01,1.110600e-04,8.969870e+01,9.024260e-01,-3.420781e-01
2.75423,9.607845e-01,-1.799933e+02,1.217747e-04,8.966902e+01,1.217747e-04,8.966902e+01,9.024256e-01,-3.750800e-01
3.01995,9.607845e-01,-1.799938e+02,1.335230e-04,8.963653e+01,1.335230e-04,8.963653e+01,9.024251e-01,-4.112658e-01
3.31131,9.607845e-01,-1.799942e+02,1.464046e-04,8.960096e+01,1.464046e-04,8.960096e+01,9.024245e-01,-4.509428e-01
3.63078,9.607845e-01,-1.799945e+02,1.605290e-04,8.956199e+01,1.605290e-04,8.956200e+01,9.024238e-01,-4.944475e-01
3.98107,9.607845e-01,-1.799948e+02,1.760158e-04,8.951932e+01,1.760158e-04,8.951932e+01,9.024229e-01,-5.421494e-01
4.36516,9.607845e-01,-1.799951e+02,1.929966e-04,8.947256e+01,1.929966e-04,8.947256e+01,9.024219e-01,-5.944532e-01
4.78630,9.607845e-01,-1.799954e+02,2.116154e-04,8.942132e+01,2.116154e-04,8.942132e+01,9.024206e-01,-6.518028e-01
5.24807,9.607846e-01,-1.799955e+02,2.320301e-04,8.936517e+01,2.320301e-04,8.936517e+01,9.024191e-01,-7.146849e-01
5.75440,9.607846e-01,-1.799957e+02,2.544139e-04,8.930363e+01,2.544139e-04,8.930363e+01,9.024173e-01,-7.836331e-01
6.30957,9.607846e-01,-1.799958e+02,2.789566e-04,8.923619e+01,2.789566e-04,8.923619e+01,9.024151e-01,-8.592324e-01
6.91831,9.607847e-01,-1.799959e+02,3.058663e-04,8.916226e+01,3.058663e-04,8.916226e+01,9.024125e-01,-9.421242e-01
7.58578,9.607847e-01,-1.799959e+02,3.353710e-04,8.908122e+01,3.353710e-04,8.908122e+01,9.024094e-01,-1.033012e+00
8.31764,9.607848e-01,-1.799960e+02,3.677208e-04,8.899238e+01,3.677208e-04,8.899238e+01,9.024056e-01,-1.132666e+00
9.12011,9.607849e-01,-1.799959e+02,4.031896e-04,8.889499e+01,4.031896e-04,8.889499e+01,9.024011e-01,-1.241931e+00
10.00000,9.607850e-01,-1.799959e+02,4.420779e-04,8.878823e+01,4.420779e-04,8.878823e+01,9.023956e-01,-1.361735e+00
10.96478,9.607851e-01,-1.799958e+02,4.847145e-04,8.867118e+01,4.847145e-04,8.867118e+01,9.023891e-01,-1.493093e+00
12.02264,9.607852e-01,-1.799956e+02,5.314602e-04,8.854287e+01,5.314602e-04,8.854287e+01,9.023812e-01,-1.637117e+00
13.18257,9.607854e-01,-1.799955e+02,5.827098e-04,8.840219e+01,5.827098e-04,8.840219e+01,9.023717e-01,-1.795028e+00
14.45440,9.607855e-01,-1.799953e+02,6.388960e-04,8.824796e+01,6.388960e-04,8.824796e+01,9.023603e-01,-1.968162e+00
15.84893,9.607858e-01,-1.799950e+02,7.004927e-04,8.807887e+01,7.004927e-04,8.807887e+01,9.023466e-01,-2.157986e+00
17.37801,9.607860e-01,-1.799948e+02,7.680184e-04,8.789350e+01,7.680184e-04,8.789350e+01,9.023301e-01,-2.366104e+00
19.05461,9.607864e-01,-1.799944e+02,8.420409e-04,8.769028e+01,8.420409e-04,8.769028e+01,9.023104e-01,-2.594276e+00
20.89296,9.607868e-01,-1.799940e+02,9.231813e-04,8.746748e+01,9.231813e-04,8.746748e+01,9.022866e-01,-2.844428e+00
22.90868,9.607873e-01,-1.799936e+02,1.012119e-03,8.722324e+01,1.012119e-03,8.722324e+01,9.022580e-01,-3.118669e+00
25.11886,9.607878e-01,-1.799931e+02,1.109595e-03,8.695549e+01,1.109595e-03,8.695549e+01,9.022237e-01,-3.419311e+00
27.54229,9.607885e-01,-1.799926e+02,1.216422e-03,8.666198e+01,1.216422e-03,8.666198e+01,9.021824e-01,-3.748881e+00
30.19952,9.607893e-01,-1.799920e+02,1.333485e-03,8.634025e+01,1.333485e-03,8.634025e+01,9.021329e-01,-4.110146e+00
33.11311,9.607903e-01,-1.799913e+02,1.461747e-03,8.598761e+01,1.461747e-03,8.598761e+01,9.020734e-01,-4.506132e+00
36.30781,9.607915e-01,-1.799906e+02,1.602259e-03,8.560110e+01,1.602259e-03,8.560110e+01,9.020019e-01,-4.940146e+00
39.81072,9.607930e-01,-1.799898e+02,1.756165e-03,8.517752e+01,1.756165e-03,8.517752e+01,9.019161e-01,-5.415802e+00
43.65158,9.607947e-01,-1.799889e+02,1.924706e-03,8.471334e+01,1.924706e-03,8.471334e+01,9.018132e-01,-5.937044e+00
47.86301,9.607968e-01,-1.799879e+02,2.109224e-03,8.420474e+01,2.109224e-03,8.420474e+01,9.016896e-01,-6.508172e+00
52.48075,9.607993e-01,-1.799868e+02,2.311174e-03,8.364754e+01,2.311174e-03,8.364754e+01,9.015415e-01,-7.133875e+00
57.54399,9.608022e-01,-1.799856e+02,2.532119e-03,8.303721e+01,2.532119e-03,8.303721e+01,9.013639e-01,-7.819250e+00
63.09573,9.608058e-01,-1.799843e+02,2.773740e-03,8.236880e+01,2.773740e-03,8.236880e+01,9.011512e-01,-8.569835e+00
69.18310,9.608101e-01,-1.799828e+02,3.037831e-03,8.163698e+01,3.037831e-03,8.163698e+01,9.008966e-01,-9.391637e+00
75.85776,9.608152e-01,-1.799812e+02,3.326297e-03,8.083596e+01,3.326297e-03,8.083596e+01,9.005921e-01,-1.029115e+01
83.17638,9.608214e-01,-1.799795e+02,3.641147e-03,7.995949e+01,3.641147e-03,7.995949e+01,9.002282e-01,-1.127538e+01
91.20108,9.608287e-01,-1.799776e+02,3.984481e-03,7.900087e+01,3.984481e-03,7.900087e+01,8.997941e-01,-1.235185e+01
100.00000,9.608374e-01,-1.799756e+02,4.358464e-03,7.795292e+01,4.358464e-03,7.795292e+01,8.992769e-01,-1.352863e+01
109.64782,9.608479e-01,-1.799734e+02,4.765299e-03,7.680800e+01,4.765299e-03,7.680800e+01,8.986617e-01,-1.481430e+01
120.22644,9.608603e-01,-1.799709e+02,5.207179e-03,7.555800e+01,5.207179e-03,7.555800e+01,8.979318e-01,-1.621793e+01
131.82567,9.608751e-01,-1.799683e+02,5.686228e-03,7.419443e+01,5.686228e-03,7.419443e+01,8.970677e-01,-1.774908e+01
144.54398,9.608927e-01,-1.799655e+02,6.204417e-03,7.270844e+01,6.204417e-03,7.270844e+01,8.960482e-01,-1.941766e+01
158.48932,9.609134e-01,-1.799625e+02,6.763461e-03,7.109094e+01,6.763461e-03,7.109094e+01,8.948496e-01,-2.123387e+01
173.78008,9.609378e-01,-1.799593e+02,7.364686e-03,6.933270e+01,7.364686e-03,6.933270e+01,8.934467e-01,-2.320803e+01
190.54607,9.609666e-01,-1.799558e+02,8.008870e-03,6.742457e+01,8.008870e-03,6.742457e+01,8.918133e-01,-2.535037e+01
208.92961,9.610002e-01,-1.799522e+02,8.696048e-03,6.535768e+01,8.696048e-03,6.535768e+01,8.899234e-01,-2.767079e+01
229.08677,9.610393e-01,-1.799484e+02,9.425290e-03,6.312374e+01,9.425290e-03,6.312374e+01,8.877528e-01,-3.017855e+01
251.18864,9.610846e-01,-1.799444e+02,1.019446e-02,6.071535e+01,1.019446e-02,6.071535e+01,8.852819e-01,-3.288180e+01
275.42287,9.611368e-01,-1.799403e+02,1.099995e-02,5.812641e+01,1.099995e-02,5.812641e+01,8.824982e-01,-3.578723e+01
301.99517,9.611963e-01,-1.799360e+02,1.183646e-02,5.535258e+01,1.183646e-02,5.535258e+01,8.794009e-01,-3.889951e+01
331.13112,9.612638e-01,-1.799318e+02,1.269673e-02,5.239167e+01,1.269673e-02,5.239167e+01,8.760052e-01,-4.222075e+01
363.07805,9.613396e-01,-1.799275e+02,1.357146e-02,4.924418e+01,1.357146e-02,4.924418e+01,8.723470e-01,-4.575003e+01
398.10717,9.614238e-01,-1.799233e+02,1.444922e-02,4.591360e+01,1.444922e-02,4.591360e+01,8.684882e-01,-4.948290e+01
436.51583,9.615166e-01,-1.799193e+02,1.531658e-02,4.240681e+01,1.531658e-02,4.240681e+01,8.645200e-01,-5.341105e+01
478.63009,9.616176e-01,-1.799154e+02,1.615838e-02,3.873422e+01,1.615838e-02,3.873422e+01,8.605654e-01,-5.752212e+01
524.80746,9.617263e-01,-1.799119e+02,1.695814e-02,3.490978e+01,1.695814e-02,3.490978e+01,8.567783e-01,-6.179979e+01
575.43994,9.618421e-01,-1.799086e+02,1.769877e-02,3.095085e+01,1.769877e-02,3.095085e+01,8.533388e-01,-6.622400e+01
630.95734,9.619640e-01,-1.799058e+02,1.836320e-02,2.687788e+01,1.836320e-02,2.687788e+01,8.504448e-01,-7.077157e+01
691.83097,9.620909e-01,-1.799035e+02,1.893530e-02,2.271392e+01,1.893530e-02,2.271392e+01,8.482994e-01,-7.541687e+01
758.57758,9.622218e-01,-1.799015e+02,1.940061e-02,1.848417e+01,1.940061e-02,1.848417e+01,8.470951e-01,-8.013277e+01
831.76377,9.623556e-01,-1.799001e+02,1.974712e-02,1.421543e+01,1.974712e-02,1.421543e+01,8.469967e-01,-8.489147e+01
912.01084,9.624910e-01,-1.798992e+02,1.996586e-02,9.935686e+00,1.996586e-02,9.935686e+00,8.481248e-01,-8.966536e+01
1000.00000,9.626271e-01,-1.798987e+02,2.005139e-02,5.673717e+00,2.005139e-02,5.673717e+00,8.505426e-01,-9.442763e+01
1096.47820,9.627628e-01,-1.798988e+02,2.000202e-02,1.458834e+00,2.000202e-02,1.458834e+00,8.542470e-01,-9.915279e+01
1202.26443,9.628970e-01,-1.798993e+02,1.981992e-02,-2.679349e+00,1.981992e-02,-2.679349e+00,8.591672e-01,-1.038169e+02
1318.25674,9.630288e-01,-1.799003e+02,1.951104e-02,-6.711151e+00,1.951104e-02,-6.711151e+00,8.651687e-01,-1.083975e+02
1445.43977,9.631571e-01,-1.799017e+02,1.908479e-02,-1.060711e+01,1.908479e-02,-1.060711e+01,8.720650e-01,-1.128740e+02
1584.89319,9.632810e-01,-1.799035e+02,1.855363e-02,-1.433839e+01,1.855363e-02,-1.433839e+01,8.796331e-01,-1.172274e+02
1737.80083,9.633994e-01,-1.799057e+02,1.793242e-02,-1.787721e+01,1.793242e-02,-1.787721e+01,8.876322e-01,-1.214404e+02
1905.46072,9.635114e-01,-1.799082e+02,1.723766e-02,-2.119747e+01,1.723766e-02,-2.119747e+01,8.958221e-01,-1.254977e+02
2089.29613,9.636162e-01,-1.799110e+02,1.648676e-02,-2.427530e+01,1.648676e-02,-2.427530e+01,9.039800e-01,-1.293863e+02
2290.86765,9.637133e-01,-1.799140e+02,1.569714e-02,-2.708958e+01,1.569714e-02,-2.708958e+01,9.119125e-01,-1.330954e+02
2511.88643,9.638023e-01,-1.799171e+02,1.488556e-02,-2.962240e+01,1.488556e-02,-2.962240e+01,9.194643e-01,-1.366170e+02
2754.22870,9.638830e-01,-1.799202e+02,1.406745e-02,-3.185939e+01,1.406745e-02,-3.185939e+01,9.265206e-01,-1.399457e+02
3019.95172,9.639555e-01,-1.799233e+02,1.325651e-02,-3.378986e+01,1.325651e-02,-3.378986e+01,9.330066e-01,-1.430789e+02
3311.31121,9.640200e-01,-1.799263e+02,1.246442e-02,-3.540692e+01,1.246442e-02,-3.540692e+01,9.388832e-01,-1.460166e+02
3630.78055,9.640769e-01,-1.799291e+02,1.170070e-02,-3.670739e+01,1.170070e-02,-3.670739e+01,9.441411e-01,-1.487612e+02
3981.07171,9.641268e-01,-1.799317e+02,1.097281e-02,-3.769180e+01,1.097281e-02,-3.769180e+01,9.487945e-01,-1.513169e+02
4365.15832,9.641702e-01,-1.799340e+02,1.028623e-02,-3.836428e+01,1.028623e-02,-3.836428e+01,9.528741e-01,-1.536899e+02
4786.30092,9.642078e-01,-1.799361e+02,9.644672e-03,-3.873253e+01,9.644672e-03,-3.873253e+01,9.564218e-01,-1.558876e+02
5248.07460,9.642402e-01,-1.799378e+02,9.050339e-03,-3.880778e+01,9.050339e-03,-3.880778e+01,9.594856e-01,-1.579183e+02
5754.39937,9.642682e-01,-1.799391e+02,8.504132e-03,-3.860476e+01,8.504132e-03,-3.860476e+01,9.621157e-01,-1.597910e+02
6309.57344,9.642922e-01,-1.799400e+02,8.005898e-03,-3.814168e+01,8.005898e-03,-3.814168e+01,9.643623e-01,-1.615150e+02
6918.30971,9.643128e-01,-1.799406e+02,7.554632e-03,-3.744007e+01,7.554632e-03,-3.744007e+01,9.662730e-01,-1.630999e+02
7585.77575,9.643307e-01,-1.799407e+02,7.148661e-03,-3.652455e+01,7.148661e-03,-3.652455e+01,9.678923e-01,-1.645550e+02
8317.63771,9.643461e-01,-1.799403e+02,6.785802e-03,-3.542243e+01,6.785802e-03,-3.542243e+01,9.692603e-01,-1.658895e+02
9120.10839,9.643597e-01,-1.799395e+02,6.463499e-03,-3.416310e+01,6.463499e-03,-3.416310e+01,9.704132e-01,-1.671124e+02
10000.00000,9.643717e-01,-1.799383e+02,6.178934e-03,-3.277728e+01,6.178934e-03,-3.277728e+01,9.713827e-01,-1.682321e+02
