! ! 
! S ! 
! ! 
! # MHz  S  MA  R  50.00000
! ! ===================================================================
1.00000,9.607844e-01,-1.799832e+02,4.423803e-05,8.988700e+01,4.423803e-05,8.988701e+01,9.034561e-01,-1.361855e-01
1.09648,9.607844e-01,-1.799846e+02,4.850602e-05,8.987457e+01,4.850602e-05,8.987457e+01,9.034560e-01,-1.493224e-01
1.20226,9.607844e-01,-1.799859e+02,5.318578e-05,8.986107e+01,5.318578e-05,8.986107e+01,9.034559e-01,-1.637268e-01
1.31826,9.607844e-01,-1.799871e+02,5.831702e-05,8.984639e+01,5.831702e-05,8.984640e+01,9.034558e-01,-1.795212e-01
1.44544,9.607844e-01,-1.799882e+02,6.394331e-05,8.983041e+01,6.394331e-05,8.983041e+01,9.034557e-01,-1.968395e-01
1.58489,9.607844e-01,-1.799891e+02,7.011240e-05,8.981299e+01,7.011240e-05,8.981299e+01,9.034556e-01,-2.158287e-01
1.73780,9.607844e-01,-1.799900e+02,7.687666e-05,8.979398e+01,7.687666e-05,8.979398e+01,9.034554e-01,-2.366501e-01
1.90546,9.607844e-01,-1.799908e+02,8.429351e-05,8.977322e+01,8.429351e-05,8.977322e+01,9.034552e-01,-2.594805e-01
2.08930,9.607844e-01,-1.799915e+02,9.242590e-05,8.975054e+01,9.242590e-05,8.975054e+01,9.034550e-01,-2.845135e-01
2.29087,9.607844e-01,-1.799922e+02,1.013429e-04,8.972574e+01,1.013429e-04,8.972574e+01,9.034547e-01,-3.119616e-01
2.51189,9.607844e-01,-1.799928e+02,1.111201e-04,8.969861e+01,1.111201e-04,8.969861e+01,9.034543e-01,-3.420580e-01
2.75423,9.607845e-01,-1.799933e+02,1.218405e-04,8.966892e+01,1.218405e-04,8.966892e+01,9.034539e-01,-3.750580e-01
3.01995,9.607845e-01,-1.799938e+02,1.335951e-04,8.963642e+01,1.335951e-04,8.963642e+01,9.034534e-01,-4.112418e-01
3.31131,9.607845e-01,-1.799942e+02,1.464838e-04,8.960084e+01,1.464838e-04,8.960084e+01,9.034528e-01,-4.509164e-01
3.63078,9.607845e-01,-1.799945e+02,1.606157e-04,8.956187e+01,1.606157e-04,8.956187e+01,9.034521e-01,-4.944187e-01
3.98107,9.607845e-01,-1.799948e+02,1.761110e-04,8.951917e+01,1.761110e-04,8.951918e+01,9.034512e-01,-5.421178e-01
4.36516,9.607845e-01,-1.799951e+02,1.931010e-04,8.947240e+01,1.931010e-04,8.947240e+01,9.034502e-01,-5.944186e-01
4.78630,9.607845e-01,-1.799954e+02,2.117298e-04,8.942115e+01,2.117298e-04,8.942115e+01,9.034489e-01,-6.517648e-01
5.24807,9.607846e-01,-1.799955e+02,2.321556e-04,8.936499e+01,2.321556e-04,8.936499e+01,9.034474e-01,-7.146433e-01
5.75440,9.607846e-01,-1.799957e+02,2.545514e-04,8.930343e+01,2.545514e-04,8.930343e+01,9.034456e-01,-7.835875e-01
6.30957,9.607846e-01,-1.799958e+02,2.791074e-04,8.923597e+01,2.791074e-04,8.923597e+01,9.034434e-01,-8.591824e-01
6.91831,9.607847e-01,-1.799959e+02,3.060316e-04,8.916201e+01,3.060316e-04,8.916202e+01,9.034408e-01,-9.420694e-01
7.58578,9.607847e-01,-1.799959e+02,3.355523e-04,8.908095e+01,3.355523e-04,8.908095e+01,9.034376e-01,-1.032952e+00
8.31764,9.607848e-01,-1.799960e+02,3.679195e-04,8.899209e+01,3.679195e-04,8.899209e+01,9.034338e-01,-1.132600e+00
9.12011,9.607849e-01,-1.799959e+02,4.034076e-04,8.889467e+01,4.034076e-04,8.889467e+01,9.034293e-01,-1.241859e+00
10.00000,9.607850e-01,-1.799959e+02,4.423168e-04,8.878788e+01,4.423168e-04,8.878788e+01,9.034238e-01,-1.361656e+00
10.96478,9.607851e-01,-1.799958e+02,4.849765e-04,8.867080e+01,4.849765e-04,8.867080e+01,9.034172e-01,-1.493006e+00
12.02264,9.607852e-01,-1.799956e+02,5.317474e-04,8.854245e+01,5.317474e-04,8.854245e+01,9.034092e-01,-1.637022e+00
13.18257,9.607854e-01,-1.799955e+02,5.830247e-04,8.840173e+01,5.830247e-04,8.840173e+01,9.033997e-01,-1.794923e+00
14.45440,9.607855e-01,-1.799953e+02,6.392413e-04,8.824745e+01,6.392413e-04,8.824745e+01,9.033883e-01,-1.968048e+00
15.84893,9.607858e-01,-1.799950e+02,7.008712e-04,8.807832e+01,7.008712e-04,8.807832e+01,9.033745e-01,-2.157861e+00
17.37801,9.607860e-01,-1.799948e+02,7.684334e-04,8.789289e+01,7.684334e-04,8.789289e+01,9.033579e-01,-2.365967e+00
19.05461,9.607864e-01,-1.799944e+02,8.424958e-04,8.768961e+01,8.424958e-04,8.768961e+01,9.033380e-01,-2.594125e+00
20.89296,9.607868e-01,-1.799940e+02,9.236799e-04,8.746675e+01,9.236799e-04,8.746675e+01,9.033141e-01,-2.844262e+00
22.90868,9.607873e-01,-1.799936e+02,1.012665e-03,8.722244e+01,1.012665e-03,8.722244e+01,9.032854e-01,-3.118488e+00
25.11886,9.607878e-01,-1.799931e+02,1.110195e-03,8.695461e+01,1.110195e-03,8.695461e+01,9.032509e-01,-3.419112e+00
27.54229,9.607885e-01,-1.799926e+02,1.217079e-03,8.666102e+01,1.217079e-03,8.666102e+01,9.032094e-01,-3.748663e+00
30.19952,9.607893e-01,-1.799920e+02,1.334204e-03,8.633920e+01,1.334204e-03,8.633920e+01,9.031596e-01,-4.109907e+00
33.11311,9.607903e-01,-1.799913e+02,1.462535e-03,8.598646e+01,1.462535e-03,8.598646e+01,9.030997e-01,-4.505870e+00
36.30781,9.607915e-01,-1.799906e+02,1.603124e-03,8.559984e+01,1.603124e-03,8.559984e+01,9.030279e-01,-4.939859e+00
39.81072,9.607930e-01,-1.799898e+02,1.757112e-03,8.517613e+01,1.757112e-03,8.517613e+01,9.029416e-01,-5.415486e+00
43.65158,9.607947e-01,-1.799889e+02,1.925743e-03,8.471182e+01,1.925743e-03,8.471182e+01,9.028381e-01,-5.936697e+00
47.86301,9.607968e-01,-1.799879e+02,2.110360e-03,8.420308e+01,2.110360e-03,8.420308e+01,9.027139e-01,-6.507792e+00
52.48075,9.607993e-01,-1.799868e+02,2.312418e-03,8.364572e+01,2.312418e-03,8.364572e+01,9.025649e-01,-7.133457e+00
57.54399,9.608022e-01,-1.799856e+02,2.533481e-03,8.303521e+01,2.533481e-03,8.303521e+01,9.023863e-01,-7.818792e+00
63.09573,9.608058e-01,-1.799843e+02,2.775230e-03,8.236662e+01,2.775230e-03,8.236662e+01,9.021724e-01,-8.569333e+00
69.18310,9.608101e-01,-1.799828e+02,3.039461e-03,8.163459e+01,3.039461e-03,8.163459e+01,9.019164e-01,-9.391085e+00
75.85776,9.608152e-01,-1.799812e+02,3.328079e-03,8.083334e+01,3.328079e-03,8.083334e+01,9.016101e-01,-1.029054e+01
83.17638,9.608214e-01,-1.799795e+02,3.643095e-03,7.995662e+01,3.643095e-03,7.995662e+01,9.012443e-01,-1.127471e+01
91.20108,9.608287e-01,-1.799776e+02,3.986608e-03,7.899774e+01,3.986608e-03,7.899774e+01,9.008077e-01,-1.235112e+01
100.00000,9.608375e-01,-1.799756e+02,4.360785e-03,7.794950e+01,4.360785e-03,7.794950e+01,9.002875e-01,-1.352782e+01
109.64782,9.608479e-01,-1.799734e+02,4.767829e-03,7.680426e+01,4.767829e-03,7.680426e+01,8.996689e-01,-1.481341e+01
120.22644,9.608603e-01,-1.799709e+02,5.209935e-03,7.555392e+01,5.209935e-03,7.555392e+01,8.989348e-01,-1.621696e+01
131.82567,9.608751e-01,-1.799683e+02,5.689224e-03,7.418998e+01,5.689224e-03,7.418998e+01,8.980658e-01,-1.774801e+01
144.54398,9.608927e-01,-1.799655e+02,6.207670e-03,7.270359e+01,6.207670e-03,7.270359e+01,8.970405e-01,-1.941648e+01
158.48932,9.609134e-01,-1.799625e+02,6.766985e-03,7.108566e+01,6.766985e-03,7.108566e+01,8.958350e-01,-2.123257e+01
173.78008,9.609379e-01,-1.799593e+02,7.368497e-03,6.932696e+01,7.368497e-03,6.932696e+01,8.944240e-01,-2.320659e+01
190.54607,9.609666e-01,-1.799558e+02,8.012979e-03,6.741835e+01,8.012979e-03,6.741835e+01,8.927811e-01,-2.534878e+01
208.92961,9.610002e-01,-1.799522e+02,8.700465e-03,6.535096e+01,8.700465e-03,6.535096e+01,8.908800e-01,-2.766904e+01
229.08677,9.610393e-01,-1.799484e+02,9.430023e-03,6.311648e+01,9.430023e-03,6.311648e+01,8.886965e-01,-3.017660e+01
251.18864,9.610847e-01,-1.799444e+02,1.019951e-02,6.070752e+01,1.019951e-02,6.070752e+01,8.862105e-01,-3.287965e+01
275.42287,9.611368e-01,-1.799403e+02,1.100532e-02,5.811801e+01,1.100532e-02,5.811801e+01,8.834096e-01,-3.578486e+01
301.99517,9.611963e-01,-1.799360e+02,1.184212e-02,5.534359e+01,1.184212e-02,5.534359e+01,8.802927e-01,-3.889689e+01
331.13112,9.612638e-01,-1.799318e+02,1.270268e-02,5.238209e+01,1.270268e-02,5.238209e+01,8.768748e-01,-4.221786e+01
363.07805,9.613396e-01,-1.799275e+02,1.357767e-02,4.923400e+01,1.357767e-02,4.923400e+01,8.731918e-01,-4.574685e+01
398.10717,9.614238e-01,-1.799233e+02,1.445564e-02,4.590285e+01,1.445564e-02,4.590285e+01,8.693054e-01,-4.947941e+01
436.51583,9.615166e-01,-1.799193e+02,1.532318e-02,4.239551e+01,1.532318e-02,4.239551e+01,8.653071e-01,-5.340724e+01
478.63009,9.616176e-01,-1.799154e+02,1.616509e-02,3.872240e+01,1.616509e-02,3.872240e+01,8.613199e-01,-5.751800e+01
524.80746,9.617263e-01,-1.799119e+02,1.696491e-02,3.489749e+01,1.696491e-02,3.489749e+01,8.574979e-01,-6.179535e+01
575.43994,9.618420e-01,-1.799087e+02,1.770552e-02,3.093814e+01,1.770552e-02,3.093814e+01,8.540215e-01,-6.621927e+01
630.95734,9.619639e-01,-1.799058e+02,1.836988e-02,2.686481e+01,1.836988e-02,2.686481e+01,8.510892e-01,-7.076658e+01
691.83097,9.620909e-01,-1.799035e+02,1.894183e-02,2.270055e+01,1.894183e-02,2.270055e+01,8.489044e-01,-7.541168e+01
758.57758,9.622217e-01,-1.799015e+02,1.940692e-02,1.847058e+01,1.940692e-02,1.847058e+01,8.476600e-01,-8.012744e+01
831.76377,9.623555e-01,-1.799001e+02,1.975315e-02,1.420170e+01,1.975315e-02,1.420170e+01,8.475214e-01,-8.488608e+01
912.01084,9.624909e-01,-1.798992e+02,1.997156e-02,9.921883e+00,1.997156e-02,9.921883e+00,8.486095e-01,-8.965998e+01
1000.00000,9.626270e-01,-1.798987e+02,2.005671e-02,5.659916e+00,2.005671e-02,5.659916e+00,8.509880e-01,-9.442236e+01
1096.47820,9.627626e-01,-1.798988e+02,2.000693e-02,1.445109e+00,2.000693e-02,1.445109e+00,8.546542e-01,-9.914771e+01
1202.26443,9.628969e-01,-1.798993e+02,1.982439e-02,-2.692927e+00,1.982439e-02,-2.692927e+00,8.595374e-01,-1.038120e+02
1318.25674,9.630287e-01,-1.799003e+02,1.951506e-02,-6.724511e+00,1.951506e-02,-6.724511e+00,8.655034e-01,-1.083930e+02
1445.43977,9.631570e-01,-1.799017e+02,1.908837e-02,-1.062019e+01,1.908837e-02,-1.062019e+01,8.723660e-01,-1.128699e+02
1584.89319,9.632809e-01,-1.799035e+02,1.855678e-02,-1.435111e+01,1.855678e-02,-1.435111e+01,8.799023e-01,-1.172236e+02
1737.80083,9.633993e-01,-1.799057e+02,1.793515e-02,-1.788953e+01,1.793515e-02,-1.788953e+01,8.878715e-01,-1.214370e+02
1905.46072,9.635113e-01,-1.799082e+02,1.724001e-02,-2.120934e+01,1.724001e-02,-2.120934e+01,8.960337e-01,-1.254948e+02
2089.29613,9.636162e-01,-1.799110e+02,1.648876e-02,-2.428667e+01,1.648876e-02,-2.428667e+01,9.041660e-01,-1.293837e+02
2290.86765,9.637133e-01,-1.799140e+02,1.569882e-02,-2.710041e+01,1.569882e-02,-2.710041e+01,9.120751e-01,-1.330932e+02
2511.88643,9.638023e-01,-1.799171e+02,1.488696e-02,-2.963268e+01,1.488696e-02,-2.963268e+01,9.196056e-01,-1.366151e+02
2754.22870,9.638830e-01,-1.799202e+02,1.406861e-02,-3.186909e+01,1.406861e-02,-3.186909e+01,9.266429e-01,-1.399441e+02
3019.95172,9.639555e-01,-1.799233e+02,1.325747e-02,-3.379898e+01,1.325747e-02,-3.379898e+01,9.331119e-01,-1.430776e+02
3311.31121,9.640200e-01,-1.799263e+02,1.246520e-02,-3.541546e+01,1.246520e-02,-3.541546e+01,9.389734e-01,-1.460155e+02
3630.78055,9.640769e-01,-1.799291e+02,1.170134e-02,-3.671536e+01,1.170134e-02,-3.671536e+01,9.442181e-01,-1.487602e+02
3981.07171,9.641268e-01,-1.799317e+02,1.097333e-02,-3.769921e+01,1.097333e-02,-3.769921e+01,9.488600e-01,-1.513161e+02
4365.15832,9.641702e-01,-1.799340e+02,1.028665e-02,-3.837116e+01,1.028665e-02,-3.837116e+01,9.529296e-01,-1.536892e+02
4786.30092,9.642078e-01,-1.799361e+02,9.645020e-03,-3.873889e+01,9.645020e-03,-3.873889e+01,9.564687e-01,-1.558870e+02
5248.07460,9.642402e-01,-1.799378e+02,9.050624e-03,-3.881365e+01,9.050624e-03,-3.881365e+01,9.595251e-01,-1.579178e+02
5754.39937,9.642681e-01,-1.799391e+02,8.504367e-03,-3.861017e+01,8.504367e-03,-3.861017e+01,9.621490e-01,-1.597905e+02
6309.57344,9.642922e-01,-1.799400e+02,8.006092e-03,-3.814666e+01,8.006092e-03,-3.814666e+01,9.643902e-01,-1.615146e+02
6918.30971,9.643128e-01,-1.799406e+02,7.554794e-03,-3.744464e+01,7.554794e-03,-3.744464e+01,9.662964e-01,-1.630996e+02
7585.77575,9.643306e-01,-1.799407e+02,7.148797e-03,-3.652875e+01,7.148797e-03,-3.652875e+01,9.679119e-01,-1.645547e+02
8317.63771,9.643461e-01,-1.799403e+02,6.785918e-03,-3.542628e+01,6.785918e-03,-3.542628e+01,9.692767e-01,-1.658893e+02
9120.10839,9.643597e-01,-1.799395e+02,6.463598e-03,-3.416662e+01,6.463598e-03,-3.416662e+01,9.704269e-01,-1.671122e+02
10000.00000,9.643717e-01,-1.799383e+02,6.179020e-03,-3.278050e+01,6.179020e-03,-3.278050e+01,9.713940e-01,-1.682319e+02
