! ! 
! S ! 
! ! 
! # MHz  S  MA  R  50.00000
! ! ===================================================================
1.00000,9.607844e-01,-1.799832e+02,4.432006e-05,8.988688e+01,4.432006e-05,8.988688e+01,9.069854e-01,-1.361585e-01
1.09648,9.607844e-01,-1.799846e+02,4.859596e-05,8.987443e+01,4.859596e-05,8.987444e+01,9.069853e-01,-1.492929e-01
1.20226,9.607844e-01,-1.799859e+02,5.328439e-05,8.986092e+01,5.328439e-05,8.986093e+01,9.069852e-01,-1.636946e-01
1.31826,9.607844e-01,-1.799871e+02,5.842515e-05,8.984623e+01,5.842515e-05,8.984623e+01,9.069851e-01,-1.794859e-01
1.44544,9.607844e-01,-1.799882e+02,6.406187e-05,8.983023e+01,6.406187e-05,8.983024e+01,9.069850e-01,-1.968009e-01
1.58489,9.607844e-01,-1.799891e+02,7.024240e-05,8.981280e+01,7.024240e-05,8.981280e+01,9.069849e-01,-2.157865e-01
1.73780,9.607844e-01,-1.799900e+02,7.701920e-05,8.979377e+01,7.701920e-05,8.979377e+01,9.069847e-01,-2.366039e-01
1.90546,9.607844e-01,-1.799908e+02,8.444980e-05,8.977299e+01,8.444980e-05,8.977299e+01,9.069845e-01,-2.594298e-01
2.08930,9.607844e-01,-1.799915e+02,9.259727e-05,8.975029e+01,9.259727e-05,8.975029e+01,9.069843e-01,-2.844580e-01
2.29087,9.607844e-01,-1.799922e+02,1.015308e-04,8.972546e+01,1.015308e-04,8.972546e+01,9.069840e-01,-3.119009e-01
2.51189,9.607844e-01,-1.799928e+02,1.113261e-04,8.969831e+01,1.113261e-04,8.969831e+01,9.069836e-01,-3.419914e-01
2.75423,9.607845e-01,-1.799933e+02,1.220664e-04,8.966859e+01,1.220664e-04,8.966859e+01,9.069832e-01,-3.749851e-01
3.01995,9.607845e-01,-1.799938e+02,1.338429e-04,8.963606e+01,1.338429e-04,8.963606e+01,9.069827e-01,-4.111618e-01
3.31131,9.607845e-01,-1.799942e+02,1.467554e-04,8.960044e+01,1.467554e-04,8.960044e+01,9.069821e-01,-4.508288e-01
3.63078,9.607845e-01,-1.799945e+02,1.609135e-04,8.956143e+01,1.609135e-04,8.956143e+01,9.069813e-01,-4.943226e-01
3.98107,9.607845e-01,-1.799948e+02,1.764375e-04,8.951870e+01,1.764375e-04,8.951870e+01,9.069805e-01,-5.420125e-01
4.36516,9.607845e-01,-1.799951e+02,1.934590e-04,8.947188e+01,1.934590e-04,8.947188e+01,9.069794e-01,-5.943031e-01
4.78630,9.607845e-01,-1.799954e+02,2.121224e-04,8.942058e+01,2.121224e-04,8.942058e+01,9.069781e-01,-6.516383e-01
5.24807,9.607846e-01,-1.799955e+02,2.325860e-04,8.936436e+01,2.325860e-04,8.936436e+01,9.069766e-01,-7.145046e-01
5.75440,9.607846e-01,-1.799957e+02,2.550234e-04,8.930274e+01,2.550234e-04,8.930274e+01,9.069747e-01,-7.834354e-01
6.30957,9.607846e-01,-1.799958e+02,2.796249e-04,8.923521e+01,2.796249e-04,8.923521e+01,9.069725e-01,-8.590157e-01
6.91831,9.607847e-01,-1.799959e+02,3.065990e-04,8.916118e+01,3.065990e-04,8.916119e+01,9.069698e-01,-9.418866e-01
7.58578,9.607847e-01,-1.799959e+02,3.361744e-04,8.908004e+01,3.361744e-04,8.908004e+01,9.069666e-01,-1.032751e+00
8.31764,9.607848e-01,-1.799960e+02,3.686016e-04,8.899109e+01,3.686016e-04,8.899109e+01,9.069627e-01,-1.132380e+00
9.12011,9.607849e-01,-1.799959e+02,4.041554e-04,8.889358e+01,4.041554e-04,8.889358e+01,9.069581e-01,-1.241618e+00
10.00000,9.607850e-01,-1.799959e+02,4.431368e-04,8.878668e+01,4.431368e-04,8.878668e+01,9.069525e-01,-1.361392e+00
10.96478,9.607851e-01,-1.799958e+02,4.858756e-04,8.866949e+01,4.858756e-04,8.866949e+01,9.069458e-01,-1.492716e+00
12.02264,9.607852e-01,-1.799956e+02,5.327331e-04,8.854101e+01,5.327331e-04,8.854101e+01,9.069377e-01,-1.636704e+00
13.18257,9.607854e-01,-1.799955e+02,5.841054e-04,8.840015e+01,5.841054e-04,8.840015e+01,9.069280e-01,-1.794575e+00
14.45440,9.607855e-01,-1.799953e+02,6.404262e-04,8.824572e+01,6.404262e-04,8.824572e+01,9.069163e-01,-1.967666e+00
15.84893,9.607858e-01,-1.799950e+02,7.021702e-04,8.807642e+01,7.021702e-04,8.807642e+01,9.069023e-01,-2.157442e+00
17.37801,9.607860e-01,-1.799948e+02,7.698575e-04,8.789081e+01,7.698575e-04,8.789081e+01,9.068854e-01,-2.365508e+00
19.05461,9.607864e-01,-1.799944e+02,8.440571e-04,8.768733e+01,8.440571e-04,8.768733e+01,9.068651e-01,-2.593622e+00
20.89296,9.607868e-01,-1.799940e+02,9.253915e-04,8.746425e+01,9.253915e-04,8.746425e+01,9.068407e-01,-2.843710e+00
22.90868,9.607873e-01,-1.799936e+02,1.014541e-03,8.721970e+01,1.014541e-03,8.721970e+01,9.068115e-01,-3.117882e+00
25.11886,9.607878e-01,-1.799931e+02,1.112251e-03,8.695161e+01,1.112251e-03,8.695161e+01,9.067763e-01,-3.418448e+00
27.54229,9.607885e-01,-1.799926e+02,1.219333e-03,8.665773e+01,1.219333e-03,8.665773e+01,9.067340e-01,-3.747934e+00
30.19952,9.607893e-01,-1.799920e+02,1.336675e-03,8.633559e+01,1.336675e-03,8.633559e+01,9.066832e-01,-4.109108e+00
33.11311,9.607903e-01,-1.799913e+02,1.465243e-03,8.598250e+01,1.465243e-03,8.598250e+01,9.066223e-01,-4.504993e+00
36.30781,9.607915e-01,-1.799906e+02,1.606090e-03,8.559550e+01,1.606090e-03,8.559550e+01,9.065490e-01,-4.938897e+00
39.81072,9.607930e-01,-1.799898e+02,1.760363e-03,8.517138e+01,1.760363e-03,8.517138e+01,9.064611e-01,-5.414431e+00
43.65158,9.607947e-01,-1.799889e+02,1.929303e-03,8.470661e+01,1.929303e-03,8.470661e+01,9.063556e-01,-5.935540e+00
47.86301,9.607968e-01,-1.799879e+02,2.114260e-03,8.419737e+01,2.114260e-03,8.419737e+01,9.062290e-01,-6.506522e+00
52.48075,9.607993e-01,-1.799868e+02,2.316688e-03,8.363946e+01,2.316688e-03,8.363946e+01,9.060772e-01,-7.132064e+00
57.54399,9.608022e-01,-1.799856e+02,2.538155e-03,8.302836e+01,2.538155e-03,8.302836e+01,9.058952e-01,-7.817262e+00
63.09573,9.608058e-01,-1.799843e+02,2.780345e-03,8.235911e+01,2.780345e-03,8.235911e+01,9.056772e-01,-8.567653e+00
69.18310,9.608101e-01,-1.799828e+02,3.045056e-03,8.162637e+01,3.045056e-03,8.162637e+01,9.054163e-01,-9.389240e+00
75.85776,9.608152e-01,-1.799812e+02,3.334197e-03,8.082435e+01,3.334197e-03,8.082435e+01,9.051042e-01,-1.028852e+01
83.17638,9.608214e-01,-1.799795e+02,3.649780e-03,7.994679e+01,3.649780e-03,7.994679e+01,9.047313e-01,-1.127248e+01
91.20108,9.608287e-01,-1.799776e+02,3.993908e-03,7.898698e+01,3.993908e-03,7.898698e+01,9.042863e-01,-1.234867e+01
100.00000,9.608375e-01,-1.799756e+02,4.368750e-03,7.793775e+01,4.368750e-03,7.793775e+01,9.037561e-01,-1.352513e+01
109.64782,9.608479e-01,-1.799734e+02,4.776513e-03,7.679142e+01,4.776513e-03,7.679142e+01,9.031255e-01,-1.481045e+01
120.22644,9.608604e-01,-1.799709e+02,5.219390e-03,7.553991e+01,5.219390e-03,7.553991e+01,9.023772e-01,-1.621370e+01
131.82567,9.608752e-01,-1.799683e+02,5.699506e-03,7.417470e+01,5.699506e-03,7.417470e+01,9.014913e-01,-1.774442e+01
144.54398,9.608927e-01,-1.799655e+02,6.218832e-03,7.268695e+01,6.218832e-03,7.268695e+01,9.004459e-01,-1.941252e+01
158.48932,9.609134e-01,-1.799625e+02,6.779080e-03,7.106755e+01,6.779080e-03,7.106755e+01,8.992167e-01,-2.122820e+01
173.78008,9.609379e-01,-1.799593e+02,7.381573e-03,6.930729e+01,7.381573e-03,6.930729e+01,8.977778e-01,-2.320176e+01
190.54607,9.609666e-01,-1.799558e+02,8.027080e-03,6.739702e+01,8.027080e-03,6.739702e+01,8.961021e-01,-2.534344e+01
208.92961,9.610002e-01,-1.799522e+02,8.715625e-03,6.532787e+01,8.715625e-03,6.532787e+01,8.941627e-01,-2.766314e+01
229.08677,9.610394e-01,-1.799484e+02,9.446263e-03,6.309155e+01,9.446263e-03,6.309155e+01,8.919346e-01,-3.017008e+01
251.18864,9.610847e-01,-1.799444e+02,1.021684e-02,6.068068e+01,1.021684e-02,6.068068e+01,8.893971e-01,-3.287244e+01
275.42287,9.611368e-01,-1.799403e+02,1.102372e-02,5.808918e+01,1.102372e-02,5.808918e+01,8.865371e-01,-3.577688e+01
301.99517,9.611964e-01,-1.799360e+02,1.186156e-02,5.531274e+01,1.186156e-02,5.531274e+01,8.833528e-01,-3.888806e+01
331.13112,9.612638e-01,-1.799318e+02,1.272308e-02,5.234921e+01,1.272308e-02,5.234921e+01,8.798586e-01,-4.220812e+01
363.07805,9.613396e-01,-1.799275e+02,1.359894e-02,4.919911e+01,1.359894e-02,4.919911e+01,8.760903e-01,-4.573613e+01
398.10717,9.614238e-01,-1.799233e+02,1.447767e-02,4.586598e+01,1.447767e-02,4.586598e+01,8.721094e-01,-4.946765e+01
436.51583,9.615166e-01,-1.799193e+02,1.534579e-02,4.235675e+01,1.534579e-02,4.235675e+01,8.680075e-01,-5.339440e+01
478.63009,9.616175e-01,-1.799154e+02,1.618810e-02,3.868186e+01,1.618810e-02,3.868186e+01,8.639082e-01,-5.750406e+01
524.80746,9.617262e-01,-1.799119e+02,1.698812e-02,3.485533e+01,1.698812e-02,3.485533e+01,8.599664e-01,-6.178034e+01
575.43994,9.618419e-01,-1.799087e+02,1.772869e-02,3.089455e+01,1.772869e-02,3.089455e+01,8.563636e-01,-6.620326e+01
630.95734,9.619637e-01,-1.799059e+02,1.839277e-02,2.681998e+01,1.839277e-02,2.681998e+01,8.532996e-01,-7.074968e+01
691.83097,9.620906e-01,-1.799035e+02,1.896420e-02,2.265473e+01,1.896420e-02,2.265473e+01,8.509793e-01,-7.539407e+01
758.57758,9.622215e-01,-1.799016e+02,1.942855e-02,1.842401e+01,1.942855e-02,1.842401e+01,8.495973e-01,-8.010934e+01
831.76377,9.623551e-01,-1.799001e+02,1.977382e-02,1.415462e+01,1.977382e-02,1.415462e+01,8.493205e-01,-8.486775e+01
912.01084,9.624905e-01,-1.798992e+02,1.999109e-02,9.874562e+00,1.999109e-02,9.874562e+00,8.502716e-01,-8.964172e+01
1000.00000,9.626266e-01,-1.798987e+02,2.007494e-02,5.612606e+00,2.007494e-02,5.612606e+00,8.525152e-01,-9.440446e+01
1096.47820,9.627623e-01,-1.798988e+02,2.002374e-02,1.398063e+00,2.002374e-02,1.398063e+00,8.560501e-01,-9.913045e+01
1202.26443,9.628965e-01,-1.798993e+02,1.983972e-02,-2.739462e+00,1.983972e-02,-2.739462e+00,8.608064e-01,-1.037957e+02
1318.25674,9.630283e-01,-1.799003e+02,1.952886e-02,-6.770297e+00,1.952886e-02,-6.770297e+00,8.666509e-01,-1.083777e+02
1445.43977,9.631567e-01,-1.799017e+02,1.910064e-02,-1.066500e+01,1.910064e-02,-1.066500e+01,8.733978e-01,-1.128559e+02
1584.89319,9.632806e-01,-1.799035e+02,1.856756e-02,-1.439473e+01,1.856756e-02,-1.439473e+01,8.808249e-01,-1.172110e+02
1737.80083,9.633990e-01,-1.799057e+02,1.794451e-02,-1.793176e+01,1.794451e-02,-1.793176e+01,8.886918e-01,-1.214257e+02
1905.46072,9.635111e-01,-1.799082e+02,1.724805e-02,-2.125000e+01,1.724805e-02,-2.125000e+01,8.967588e-01,-1.254848e+02
2089.29613,9.636160e-01,-1.799110e+02,1.649559e-02,-2.432562e+01,1.649559e-02,-2.432562e+01,9.048033e-01,-1.293751e+02
2290.86765,9.637132e-01,-1.799140e+02,1.570458e-02,-2.713753e+01,1.570458e-02,-2.713753e+01,9.126321e-01,-1.330857e+02
2511.88643,9.638022e-01,-1.799170e+02,1.489176e-02,-2.966788e+01,1.489176e-02,-2.966788e+01,9.200899e-01,-1.366087e+02
2754.22870,9.638829e-01,-1.799202e+02,1.407259e-02,-3.190232e+01,1.407259e-02,-3.190232e+01,9.270617e-01,-1.399386e+02
3019.95172,9.639554e-01,-1.799233e+02,1.326074e-02,-3.383022e+01,1.326074e-02,-3.383022e+01,9.334724e-01,-1.430729e+02
3311.31121,9.640199e-01,-1.799262e+02,1.246788e-02,-3.544470e+01,1.246788e-02,-3.544470e+01,9.392824e-01,-1.460116e+02
3630.78055,9.640768e-01,-1.799291e+02,1.170353e-02,-3.674265e+01,1.170353e-02,-3.674265e+01,9.444819e-01,-1.487569e+02
3981.07171,9.641267e-01,-1.799317e+02,1.097512e-02,-3.772459e+01,1.097512e-02,-3.772459e+01,9.490842e-01,-1.513133e+02
4365.15832,9.641701e-01,-1.799340e+02,1.028811e-02,-3.839469e+01,1.028811e-02,-3.839469e+01,9.531197e-01,-1.536869e+02
4786.30092,9.642078e-01,-1.799361e+02,9.646210e-03,-3.876066e+01,9.646210e-03,-3.876066e+01,9.566294e-01,-1.558850e+02
5248.07460,9.642402e-01,-1.799378e+02,9.051599e-03,-3.883374e+01,9.051599e-03,-3.883374e+01,9.596605e-01,-1.579160e+02
5754.39937,9.642681e-01,-1.799391e+02,8.505169e-03,-3.862869e+01,8.505169e-03,-3.862869e+01,9.622629e-01,-1.597890e+02
6309.57344,9.642921e-01,-1.799400e+02,8.006757e-03,-3.816369e+01,8.006757e-03,-3.816369e+01,9.644858e-01,-1.615133e+02
6918.30971,9.643128e-01,-1.799406e+02,7.555348e-03,-3.746029e+01,7.555348e-03,-3.746029e+01,9.663765e-01,-1.630984e+02
7585.77575,9.643306e-01,-1.799407e+02,7.149263e-03,-3.654311e+01,7.149263e-03,-3.654311e+01,9.679789e-01,-1.645537e+02
8317.63771,9.643461e-01,-1.799403e+02,6.786313e-03,-3.543944e+01,6.786313e-03,-3.543944e+01,9.693327e-01,-1.658884e+02
9120.10839,9.643597e-01,-1.799395e+02,6.463937e-03,-3.417868e+01,6.463937e-03,-3.417868e+01,9.704736e-01,-1.671115e+02
10000.00000,9.643717e-01,-1.799383e+02,6.179315e-03,-3.279154e+01,6.179315e-03,-3.279154e+01,9.714330e-01,-1.682313e+02
