! ! 
! S ! 
! ! 
! # MHz  S  MA  R  50.00000
! ! ===================================================================
1.00000,9.607844e-01,-1.799832e+02,4.416564e-05,8.988712e+01,4.416564e-05,8.988713e+01,9.003413e-01,-1.362113e-01
1.09648,9.607844e-01,-1.799846e+02,4.842665e-05,8.987470e+01,4.842665e-05,8.987470e+01,9.003412e-01,-1.493504e-01
1.20226,9.607844e-01,-1.799859e+02,5.309875e-05,8.986121e+01,5.309875e-05,8.986121e+01,9.003411e-01,-1.637573e-01
1.31826,9.607844e-01,-1.799871e+02,5.822159e-05,8.984654e+01,5.822159e-05,8.984655e+01,9.003410e-01,-1.795543e-01
1.44544,9.607844e-01,-1.799882e+02,6.383867e-05,8.983057e+01,6.383867e-05,8.983058e+01,9.003409e-01,-1.968756e-01
1.58489,9.607844e-01,-1.799891e+02,6.999767e-05,8.981317e+01,6.999767e-05,8.981317e+01,9.003408e-01,-2.158682e-01
1.73780,9.607844e-01,-1.799900e+02,7.675086e-05,8.979417e+01,7.675086e-05,8.979417e+01,9.003406e-01,-2.366932e-01
1.90546,9.607844e-01,-1.799908e+02,8.415557e-05,8.977343e+01,8.415557e-05,8.977343e+01,9.003404e-01,-2.595275e-01
2.08930,9.607844e-01,-1.799915e+02,9.227465e-05,8.975077e+01,9.227465e-05,8.975077e+01,9.003402e-01,-2.845649e-01
2.29087,9.607844e-01,-1.799922e+02,1.011770e-04,8.972599e+01,1.011770e-04,8.972599e+01,9.003399e-01,-3.120179e-01
2.51189,9.607844e-01,-1.799928e+02,1.109382e-04,8.969888e+01,1.109382e-04,8.969888e+01,9.003396e-01,-3.421196e-01
2.75423,9.607845e-01,-1.799933e+02,1.216411e-04,8.966922e+01,1.216411e-04,8.966922e+01,9.003392e-01,-3.751254e-01
3.01995,9.607845e-01,-1.799938e+02,1.333765e-04,8.963675e+01,1.333765e-04,8.963675e+01,9.003387e-01,-4.113156e-01
3.31131,9.607845e-01,-1.799942e+02,1.462441e-04,8.960119e+01,1.462441e-04,8.960119e+01,9.003381e-01,-4.509972e-01
3.63078,9.607845e-01,-1.799945e+02,1.603529e-04,8.956225e+01,1.603529e-04,8.956226e+01,9.003374e-01,-4.945072e-01
3.98107,9.607845e-01,-1.799948e+02,1.758228e-04,8.951960e+01,1.758228e-04,8.951960e+01,9.003365e-01,-5.422148e-01
4.36516,9.607845e-01,-1.799951e+02,1.927850e-04,8.947287e+01,1.927850e-04,8.947287e+01,9.003355e-01,-5.945248e-01
4.78630,9.607845e-01,-1.799954e+02,2.113833e-04,8.942166e+01,2.113833e-04,8.942166e+01,9.003342e-01,-6.518813e-01
5.24807,9.607846e-01,-1.799955e+02,2.317757e-04,8.936554e+01,2.317757e-04,8.936554e+01,9.003328e-01,-7.147709e-01
5.75440,9.607846e-01,-1.799957e+02,2.541349e-04,8.930404e+01,2.541349e-04,8.930404e+01,9.003310e-01,-7.837274e-01
6.30957,9.607846e-01,-1.799958e+02,2.786507e-04,8.923663e+01,2.786507e-04,8.923664e+01,9.003288e-01,-8.593357e-01
6.91831,9.607847e-01,-1.799959e+02,3.055308e-04,8.916275e+01,3.055308e-04,8.916275e+01,9.003262e-01,-9.422375e-01
7.58578,9.607847e-01,-1.799959e+02,3.350032e-04,8.908176e+01,3.350032e-04,8.908176e+01,9.003231e-01,-1.033136e+00
8.31764,9.607848e-01,-1.799960e+02,3.673175e-04,8.899297e+01,3.673175e-04,8.899297e+01,9.003194e-01,-1.132802e+00
9.12011,9.607849e-01,-1.799959e+02,4.027475e-04,8.889564e+01,4.027475e-04,8.889564e+01,9.003149e-01,-1.242081e+00
10.00000,9.607850e-01,-1.799959e+02,4.415931e-04,8.878894e+01,4.415931e-04,8.878894e+01,9.003095e-01,-1.361899e+00
10.96478,9.607851e-01,-1.799958e+02,4.841830e-04,8.867196e+01,4.841830e-04,8.867196e+01,9.003030e-01,-1.493272e+00
12.02264,9.607852e-01,-1.799956e+02,5.308774e-04,8.854372e+01,5.308774e-04,8.854372e+01,9.002952e-01,-1.637313e+00
13.18257,9.607854e-01,-1.799955e+02,5.820709e-04,8.840312e+01,5.820709e-04,8.840312e+01,9.002859e-01,-1.795243e+00
14.45440,9.607855e-01,-1.799953e+02,6.381956e-04,8.824898e+01,6.381956e-04,8.824898e+01,9.002746e-01,-1.968399e+00
15.84893,9.607858e-01,-1.799950e+02,6.997247e-04,8.808000e+01,6.997247e-04,8.808000e+01,9.002611e-01,-2.158245e+00
17.37801,9.607860e-01,-1.799948e+02,7.671765e-04,8.789473e+01,7.671765e-04,8.789473e+01,9.002448e-01,-2.366389e+00
19.05461,9.607864e-01,-1.799944e+02,8.411179e-04,8.769163e+01,8.411179e-04,8.769163e+01,9.002252e-01,-2.594588e+00
20.89296,9.607868e-01,-1.799940e+02,9.221694e-04,8.746896e+01,9.221694e-04,8.746896e+01,9.002017e-01,-2.844770e+00
22.90868,9.607873e-01,-1.799936e+02,1.011010e-03,8.722486e+01,1.011010e-03,8.722486e+01,9.001735e-01,-3.119044e+00
25.11886,9.607878e-01,-1.799931e+02,1.108380e-03,8.695727e+01,1.108380e-03,8.695727e+01,9.001395e-01,-3.419722e+00
27.54229,9.607885e-01,-1.799926e+02,1.215090e-03,8.666393e+01,1.215090e-03,8.666393e+01,9.000987e-01,-3.749332e+00
30.19952,9.607893e-01,-1.799920e+02,1.332024e-03,8.634239e+01,1.332024e-03,8.634239e+01,9.000498e-01,-4.110641e+00
33.11311,9.607903e-01,-1.799913e+02,1.460146e-03,8.598995e+01,1.460146e-03,8.598995e+01,8.999909e-01,-4.506675e+00
36.30781,9.607915e-01,-1.799906e+02,1.600506e-03,8.560367e+01,1.600506e-03,8.560367e+01,8.999203e-01,-4.940742e+00
39.81072,9.607930e-01,-1.799898e+02,1.754244e-03,8.518033e+01,1.754244e-03,8.518033e+01,8.998355e-01,-5.416455e+00
43.65158,9.607947e-01,-1.799889e+02,1.922601e-03,8.471642e+01,1.922601e-03,8.471642e+01,8.997337e-01,-5.937760e+00
47.86301,9.607968e-01,-1.799879e+02,2.106919e-03,8.420812e+01,2.106919e-03,8.420812e+01,8.996115e-01,-6.508958e+00
52.48075,9.607992e-01,-1.799868e+02,2.308649e-03,8.365124e+01,2.308649e-03,8.365124e+01,8.994651e-01,-7.134737e+00
57.54399,9.608022e-01,-1.799856e+02,2.529356e-03,8.304126e+01,2.529356e-03,8.304126e+01,8.992895e-01,-7.820196e+00
63.09573,9.608058e-01,-1.799843e+02,2.770716e-03,8.237324e+01,2.770716e-03,8.237324e+01,8.990792e-01,-8.570875e+00
69.18310,9.608101e-01,-1.799828e+02,3.034523e-03,8.164184e+01,3.034523e-03,8.164184e+01,8.988275e-01,-9.392778e+00
75.85776,9.608152e-01,-1.799812e+02,3.322680e-03,8.084127e+01,3.322680e-03,8.084127e+01,8.985264e-01,-1.029240e+01
83.17638,9.608213e-01,-1.799795e+02,3.637195e-03,7.996530e+01,3.637195e-03,7.996530e+01,8.981667e-01,-1.127675e+01
91.20108,9.608287e-01,-1.799776e+02,3.980164e-03,7.900723e+01,3.980164e-03,7.900723e+01,8.977375e-01,-1.235336e+01
100.00000,9.608374e-01,-1.799756e+02,4.353754e-03,7.795987e+01,4.353754e-03,7.795987e+01,8.972262e-01,-1.353029e+01
109.64782,9.608479e-01,-1.799734e+02,4.760165e-03,7.681559e+01,4.760165e-03,7.681559e+01,8.966181e-01,-1.481612e+01
120.22644,9.608603e-01,-1.799709e+02,5.201589e-03,7.556629e+01,5.201589e-03,7.556629e+01,8.958965e-01,-1.621995e+01
131.82567,9.608751e-01,-1.799683e+02,5.680149e-03,7.420347e+01,5.680149e-03,7.420347e+01,8.950425e-01,-1.775130e+01
144.54398,9.608926e-01,-1.799655e+02,6.197817e-03,7.271828e+01,6.197817e-03,7.271828e+01,8.940347e-01,-1.942011e+01
158.48932,9.609134e-01,-1.799625e+02,6.756309e-03,7.110164e+01,6.756309e-03,7.110164e+01,8.928501e-01,-2.123657e+01
173.78008,9.609378e-01,-1.799593e+02,7.356953e-03,6.934433e+01,7.356953e-03,6.934433e+01,8.914637e-01,-2.321100e+01
190.54607,9.609665e-01,-1.799558e+02,8.000531e-03,6.743718e+01,8.000531e-03,6.743718e+01,8.898496e-01,-2.535365e+01
208.92961,9.610002e-01,-1.799522e+02,8.687082e-03,6.537133e+01,8.687082e-03,6.537133e+01,8.879823e-01,-2.767442e+01
229.08677,9.610393e-01,-1.799484e+02,9.415685e-03,6.313848e+01,9.415685e-03,6.313848e+01,8.858380e-01,-3.018255e+01
251.18864,9.610846e-01,-1.799444e+02,1.018421e-02,6.073122e+01,1.018421e-02,6.073122e+01,8.833974e-01,-3.288622e+01
275.42287,9.611367e-01,-1.799402e+02,1.098907e-02,5.814346e+01,1.098907e-02,5.814346e+01,8.806487e-01,-3.579212e+01
301.99517,9.611963e-01,-1.799360e+02,1.182496e-02,5.537082e+01,1.182496e-02,5.537082e+01,8.775912e-01,-3.890490e+01
331.13112,9.612638e-01,-1.799317e+02,1.268466e-02,5.241112e+01,1.268466e-02,5.241112e+01,8.742404e-01,-4.222670e+01
363.07805,9.613395e-01,-1.799275e+02,1.355887e-02,4.926482e+01,1.355887e-02,4.926482e+01,8.706326e-01,-4.575657e+01
398.10717,9.614238e-01,-1.799233e+02,1.443619e-02,4.593541e+01,1.443619e-02,4.593541e+01,8.668295e-01,-4.949006e+01
436.51583,9.615166e-01,-1.799192e+02,1.530320e-02,4.242974e+01,1.530320e-02,4.242974e+01,8.629224e-01,-5.341885e+01
478.63009,9.616176e-01,-1.799154e+02,1.614475e-02,3.875820e+01,1.614475e-02,3.875820e+01,8.590340e-01,-5.753058e+01
524.80746,9.617264e-01,-1.799119e+02,1.694440e-02,3.493473e+01,1.694440e-02,3.493473e+01,8.553177e-01,-6.180888e+01
575.43994,9.618422e-01,-1.799086e+02,1.768505e-02,3.097665e+01,1.768505e-02,3.097665e+01,8.519528e-01,-6.623369e+01
630.95734,9.619641e-01,-1.799058e+02,1.834964e-02,2.690441e+01,1.834964e-02,2.690441e+01,8.491367e-01,-7.078177e+01
691.83097,9.620911e-01,-1.799034e+02,1.892205e-02,2.274104e+01,1.892205e-02,2.274104e+01,8.470714e-01,-7.542750e+01
758.57758,9.622220e-01,-1.799015e+02,1.938779e-02,1.851174e+01,1.938779e-02,1.851174e+01,8.459484e-01,-8.014368e+01
831.76377,9.623558e-01,-1.799001e+02,1.973487e-02,1.424331e+01,1.973487e-02,1.424331e+01,8.459316e-01,-8.490251e+01
912.01084,9.624912e-01,-1.798992e+02,1.995429e-02,9.963714e+00,1.995429e-02,9.963714e+00,8.471408e-01,-8.967634e+01
1000.00000,9.626273e-01,-1.798987e+02,2.004058e-02,5.701743e+00,2.004058e-02,5.701743e+00,8.496382e-01,-9.443838e+01
1096.47820,9.627630e-01,-1.798988e+02,1.999204e-02,1.486708e+00,1.999204e-02,1.486708e+00,8.534203e-01,-9.916315e+01
1202.26443,9.628972e-01,-1.798993e+02,1.981083e-02,-2.651774e+00,1.981083e-02,-2.651774e+00,8.584155e-01,-1.038267e+02
1318.25674,9.630290e-01,-1.799003e+02,1.950285e-02,-6.684016e+00,1.950285e-02,-6.684016e+00,8.644889e-01,-1.084066e+02
1445.43977,9.631573e-01,-1.799017e+02,1.907751e-02,-1.058056e+01,1.907751e-02,-1.058056e+01,8.714536e-01,-1.128824e+02
1584.89319,9.632812e-01,-1.799035e+02,1.854723e-02,-1.431253e+01,1.854723e-02,-1.431253e+01,8.790864e-01,-1.172349e+02
1737.80083,9.633995e-01,-1.799057e+02,1.792686e-02,-1.785217e+01,1.792686e-02,-1.785217e+01,8.871461e-01,-1.214471e+02
1905.46072,9.635115e-01,-1.799082e+02,1.723289e-02,-2.117336e+01,1.723289e-02,-2.117336e+01,8.953923e-01,-1.255036e+02
2089.29613,9.636163e-01,-1.799110e+02,1.648270e-02,-2.425220e+01,1.648270e-02,-2.425220e+01,9.036021e-01,-1.293914e+02
2290.86765,9.637134e-01,-1.799140e+02,1.569373e-02,-2.706756e+01,1.569373e-02,-2.706756e+01,9.115822e-01,-1.330999e+02
2511.88643,9.638024e-01,-1.799171e+02,1.488271e-02,-2.960152e+01,1.488271e-02,-2.960152e+01,9.191771e-01,-1.366208e+02
2754.22870,9.638831e-01,-1.799202e+02,1.406509e-02,-3.183967e+01,1.406509e-02,-3.183967e+01,9.262722e-01,-1.399490e+02
3019.95172,9.639555e-01,-1.799233e+02,1.325457e-02,-3.377133e+01,1.325457e-02,-3.377133e+01,9.327928e-01,-1.430817e+02
3311.31121,9.640200e-01,-1.799263e+02,1.246282e-02,-3.538957e+01,1.246282e-02,-3.538957e+01,9.386999e-01,-1.460190e+02
3630.78055,9.640769e-01,-1.799291e+02,1.169940e-02,-3.669120e+01,1.169940e-02,-3.669120e+01,9.439847e-01,-1.487632e+02
3981.07171,9.641268e-01,-1.799317e+02,1.097175e-02,-3.767675e+01,1.097175e-02,-3.767675e+01,9.486615e-01,-1.513186e+02
4365.15832,9.641702e-01,-1.799340e+02,1.028536e-02,-3.835032e+01,1.028536e-02,-3.835032e+01,9.527614e-01,-1.536913e+02
4786.30092,9.642078e-01,-1.799361e+02,9.643965e-03,-3.871961e+01,9.643965e-03,-3.871961e+01,9.563265e-01,-1.558888e+02
5248.07460,9.642402e-01,-1.799378e+02,9.049759e-03,-3.879585e+01,9.049759e-03,-3.879585e+01,9.594052e-01,-1.579193e+02
5754.39937,9.642682e-01,-1.799391e+02,8.503656e-03,-3.859377e+01,8.503656e-03,-3.859377e+01,9.620481e-01,-1.597918e+02
6309.57344,9.642922e-01,-1.799400e+02,8.005504e-03,-3.813157e+01,8.005504e-03,-3.813157e+01,9.643056e-01,-1.615158e+02
6918.30971,9.643128e-01,-1.799406e+02,7.554303e-03,-3.743078e+01,7.554303e-03,-3.743078e+01,9.662255e-01,-1.631005e+02
7585.77575,9.643307e-01,-1.799407e+02,7.148384e-03,-3.651603e+01,7.148384e-03,-3.651603e+01,9.678525e-01,-1.645556e+02
8317.63771,9.643461e-01,-1.799403e+02,6.785567e-03,-3.541462e+01,6.785567e-03,-3.541462e+01,9.692271e-01,-1.658900e+02
9120.10839,9.643597e-01,-1.799395e+02,6.463297e-03,-3.415594e+01,6.463297e-03,-3.415594e+01,9.703855e-01,-1.671129e+02
10000.00000,9.643718e-01,-1.799383e+02,6.178759e-03,-3.277073e+01,6.178759e-03,-3.277073e+01,9.713596e-01,-1.682325e+02
