! ! 
! S ! 
! ! 
! # MHz  S  MA  R  50.00000
! ! ===================================================================
1.00000,9.783928e-01,-2.602840e+00,3.391684e-02,9.119666e+01,3.678392e-02,6.442870e+01,9.349654e-01,-2.015056e+00
1.09648,9.782388e-01,-2.853658e+00,3.716959e-02,9.062967e+01,3.980185e-02,6.602824e+01,9.348318e-01,-2.209182e+00
1.20226,9.780536e-01,-3.128579e+00,4.073527e-02,9.006787e+01,4.314922e-02,6.748368e+01,9.346712e-01,-2.421948e+00
1.31826,9.778313e-01,-3.429899e+00,4.464332e-02,8.950660e+01,4.685489e-02,6.879494e+01,9.344784e-01,-2.655122e+00
1.44544,9.775641e-01,-3.760125e+00,4.892584e-02,8.894120e+01,5.095023e-02,6.996313e+01,9.342467e-01,-2.910636e+00
1.58489,9.772433e-01,-4.121993e+00,5.361776e-02,8.836698e+01,5.546938e-02,7.099019e+01,9.339684e-01,-3.190597e+00
1.73780,9.768580e-01,-4.518488e+00,5.875702e-02,8.777916e+01,6.044945e-02,7.187854e+01,9.336343e-01,-3.497298e+00
1.90546,9.763955e-01,-4.952861e+00,6.438480e-02,8.717290e+01,6.593074e-02,7.263080e+01,9.332332e-01,-3.833234e+00
2.08930,9.758404e-01,-5.428646e+00,7.054562e-02,8.654322e+01,7.195693e-02,7.324957e+01,9.327519e-01,-4.201113e+00
2.29087,9.751744e-01,-5.949683e+00,7.728754e-02,8.588499e+01,7.857521e-02,7.373723e+01,9.321745e-01,-4.603871e+00
2.51189,9.743758e-01,-6.520134e+00,8.466221e-02,8.519288e+01,8.583644e-02,7.409581e+01,9.314821e-01,-5.044678e+00
2.75423,9.734185e-01,-7.144499e+00,9.272493e-02,8.446136e+01,9.379511e-02,7.432683e+01,9.306522e-01,-5.526953e+00
3.01995,9.722719e-01,-7.827626e+00,1.015346e-01,8.368469e+01,1.025094e-01,7.443131e+01,9.296583e-01,-6.054365e+00
3.31131,9.708993e-01,-8.574728e+00,1.111535e-01,8.285686e+01,1.120408e-01,7.440961e+01,9.284687e-01,-6.630837e+00
3.63078,9.692578e-01,-9.391377e+00,1.216470e-01,8.197161e+01,1.224542e-01,7.426148e+01,9.270463e-01,-7.260537e+00
3.98107,9.672967e-01,-1.028350e+01,1.330830e-01,8.102242e+01,1.338167e-01,7.398603e+01,9.253472e-01,-7.947864e+00
4.36516,9.649566e-01,-1.125736e+01,1.455310e-01,8.000254e+01,1.461973e-01,7.358173e+01,9.233202e-01,-8.697422e+00
4.78630,9.621684e-01,-1.231954e+01,1.590612e-01,7.890501e+01,1.596657e-01,7.304645e+01,9.209058e-01,-9.513976e+00
5.24807,9.588522e-01,-1.347684e+01,1.737425e-01,7.772268e+01,1.742903e-01,7.237757e+01,9.180352e-01,-1.040239e+01
5.75440,9.549162e-01,-1.473625e+01,1.896406e-01,7.644836e+01,1.901362e-01,7.157200e+01,9.146294e-01,-1.136754e+01
6.30957,9.502561e-01,-1.610481e+01,2.068152e-01,7.507485e+01,2.072629e-01,7.062637e+01,9.105990e-01,-1.241419e+01
6.91831,9.447545e-01,-1.758947e+01,2.253164e-01,7.359513e+01,2.257201e-01,6.953717e+01,9.058438e-01,-1.354686e+01
7.58578,9.382817e-01,-1.919689e+01,2.451810e-01,7.200256e+01,2.455441e-01,6.830097e+01,9.002530e-01,-1.476961e+01
8.31764,9.306967e-01,-2.093319e+01,2.664269e-01,7.029107e+01,2.667527e-01,6.691467e+01,8.937072e-01,-1.608582e+01
9.12011,9.218496e-01,-2.280371e+01,2.890482e-01,6.845549e+01,2.893394e-01,6.537578e+01,8.860799e-01,-1.749791e+01
10.00000,9.115856e-01,-2.481259e+01,3.130086e-01,6.649188e+01,3.132680e-01,6.368286e+01,8.772420e-01,-1.900704e+01
10.96478,8.997515e-01,-2.696248e+01,3.382363e-01,6.439786e+01,3.384663e-01,6.183577e+01,8.670670e-01,-2.061272e+01
12.02264,8.862029e-01,-2.925410e+01,3.646178e-01,6.217304e+01,3.648206e-01,5.983622e+01,8.554385e-01,-2.231256e+01
13.18257,8.708151e-01,-3.168588e+01,3.919943e-01,5.981937e+01,3.921719e-01,5.768803e+01,8.422594e-01,-2.410188e+01
14.45440,8.534942e-01,-3.425362e+01,4.201596e-01,5.734147e+01,4.203140e-01,5.539757e+01,8.274621e-01,-2.597350e+01
15.84893,8.341900e-01,-3.695021e+01,4.488617e-01,5.474687e+01,4.489946e-01,5.297394e+01,8.110206e-01,-2.791763e+01
17.37801,8.129088e-01,-3.976561e+01,4.778075e-01,5.204607e+01,4.779207e-01,5.042907e+01,7.929609e-01,-2.992191e+01
19.05461,7.897234e-01,-4.268685e+01,5.066725e-01,4.925245e+01,5.067676e-01,4.777769e+01,7.733705e-01,-3.197172e+01
20.89296,7.647803e-01,-4.569837e+01,5.351140e-01,4.638194e+01,5.351924e-01,4.503692e+01,7.524042e-01,-3.405073e+01
22.90868,7.383017e-01,-4.878255e+01,5.627872e-01,4.345248e+01,5.628504e-01,4.222578e+01,7.302852e-01,-3.614170e+01
25.11886,7.105813e-01,-5.192035e+01,5.893634e-01,4.048323e+01,5.894129e-01,3.936445e+01,7.072999e-01,-3.822754e+01
27.54229,6.819731e-01,-5.509222e+01,6.145466e-01,3.749373e+01,6.145838e-01,3.647337e+01,6.837882e-01,-4.029252e+01
30.19952,6.528765e-01,-5.827890e+01,6.380884e-01,3.450290e+01,6.381144e-01,3.357231e+01,6.601277e-01,-4.232354e+01
33.11311,6.237160e-01,-6.146228e+01,6.597970e-01,3.152818e+01,6.598132e-01,3.067947e+01,6.367155e-01,-4.431139e+01
36.30781,5.949212e-01,-6.462610e+01,6.795423e-01,2.858473e+01,6.795497e-01,2.781069e+01,6.139484e-01,-4.625175e+01
39.81072,5.669071e-01,-6.775643e+01,6.972542e-01,2.568481e+01,6.972539e-01,2.497888e+01,5.922055e-01,-4.814596e+01
43.65158,5.400581e-01,-7.084194e+01,7.129169e-01,2.283746e+01,7.129099e-01,2.219364e+01,5.718329e-01,-5.000138e+01
47.86301,5.147161e-01,-7.387397e+01,7.265597e-01,2.004827e+01,7.265469e-01,1.946110e+01,5.531334e-01,-5.183131e+01
52.48075,4.911734e-01,-7.684645e+01,7.382449e-01,1.731953e+01,7.382271e-01,1.678403e+01,5.363614e-01,-5.365442e+01
57.54399,4.696706e-01,-7.975561e+01,7.480565e-01,1.465037e+01,7.480344e-01,1.416199e+01,5.217215e-01,-5.549382e+01
63.09573,4.503973e-01,-8.259976e+01,7.560887e-01,1.203715e+01,7.560629e-01,1.159174e+01,5.093719e-01,-5.737570e+01
69.18310,4.334960e-01,-8.537902e+01,7.624354e-01,9.473793e+00,7.624066e-01,9.067579e+00,4.994294e-01,-5.932773e+01
75.85776,4.190674e-01,-8.809513e+01,7.671825e-01,6.952301e+00,7.671512e-01,6.581833e+00,4.919771e-01,-6.137728e+01
83.17638,4.071762e-01,-9.075137e+01,7.704013e-01,4.463135e+00,7.703677e-01,4.125268e+00,4.870711e-01,-6.354978e+01
91.20108,3.978562e-01,-9.335251e+01,7.721432e-01,1.995670e+00,7.721080e-01,1.687537e+00,4.847474e-01,-6.586712e+01
100.00000,3.911153e-01,-9.590487e+01,7.724377e-01,-4.613867e-01,7.724010e-01,-7.424024e-01,4.850265e-01,-6.834642e+01
109.64782,3.869389e-01,-9.841635e+01,7.712897e-01,-2.919591e+00,7.712519e-01,-3.175874e+00,4.879161e-01,-7.099924e+01
120.22644,3.852914e-01,-1.008964e+02,7.686798e-01,-5.390359e+00,7.686413e-01,-5.624086e+00,4.934113e-01,-7.383112e+01
131.82567,3.861172e-01,-1.033556e+02,7.645655e-01,-7.884563e+00,7.645263e-01,-8.097717e+00,5.014919e-01,-7.684170e+01
144.54398,3.893396e-01,-1.058057e+02,7.588831e-01,-1.041212e+01,7.588436e-01,-1.060651e+01,5.121176e-01,-8.002510e+01
158.48932,3.948586e-01,-1.082587e+02,7.515524e-01,-1.298156e+01,7.515127e-01,-1.315883e+01,5.252218e-01,-8.337063e+01
173.78008,4.025480e-01,-1.107260e+02,7.424819e-01,-1.559958e+01,7.424423e-01,-1.576125e+01,5.407036e-01,-8.686363e+01
190.54607,4.122526e-01,-1.132178e+02,7.315767e-01,-1.827062e+01,7.315374e-01,-1.841805e+01,5.584203e-01,-9.048634e+01
208.92961,4.237852e-01,-1.157422e+02,7.187479e-01,-2.099643e+01,7.187089e-01,-2.113088e+01,5.781813e-01,-9.421865e+01
229.08677,4.369254e-01,-1.183044e+02,7.039230e-01,-2.377570e+01,7.038846e-01,-2.389831e+01,5.997437e-01,-9.803879e+01
251.18864,4.514203e-01,-1.209057e+02,6.870585e-01,-2.660380e+01,6.870208e-01,-2.671561e+01,6.228119e-01,-1.019237e+02
275.42287,4.669874e-01,-1.235436e+02,6.681510e-01,-2.947265e+01,6.681142e-01,-2.957460e+01,6.470419e-01,-1.058496e+02
301.99517,4.833218e-01,-1.262117e+02,6.472480e-01,-3.237076e+01,6.472122e-01,-3.246372e+01,6.720501e-01,-1.097919e+02
331.13112,5.001055e-01,-1.288993e+02,6.244553e-01,-3.528353e+01,6.244206e-01,-3.536829e+01,6.974272e-01,-1.137259e+02
363.07805,5.170196e-01,-1.315926e+02,5.999402e-01,-3.819374e+01,5.999069e-01,-3.827102e+01,7.227564e-01,-1.176267e+02
398.10717,5.337582e-01,-1.342750e+02,5.739296e-01,-4.108227e+01,5.738977e-01,-4.115273e+01,7.476335e-01,-1.214702e+02
436.51583,5.500420e-01,-1.369282e+02,5.467021e-01,-4.392897e+01,5.466716e-01,-4.399320e+01,7.716864e-01,-1.252330e+02
478.63009,5.656302e-01,-1.395335e+02,5.185753e-01,-4.671356e+01,5.185464e-01,-4.677212e+01,7.945936e-01,-1.288935e+02
524.80746,5.803293e-01,-1.420722e+02,4.898900e-01,-4.941660e+01,4.898627e-01,-4.946997e+01,8.160967e-01,-1.324325e+02
575.43994,5.939978e-01,-1.445271e+02,4.609920e-01,-5.202026e+01,4.609663e-01,-5.206891e+01,8.360080e-01,-1.358332e+02
630.95734,6.065469e-01,-1.468828e+02,4.322153e-01,-5.450897e+01,4.321912e-01,-5.455330e+01,8.542113e-01,-1.390823e+02
691.83097,6.179374e-01,-1.491266e+02,4.038674e-01,-5.686983e+01,4.038448e-01,-5.691023e+01,8.706582e-01,-1.421695e+02
758.57758,6.281734e-01,-1.512483e+02,3.762180e-01,-5.909280e+01,3.761970e-01,-5.912960e+01,8.853590e-01,-1.450882e+02
831.76377,6.372945e-01,-1.532406e+02,3.494925e-01,-6.117068e+01,3.494730e-01,-6.120419e+01,8.983722e-01,-1.478346e+02
912.01084,6.453674e-01,-1.550988e+02,3.238694e-01,-6.309893e+01,3.238513e-01,-6.312944e+01,9.097918e-01,-1.504081e+02
1000.00000,6.524780e-01,-1.568205e+02,2.994803e-01,-6.487537e+01,2.994637e-01,-6.490314e+01,9.197362e-01,-1.528104e+02
1096.47820,6.587240e-01,-1.584052e+02,2.764142e-01,-6.649985e+01,2.763988e-01,-6.652512e+01,9.283379e-01,-1.550456e+02
1202.26443,6.642095e-01,-1.598545e+02,2.547213e-01,-6.797382e+01,2.547072e-01,-6.799680e+01,9.357346e-01,-1.571190e+02
1318.25674,6.690399e-01,-1.611707e+02,2.344199e-01,-6.929999e+01,2.344070e-01,-6.932088e+01,9.420628e-01,-1.590374e+02
1445.43977,6.733199e-01,-1.623575e+02,2.155017e-01,-7.048201e+01,2.154898e-01,-7.050098e+01,9.474533e-01,-1.608086e+02
1584.89319,6.771508e-01,-1.634190e+02,1.979376e-01,-7.152412e+01,1.979267e-01,-7.154133e+01,9.520280e-01,-1.624407e+02
1737.80083,6.806301e-01,-1.643601e+02,1.816831e-01,-7.243099e+01,1.816732e-01,-7.244660e+01,9.558980e-01,-1.639422e+02
1905.46072,6.838514e-01,-1.651854e+02,1.666828e-01,-7.320754e+01,1.666738e-01,-7.322167e+01,9.591632e-01,-1.653216e+02
2089.29613,6.869049e-01,-1.659003e+02,1.528736e-01,-7.385880e+01,1.528654e-01,-7.387158e+01,9.619118e-01,-1.665873e+02
2290.86765,6.898782e-01,-1.665097e+02,1.401884e-01,-7.438988e+01,1.401810e-01,-7.440142e+01,9.642214e-01,-1.677476e+02
2511.88643,6.928572e-01,-1.670189e+02,1.285579e-01,-7.480601e+01,1.285512e-01,-7.481641e+01,9.661589e-01,-1.688103e+02
2754.22870,6.959274e-01,-1.674333e+02,1.179125e-01,-7.511255e+01,1.179064e-01,-7.512190e+01,9.677823e-01,-1.697830e+02
3019.95172,6.991751e-01,-1.677582e+02,1.081838e-01,-7.531511e+01,1.081783e-01,-7.532350e+01,9.691412e-01,-1.706727e+02
3311.31121,7.026880e-01,-1.679995e+02,9.930513e-02,-7.541975e+01,9.930013e-02,-7.542725e+01,9.702779e-01,-1.714861e+02
3630.78055,7.065557e-01,-1.681633e+02,9.121236e-02,-7.543310e+01,9.120786e-02,-7.543977e+01,9.712281e-01,-1.722294e+02
3981.07171,7.108697e-01,-1.682564e+02,8.384418e-02,-7.536261e+01,8.384014e-02,-7.536853e+01,9.720224e-01,-1.729084e+02
4365.15832,7.157229e-01,-1.682864e+02,7.714214e-02,-7.521677e+01,7.713854e-02,-7.522199e+01,9.726863e-01,-1.735285e+02
4786.30092,7.212078e-01,-1.682619e+02,7.105072e-02,-7.500528e+01,7.104751e-02,-7.500986e+01,9.732415e-01,-1.740947e+02
5248.07460,7.274138e-01,-1.681925e+02,6.551715e-02,-7.473920e+01,6.551431e-02,-7.474320e+01,9.737060e-01,-1.746115e+02
5754.39937,7.344236e-01,-1.680892e+02,6.049132e-02,-7.443103e+01,6.048881e-02,-7.443449e+01,9.740952e-01,-1.750832e+02
6309.57344,7.423075e-01,-1.679641e+02,5.592558e-02,-7.409455e+01,5.592337e-02,-7.409752e+01,9.744217e-01,-1.755137e+02
6918.30971,7.511182e-01,-1.678306e+02,5.177466e-02,-7.374462e+01,5.177274e-02,-7.374714e+01,9.746962e-01,-1.759064e+02
7585.77575,7.608830e-01,-1.677026e+02,4.799563e-02,-7.339663e+01,4.799397e-02,-7.339876e+01,9.749278e-01,-1.762647e+02
8317.63771,7.715975e-01,-1.675944e+02,4.454792e-02,-7.306588e+01,4.454649e-02,-7.306765e+01,9.751237e-01,-1.765916e+02
9120.10839,7.832194e-01,-1.675201e+02,4.139350e-02,-7.276667e+01,4.139227e-02,-7.276814e+01,9.752902e-01,-1.768899e+02
10000.00000,7.956643e-01,-1.674926e+02,3.849713e-02,-7.251141e+01,3.849609e-02,-7.251260e+01,9.754323e-01,-1.771620e+02
