! ! 
! S ! 
! ! 
! # MHz  S  MA  R  50.00000
! ! ===================================================================
1.00000,9.861958e-01,-1.856088e+00,2.148786e-02,9.191942e+01,2.269155e-02,6.920361e+01,9.429634e-01,-1.270563e+00
1.09648,9.861301e-01,-2.035071e+00,2.355123e-02,9.143646e+01,2.465403e-02,7.061149e+01,9.429098e-01,-1.393065e+00
1.20226,9.860511e-01,-2.231294e+00,2.581380e-02,9.096548e+01,2.682334e-02,7.188937e+01,9.428454e-01,-1.527362e+00
1.31826,9.859562e-01,-2.446410e+00,2.829453e-02,9.050255e+01,2.921805e-02,7.304050e+01,9.427679e-01,-1.674582e+00
1.44544,9.858421e-01,-2.682231e+00,3.101419e-02,9.004381e+01,3.185849e-02,7.406865e+01,9.426748e-01,-1.835962e+00
1.58489,9.857049e-01,-2.940739e+00,3.399545e-02,8.958541e+01,3.476689e-02,7.497782e+01,9.425629e-01,-2.012854e+00
1.73780,9.855402e-01,-3.224102e+00,3.726309e-02,8.912351e+01,3.796762e-02,7.577207e+01,9.424285e-01,-2.206737e+00
1.90546,9.853422e-01,-3.534691e+00,4.084416e-02,8.865426e+01,4.148728e-02,7.645528e+01,9.422670e-01,-2.419226e+00
2.08930,9.851044e-01,-3.875097e+00,4.476813e-02,8.817371e+01,4.535493e-02,7.703106e+01,9.420729e-01,-2.652084e+00
2.29087,9.848187e-01,-4.248149e+00,4.906710e-02,8.767787e+01,4.960230e-02,7.750265e+01,9.418399e-01,-2.907235e+00
2.51189,9.844757e-01,-4.656936e+00,5.377597e-02,8.716262e+01,5.426390e-02,7.787278e+01,9.415601e-01,-3.186775e+00
2.75423,9.840638e-01,-5.104824e+00,5.893263e-02,8.662368e+01,5.937727e-02,7.814369e+01,9.412241e-01,-3.492986e+00
3.01995,9.835695e-01,-5.595479e+00,6.457809e-02,8.605662e+01,6.498309e-02,7.831703e+01,9.408209e-01,-3.828346e+00
3.31131,9.829763e-01,-6.132886e+00,7.075668e-02,8.545680e+01,7.112538e-02,7.839384e+01,9.403372e-01,-4.195543e+00
3.63078,9.822649e-01,-6.721372e+00,7.751609e-02,8.481938e+01,7.785156e-02,7.837456e+01,9.397571e-01,-4.597487e+00
3.98107,9.814120e-01,-7.365624e+00,8.490750e-02,8.413924e+01,8.521254e-02,7.825896e+01,9.390617e-01,-5.037317e+00
4.36516,9.803901e-01,-8.070706e+00,9.298553e-02,8.341101e+01,9.326268e-02,7.804621e+01,9.382286e-01,-5.518408e+00
4.78630,9.791665e-01,-8.842072e+00,1.018081e-01,8.262902e+01,1.020597e-01,7.773481e+01,9.372314e-01,-6.044376e+00
5.24807,9.777027e-01,-9.685576e+00,1.114363e-01,8.178734e+01,1.116644e-01,7.732266e+01,9.360387e-01,-6.619074e+00
5.75440,9.759532e-01,-1.060747e+01,1.219336e-01,8.087969e+01,1.221403e-01,7.680701e+01,9.346135e-01,-7.246582e+00
6.30957,9.738647e-01,-1.161440e+01,1.333659e-01,7.989953e+01,1.335527e-01,7.618457e+01,9.329128e-01,-7.931188e+00
6.91831,9.713749e-01,-1.271338e+01,1.457996e-01,7.884006e+01,1.459682e-01,7.545148e+01,9.308861e-01,-8.677353e+00
7.58578,9.684116e-01,-1.391174e+01,1.593009e-01,7.769422e+01,1.594529e-01,7.460344e+01,9.284752e-01,-9.489663e+00
8.31764,9.648917e-01,-1.521708e+01,1.739340e-01,7.645484e+01,1.740705e-01,7.363573e+01,9.256132e-01,-1.037276e+01
9.12011,9.607205e-01,-1.663716e+01,1.897582e-01,7.511463e+01,1.898804e-01,7.254336e+01,9.222240e-01,-1.133123e+01
10.00000,9.557909e-01,-1.817976e+01,2.068254e-01,7.366639e+01,2.069345e-01,7.132121e+01,9.182221e-01,-1.236951e+01
10.96478,9.499838e-01,-1.985255e+01,2.251763e-01,7.210317e+01,2.252731e-01,6.996421e+01,9.135126e-01,-1.349171e+01
12.02264,9.431691e-01,-2.166282e+01,2.448357e-01,7.041842e+01,2.449211e-01,6.846758e+01,9.079928e-01,-1.470138e+01
13.18257,9.352071e-01,-2.361725e+01,2.658077e-01,6.860635e+01,2.658826e-01,6.682709e+01,9.015534e-01,-1.600134e+01
14.45440,9.259526e-01,-2.572159e+01,2.880702e-01,6.666216e+01,2.881352e-01,6.503941e+01,8.940817e-01,-1.739338e+01
15.84893,9.152592e-01,-2.798025e+01,3.115689e-01,6.458245e+01,3.116246e-01,6.310244e+01,8.854669e-01,-1.887797e+01
17.37801,9.029873e-01,-3.039598e+01,3.362118e-01,6.236556e+01,3.362589e-01,6.101574e+01,8.756055e-01,-2.045397e+01
19.05461,8.890122e-01,-3.296940e+01,3.618649e-01,6.001196e+01,3.619040e-01,5.878089e+01,8.644098e-01,-2.211834e+01
20.89296,8.732359e-01,-3.569867e+01,3.883490e-01,5.752463e+01,3.883805e-01,5.640187e+01,8.518171e-01,-2.386599e+01
22.90868,8.555989e-01,-3.857913e+01,4.154395e-01,5.490929e+01,4.154640e-01,5.388530e+01,8.378005e-01,-2.568963e+01
25.11886,8.360928e-01,-4.160315e+01,4.428699e-01,5.217458e+01,4.428877e-01,5.124068e+01,8.223791e-01,-2.757989e+01
27.54229,8.147714e-01,-4.476002e+01,4.703380e-01,4.933202e+01,4.703498e-01,4.848030e+01,8.056272e-01,-2.952557e+01
30.19952,7.917597e-01,-4.803616e+01,4.975179e-01,4.639582e+01,4.975240e-01,4.561903e+01,7.876810e-01,-3.151421e+01
33.11311,7.672574e-01,-5.141544e+01,5.240737e-01,4.338236e+01,5.240744e-01,4.267392e+01,7.687408e-01,-3.353287e+01
36.30781,7.415373e-01,-5.487970e+01,5.496758e-01,4.030956e+01,5.496717e-01,3.966345e+01,7.490685e-01,-3.556917e+01
39.81072,7.149374e-01,-5.840948e+01,5.740183e-01,3.719603e+01,5.740097e-01,3.660677e+01,7.289786e-01,-3.761245e+01
43.65158,6.878469e-01,-6.198474e+01,5.968329e-01,3.406015e+01,5.968203e-01,3.352274e+01,7.088251e-01,-3.965502e+01
47.86301,6.606876e-01,-6.558562e+01,6.179006e-01,3.091914e+01,6.178845e-01,3.042902e+01,6.889846e-01,-4.169327e+01
52.48075,6.338941e-01,-6.919310e+01,6.370579e-01,2.778819e+01,6.370386e-01,2.734120e+01,6.698372e-01,-4.372853e+01
57.54399,6.078929e-01,-7.278948e+01,6.541975e-01,2.467983e+01,6.541753e-01,2.427217e+01,6.517489e-01,-4.576766e+01
63.09573,5.830846e-01,-7.635873e+01,6.692639e-01,2.160345e+01,6.692393e-01,2.123166e+01,6.350563e-01,-4.782299e+01
69.18310,5.598298e-01,-7.988662e+01,6.822461e-01,1.856508e+01,6.822193e-01,1.822600e+01,6.200560e-01,-4.991191e+01
75.85776,5.384397e-01,-8.336080e+01,6.931663e-01,1.556739e+01,6.931377e-01,1.525816e+01,6.069981e-01,-5.205593e+01
83.17638,5.191714e-01,-8.677082e+01,7.020687e-01,1.260993e+01,7.020385e-01,1.232791e+01,5.960849e-01,-5.427924e+01
91.20108,5.022267e-01,-9.010811e+01,7.090081e-01,9.689431e+00,7.089766e-01,9.432231e+00,5.874731e-01,-5.660714e+01
100.00000,4.877544e-01,-9.336617e+01,7.140397e-01,6.800268e+00,7.140072e-01,6.565705e+00,5.812779e-01,-5.906420e+01
109.64782,4.758541e-01,-9.654071e+01,7.172108e-01,3.934999e+00,7.171774e-01,3.721080e+00,5.775793e-01,-6.167261e+01
120.22644,4.665809e-01,-9.962996e+01,7.185543e-01,1.084904e+00,7.185203e-01,8.898153e-01,5.764266e-01,-6.445058e+01
131.82567,4.599498e-01,-1.026349e+02,7.180851e-01,-1.759424e+00,7.180507e-01,-1.937340e+00,5.778425e-01,-6.741115e+01
144.54398,4.559389e-01,-1.055595e+02,7.157983e-01,-4.607507e+00,7.157635e-01,-4.769760e+00,5.818242e-01,-7.056139e+01
158.48932,4.544923e-01,-1.084105e+02,7.116693e-01,-7.468385e+00,7.116344e-01,-7.616352e+00,5.883423e-01,-7.390199e+01
173.78008,4.555206e-01,-1.111971e+02,7.056577e-01,-1.035004e+01,7.056228e-01,-1.048498e+01,5.973374e-01,-7.742727e+01
190.54607,4.589009e-01,-1.139305e+02,6.977114e-01,-1.325883e+01,6.976767e-01,-1.338188e+01,6.087145e-01,-8.112557e+01
208.92961,4.644762e-01,-1.166227e+02,6.877748e-01,-1.619893e+01,6.877404e-01,-1.631114e+01,6.223371e-01,-8.497992e+01
229.08677,4.720541e-01,-1.192853e+02,6.757979e-01,-1.917186e+01,6.757639e-01,-1.927419e+01,6.380218e-01,-8.896881e+01
251.18864,4.814077e-01,-1.219284e+02,6.617470e-01,-2.217607e+01,6.617137e-01,-2.226938e+01,6.555342e-01,-9.306714e+01
275.42287,4.922770e-01,-1.245596e+02,6.456167e-01,-2.520666e+01,6.455841e-01,-2.529174e+01,6.745897e-01,-9.724712e+01
301.99517,5.043741e-01,-1.271828e+02,6.274408e-01,-2.825528e+01,6.274090e-01,-2.833286e+01,6.948571e-01,-1.014792e+02
331.13112,5.173901e-01,-1.297982e+02,6.073015e-01,-3.131024e+01,6.072707e-01,-3.138097e+01,7.159685e-01,-1.057327e+02
363.07805,5.310063e-01,-1.324014e+02,5.853363e-01,-3.435684e+01,5.853066e-01,-3.442133e+01,7.375332e-01,-1.099770e+02
398.10717,5.449059e-01,-1.349845e+02,5.617389e-01,-3.737794e+01,5.617103e-01,-3.743674e+01,7.591556e-01,-1.141818e+02
436.51583,5.587882e-01,-1.375363e+02,5.367557e-01,-4.035474e+01,5.367283e-01,-4.040834e+01,7.804550e-01,-1.183182e+02
478.63009,5.723811e-01,-1.400435e+02,5.106769e-01,-4.326765e+01,5.106509e-01,-4.331650e+01,8.010838e-01,-1.223595e+02
524.80746,5.854522e-01,-1.424913e+02,4.838234e-01,-4.609723e+01,4.837988e-01,-4.614176e+01,8.207445e-01,-1.262814e+02
575.43994,5.978157e-01,-1.448649e+02,4.565306e-01,-4.882511e+01,4.565073e-01,-4.886569e+01,8.392004e-01,-1.300630e+02
630.95734,6.093368e-01,-1.471503e+02,4.291315e-01,-5.143470e+01,4.291096e-01,-5.147167e+01,8.562815e-01,-1.336871e+02
691.83097,6.199304e-01,-1.493350e+02,4.019416e-01,-5.391175e+01,4.019211e-01,-5.394543e+01,8.718841e-01,-1.371403e+02
758.57758,6.295576e-01,-1.514085e+02,3.752458e-01,-5.624472e+01,3.752267e-01,-5.627539e+01,8.859663e-01,-1.404130e+02
831.76377,6.382195e-01,-1.533626e+02,3.492898e-01,-5.842485e+01,3.492721e-01,-5.845277e+01,8.985388e-01,-1.434995e+02
912.01084,6.459495e-01,-1.551915e+02,3.242751e-01,-6.044610e+01,3.242586e-01,-6.047151e+01,9.096546e-01,-1.463974e+02
1000.00000,6.528054e-01,-1.568916e+02,3.003575e-01,-6.230493e+01,3.003423e-01,-6.232806e+01,9.193978e-01,-1.491072e+02
1096.47820,6.588619e-01,-1.584613e+02,2.776492e-01,-6.400001e+01,2.776352e-01,-6.402104e+01,9.278730e-01,-1.516323e+02
1202.26443,6.642048e-01,-1.599010e+02,2.562226e-01,-6.553179e+01,2.562097e-01,-6.555090e+01,9.351964e-01,-1.539778e+02
1318.25674,6.689254e-01,-1.612121e+02,2.361151e-01,-6.690219e+01,2.361033e-01,-6.691955e+01,9.414882e-01,-1.561505e+02
1445.43977,6.731168e-01,-1.623974e+02,2.173355e-01,-6.811427e+01,2.173247e-01,-6.813002e+01,9.468668e-01,-1.581584e+02
1584.89319,6.768719e-01,-1.634604e+02,1.998691e-01,-6.917185e+01,1.998591e-01,-6.918613e+01,9.514452e-01,-1.600102e+02
1737.80083,6.802814e-01,-1.644052e+02,1.836830e-01,-7.007938e+01,1.836739e-01,-7.009232e+01,9.553286e-01,-1.617150e+02
1905.46072,6.834335e-01,-1.652361e+02,1.687314e-01,-7.084170e+01,1.687232e-01,-7.085339e+01,9.586123e-01,-1.632821e+02
2089.29613,6.864141e-01,-1.659578e+02,1.549591e-01,-7.146395e+01,1.549515e-01,-7.147451e+01,9.613818e-01,-1.647209e+02
2290.86765,6.893070e-01,-1.665752e+02,1.423046e-01,-7.195157e+01,1.422978e-01,-7.196109e+01,9.637128e-01,-1.660403e+02
2511.88643,6.921949e-01,-1.670931e+02,1.307034e-01,-7.231030e+01,1.306972e-01,-7.231886e+01,9.656713e-01,-1.672491e+02
2754.22870,6.951605e-01,-1.675166e+02,1.200892e-01,-7.254631e+01,1.200836e-01,-7.255398e+01,9.673145e-01,-1.683559e+02
3019.95172,6.982872e-01,-1.678508e+02,1.103960e-01,-7.266632e+01,1.103909e-01,-7.267317e+01,9.686917e-01,-1.693685e+02
3311.31121,7.016603e-01,-1.681012e+02,1.015588e-01,-7.267783e+01,1.015543e-01,-7.268394e+01,9.698453e-01,-1.702944e+02
3630.78055,7.053670e-01,-1.682736e+02,9.351436e-02,-7.258939e+01,9.351027e-02,-7.259480e+01,9.708112e-01,-1.711406e+02
3981.07171,7.094970e-01,-1.683745e+02,8.620152e-02,-7.241079e+01,8.619786e-02,-7.241556e+01,9.716199e-01,-1.719137e+02
4365.15832,7.141418e-01,-1.684110e+02,7.956151e-02,-7.215336e+01,7.955824e-02,-7.215755e+01,9.722972e-01,-1.726198e+02
4786.30092,7.193934e-01,-1.683912e+02,7.353789e-02,-7.183016e+01,7.353499e-02,-7.183381e+01,9.728651e-01,-1.732645e+02
5248.07460,7.253418e-01,-1.683244e+02,6.807651e-02,-7.145605e+01,6.807395e-02,-7.145922e+01,9.733420e-01,-1.738530e+02
5754.39937,7.320716e-01,-1.682210e+02,6.312538e-02,-7.104768e+01,6.312313e-02,-7.105040e+01,9.737432e-01,-1.743901e+02
6309.57344,7.396574e-01,-1.680926e+02,5.863459e-02,-7.062322e+01,5.863262e-02,-7.062553e+01,9.740819e-01,-1.748802e+02
6918.30971,7.481578e-01,-1.679522e+02,5.455626e-02,-7.020187e+01,5.455455e-02,-7.020383e+01,9.743689e-01,-1.753274e+02
7585.77575,7.576087e-01,-1.678134e+02,5.084460e-02,-6.980320e+01,5.084312e-02,-6.980483e+01,9.746133e-01,-1.757354e+02
8317.63771,7.680163e-01,-1.676906e+02,4.745609e-02,-6.944612e+01,4.745481e-02,-6.944746e+01,9.748227e-01,-1.761076e+02
9120.10839,7.793508e-01,-1.675979e+02,4.434978e-02,-6.914786e+01,4.434870e-02,-6.914896e+01,9.750033e-01,-1.764471e+02
10000.00000,7.915414e-01,-1.675484e+02,4.148776e-02,-6.892279e+01,4.148685e-02,-6.892368e+01,9.751604e-01,-1.767569e+02
