! ! 
! S ! 
! ! 
! # MHz  S  MA  R  50.00000
! ! ===================================================================
1.00000,9.814675e-01,-2.297379e+00,2.883700e-02,9.149938e+01,3.100671e-02,6.595291e+01,9.382702e-01,-1.710003e+00
1.09648,9.813541e-01,-2.518833e+00,3.160411e-02,9.096610e+01,3.359482e-02,6.750620e+01,9.381736e-01,-1.874802e+00
1.20226,9.812177e-01,-2.761592e+00,3.463786e-02,9.044085e+01,3.646246e-02,6.891958e+01,9.380574e-01,-2.055444e+00
1.31826,9.810539e-01,-3.027690e+00,3.796348e-02,8.991924e+01,3.963434e-02,7.019420e+01,9.379179e-01,-2.253438e+00
1.44544,9.808571e-01,-3.319355e+00,4.160852e-02,8.939692e+01,4.313738e-02,7.133217e+01,9.377503e-01,-2.470437e+00
1.58489,9.806206e-01,-3.639020e+00,4.560300e-02,8.886955e+01,4.700097e-02,7.233627e+01,9.375488e-01,-2.708241e+00
1.73780,9.803366e-01,-3.989341e+00,4.997965e-02,8.833273e+01,5.125713e-02,7.320959e+01,9.373069e-01,-2.968816e+00
1.90546,9.799955e-01,-4.373217e+00,5.477406e-02,8.778200e+01,5.594076e-02,7.395530e+01,9.370164e-01,-3.254307e+00
2.08930,9.795859e-01,-4.793810e+00,6.002485e-02,8.721280e+01,6.108983e-02,7.457648e+01,9.366676e-01,-3.567045e+00
2.29087,9.790943e-01,-5.254560e+00,6.577390e-02,8.662042e+01,6.674554e-02,7.507593e+01,9.362490e-01,-3.909565e+00
2.51189,9.785043e-01,-5.759210e+00,7.206646e-02,8.600003e+01,7.295249e-02,7.545603e+01,9.357466e-01,-4.284618e+00
2.75423,9.777967e-01,-6.311821e+00,7.895127e-02,8.534659e+01,7.975884e-02,7.571867e+01,9.351441e-01,-4.695181e+00
3.01995,9.769482e-01,-6.916791e+00,8.648066e-02,8.465483e+01,8.721633e-02,7.586517e+01,9.344217e-01,-5.144469e+00
3.31131,9.759315e-01,-7.578874e+00,9.471053e-02,8.391928e+01,9.538032e-02,7.589624e+01,9.335563e-01,-5.635941e+00
3.63078,9.747139e-01,-8.303188e+00,1.037003e-01,8.313419e+01,1.043097e-01,7.581193e+01,9.325200e-01,-6.173304e+00
3.98107,9.732570e-01,-9.095225e+00,1.135125e-01,8.229354e+01,1.140666e-01,7.561164e+01,9.312801e-01,-6.760512e+00
4.36516,9.715153e-01,-9.960850e+00,1.242127e-01,8.139106e+01,1.247162e-01,7.529411e+01,9.297983e-01,-7.401756e+00
4.78630,9.694355e-01,-1.090630e+01,1.358686e-01,8.042019e+01,1.363255e-01,7.485744e+01,9.280292e-01,-8.101446e+00
5.24807,9.669553e-01,-1.193813e+01,1.485489e-01,7.937413e+01,1.489633e-01,7.429912e+01,9.259202e-01,-8.864179e+00
5.75440,9.640023e-01,-1.306323e+01,1.623226e-01,7.824587e+01,1.626978e-01,7.361610e+01,9.234100e-01,-9.694687e+00
6.30957,9.604929e-01,-1.428869e+01,1.772566e-01,7.702826e+01,1.775958e-01,7.280487e+01,9.204282e-01,-1.059777e+01
6.91831,9.563317e-01,-1.562178e+01,1.934135e-01,7.571407e+01,1.937196e-01,7.186154e+01,9.168943e-01,-1.157820e+01
7.58578,9.514107e-01,-1.706978e+01,2.108489e-01,7.429616e+01,2.111245e-01,7.078204e+01,9.127178e-01,-1.264058e+01
8.31764,9.456091e-01,-1.863980e+01,2.296073e-01,7.276759e+01,2.298549e-01,6.956224e+01,9.077977e-01,-1.378922e+01
9.12011,9.387943e-01,-2.033864e+01,2.497182e-01,7.112187e+01,2.499399e-01,6.819823e+01,9.020235e-01,-1.502787e+01
10.00000,9.308236e-01,-2.217244e+01,2.711904e-01,6.935320e+01,2.713881e-01,6.668655e+01,8.952771e-01,-1.635953e+01
10.96478,9.215469e-01,-2.414647e+01,2.940066e-01,6.745676e+01,2.941823e-01,6.502456e+01,8.874355e-01,-1.778617e+01
12.02264,9.108118e-01,-2.626468e+01,3.181179e-01,6.542909e+01,3.182730e-01,6.321076e+01,8.783751e-01,-1.930835e+01
13.18257,8.984704e-01,-2.852940e+01,3.434372e-01,6.326845e+01,3.435733e-01,6.124519e+01,8.679784e-01,-2.092497e+01
14.45440,8.843878e-01,-3.094087e+01,3.698349e-01,6.097519e+01,3.699535e-01,5.912987e+01,8.561413e-01,-2.263292e+01
15.84893,8.684535e-01,-3.349693e+01,3.971356e-01,5.855213e+01,3.972378e-01,5.686912e+01,8.427833e-01,-2.442679e+01
17.37801,8.505926e-01,-3.619268e+01,4.251170e-01,5.600485e+01,4.252041e-01,5.446989e+01,8.278581e-01,-2.629875e+01
19.05461,8.307797e-01,-3.902028e+01,4.535129e-01,5.334188e+01,4.535860e-01,5.194194e+01,8.113648e-01,-2.823848e+01
20.89296,8.090496e-01,-4.196892e+01,4.820196e-01,5.057466e+01,4.820797e-01,4.929787e+01,7.933580e-01,-3.023340e+01
22.90868,7.855075e-01,-4.502494e+01,5.103068e-01,4.771740e+01,5.103550e-01,4.655294e+01,7.739559e-01,-3.226903e+01
25.11886,7.603334e-01,-4.817222e+01,5.380321e-01,4.478666e+01,5.380694e-01,4.372464e+01,7.533438e-01,-3.432975e+01
27.54229,7.337821e-01,-5.139277e+01,5.648575e-01,4.180067e+01,5.648849e-01,4.083209e+01,7.317729e-01,-3.639971e+01
30.19952,7.061761e-01,-5.466739e+01,5.904674e-01,3.877857e+01,5.904858e-01,3.789521e+01,7.095528e-01,-3.846398e+01
33.11311,6.778926e-01,-5.797658e+01,6.145839e-01,3.573944e+01,6.145941e-01,3.493380e+01,6.870396e-01,-4.050984e+01
36.30781,6.493462e-01,-6.130132e+01,6.369795e-01,3.270140e+01,6.369824e-01,3.196664e+01,6.646183e-01,-4.252800e+01
39.81072,6.209687e-01,-6.462381e+01,6.574848e-01,2.968070e+01,6.574812e-01,2.901059e+01,6.426846e-01,-4.451375e+01
43.65158,5.931887e-01,-6.792807e+01,6.759902e-01,2.669103e+01,6.759809e-01,2.607989e+01,6.216252e-01,-4.646775e+01
47.86301,5.664128e-01,-7.120031e+01,6.924432e-01,2.374304e+01,6.924288e-01,2.318567e+01,6.018018e-01,-4.839658e+01
52.48075,5.410118e-01,-7.442912e+01,7.068399e-01,2.084399e+01,7.068212e-01,2.033566e+01,5.835380e-01,-5.031265e+01
57.54399,5.173096e-01,-7.760541e+01,7.192159e-01,1.799776e+01,7.191934e-01,1.753416e+01,5.671115e-01,-5.223379e+01
63.09573,4.955791e-01,-8.072233e+01,7.296333e-01,1.520496e+01,7.296075e-01,1.478215e+01,5.527507e-01,-5.418230e+01
69.18310,4.760399e-01,-8.377506e+01,7.381698e-01,1.246319e+01,7.381413e-01,1.207759e+01,5.406360e-01,-5.618355e+01
75.85776,4.588613e-01,-8.676060e+01,7.449076e-01,9.767495e+00,7.448768e-01,9.415827e+00,5.309040e-01,-5.826446e+01
83.17638,4.441658e-01,-8.967774e+01,7.499239e-01,7.110714e+00,7.498912e-01,6.789994e+00,5.236536e-01,-6.045165e+01
91.20108,4.320348e-01,-9.252701e+01,7.532838e-01,4.484025e+00,7.532495e-01,4.191529e+00,5.189531e-01,-6.276977e+01
100.00000,4.225133e-01,-9.531077e+01,7.550344e-01,1.877391e+00,7.549988e-01,1.610638e+00,5.168462e-01,-6.523989e+01
109.64782,4.156152e-01,-9.803331e+01,7.552016e-01,-7.199517e-01,7.551650e-01,-9.632276e-01,5.173568e-01,-6.787824e+01
120.22644,4.113262e-01,-1.007010e+02,7.537880e-01,-3.319030e+00,7.537507e-01,-3.540894e+00,5.204913e-01,-7.069540e+01
131.82567,4.096064e-01,-1.033222e+02,7.507727e-01,-5.930661e+00,7.507349e-01,-6.132996e+00,5.262388e-01,-7.369582e+01
144.54398,4.103908e-01,-1.059071e+02,7.461130e-01,-8.564983e+00,7.460748e-01,-8.749506e+00,5.345676e-01,-7.687787e+01
158.48932,4.135886e-01,-1.084671e+02,7.397474e-01,-1.123098e+01,7.397090e-01,-1.139926e+01,5.454209e-01,-8.023423e+01
173.78008,4.190812e-01,-1.110143e+02,7.316009e-01,-1.393600e+01,7.315626e-01,-1.408946e+01,5.587095e-01,-8.375250e+01
190.54607,4.267202e-01,-1.135605e+02,7.215921e-01,-1.668527e+01,7.215540e-01,-1.682522e+01,5.743051e-01,-8.741606e+01
208.92961,4.363250e-01,-1.161162e+02,7.096418e-01,-1.948148e+01,7.096041e-01,-1.960910e+01,5.920333e-01,-9.120493e+01
229.08677,4.476810e-01,-1.186895e+02,6.956841e-01,-2.232432e+01,6.956469e-01,-2.244070e+01,6.116686e-01,-9.509655e+01
251.18864,4.605409e-01,-1.212853e+02,6.796775e-01,-2.521023e+01,6.796410e-01,-2.531635e+01,6.329335e-01,-9.906649e+01
275.42287,4.746266e-01,-1.239048e+02,6.616169e-01,-2.813218e+01,6.615813e-01,-2.822895e+01,6.555002e-01,-1.030890e+02
301.99517,4.896358e-01,-1.265450e+02,6.415448e-01,-3.107971e+01,6.415101e-01,-3.116795e+01,6.789992e-01,-1.071377e+02
331.13112,5.052508e-01,-1.291986e+02,6.195588e-01,-3.403916e+01,6.195253e-01,-3.411962e+01,7.030312e-01,-1.111855e+02
363.07805,5.211502e-01,-1.318548e+02,5.958165e-01,-3.699411e+01,5.957842e-01,-3.706746e+01,7.271845e-01,-1.152059e+02
398.10717,5.370224e-01,-1.344993e+02,5.705342e-01,-3.992603e+01,5.705031e-01,-3.999291e+01,7.510543e-01,-1.191726e+02
436.51583,5.525792e-01,-1.371159e+02,5.439804e-01,-4.281519e+01,5.439508e-01,-4.287616e+01,7.742628e-01,-1.230607e+02
478.63009,5.675684e-01,-1.396871e+02,5.164648e-01,-4.564151e+01,5.164366e-01,-4.569709e+01,7.964778e-01,-1.268472e+02
524.80746,5.817827e-01,-1.421952e+02,4.883223e-01,-4.838553e+01,4.882957e-01,-4.843619e+01,8.174263e-01,-1.305114e+02
575.43994,5.950660e-01,-1.446234e+02,4.598962e-01,-5.102923e+01,4.598712e-01,-5.107540e+01,8.369037e-01,-1.340354e+02
630.95734,6.073143e-01,-1.469566e+02,4.315210e-01,-5.355674e+01,4.314975e-01,-5.359881e+01,8.547760e-01,-1.374049e+02
691.83097,6.184737e-01,-1.491818e+02,4.035071e-01,-5.595473e+01,4.034851e-01,-5.599306e+01,8.709766e-01,-1.406088e+02
758.57758,6.285349e-01,-1.512887e+02,3.761294e-01,-5.821271e+01,3.761090e-01,-5.824762e+01,8.854993e-01,-1.436397e+02
831.76377,6.375254e-01,-1.532695e+02,3.496202e-01,-6.032301e+01,3.496012e-01,-6.035480e+01,8.983876e-01,-1.464933e+02
912.01084,6.455018e-01,-1.551191e+02,3.241651e-01,-6.228064e+01,3.241474e-01,-6.230959e+01,9.097228e-01,-1.491686e+02
1000.00000,6.525415e-01,-1.568347e+02,2.999034e-01,-6.408305e+01,2.998871e-01,-6.410939e+01,9.196129e-01,-1.516672e+02
1096.47820,6.587354e-01,-1.584154e+02,2.769311e-01,-6.572971e+01,2.769161e-01,-6.575367e+01,9.281818e-01,-1.539928e+02
1202.26443,6.641818e-01,-1.598623e+02,2.553055e-01,-6.722180e+01,2.552917e-01,-6.724359e+01,9.355610e-01,-1.561508e+02
1318.25674,6.689823e-01,-1.611776e+02,2.350505e-01,-6.856181e+01,2.350378e-01,-6.858161e+01,9.418820e-01,-1.581482e+02
1445.43977,6.732380e-01,-1.623646e+02,2.161629e-01,-6.975319e+01,2.161513e-01,-6.977117e+01,9.472720e-01,-1.599928e+02
1584.89319,6.770477e-01,-1.634271e+02,1.986180e-01,-7.080008e+01,1.986074e-01,-7.081640e+01,9.518505e-01,-1.616929e+02
1737.80083,6.805070e-01,-1.643699e+02,1.823749e-01,-7.170710e+01,1.823652e-01,-7.172188e+01,9.557266e-01,-1.632572e+02
1905.46072,6.837080e-01,-1.651975e+02,1.673808e-01,-7.247911e+01,1.673719e-01,-7.249250e+01,9.589991e-01,-1.646945e+02
2089.29613,6.867395e-01,-1.659149e+02,1.535750e-01,-7.312120e+01,1.535669e-01,-7.313329e+01,9.617555e-01,-1.660136e+02
2290.86765,6.896879e-01,-1.665273e+02,1.408920e-01,-7.363855e+01,1.408847e-01,-7.364947e+01,9.640726e-01,-1.672229e+02
2511.88643,6.926383e-01,-1.670396e+02,1.292639e-01,-7.403654e+01,1.292573e-01,-7.404637e+01,9.660174e-01,-1.683307e+02
2754.22870,6.956754e-01,-1.674572e+02,1.186221e-01,-7.432076e+01,1.186161e-01,-7.432958e+01,9.676476e-01,-1.693446e+02
3019.95172,6.988846e-01,-1.677854e+02,1.088988e-01,-7.449713e+01,1.088934e-01,-7.450504e+01,9.690126e-01,-1.702721e+02
3311.31121,7.023526e-01,-1.680298e+02,1.000278e-01,-7.457213e+01,1.000230e-01,-7.457920e+01,9.701549e-01,-1.711201e+02
3630.78055,7.061685e-01,-1.681966e+02,9.194533e-02,-7.455295e+01,9.194095e-02,-7.455923e+01,9.711102e-01,-1.718951e+02
3981.07171,7.104233e-01,-1.682923e+02,8.458998e-02,-7.444774e+01,8.458605e-02,-7.445330e+01,9.719092e-01,-1.726031e+02
4365.15832,7.152094e-01,-1.683245e+02,7.790321e-02,-7.426582e+01,7.789970e-02,-7.427072e+01,9.725774e-01,-1.732496e+02
4786.30092,7.206192e-01,-1.683016e+02,7.182920e-02,-7.401792e+01,7.182608e-02,-7.402221e+01,9.731365e-01,-1.738400e+02
5248.07460,7.267423e-01,-1.682331e+02,6.631476e-02,-7.371627e+01,6.631200e-02,-7.372001e+01,9.736048e-01,-1.743788e+02
5754.39937,7.336620e-01,-1.681298e+02,6.130918e-02,-7.337467e+01,6.130675e-02,-7.337789e+01,9.739976e-01,-1.748706e+02
6309.57344,7.414504e-01,-1.680037e+02,5.676413e-02,-7.300829e+01,5.676199e-02,-7.301105e+01,9.743278e-01,-1.753194e+02
6918.30971,7.501618e-01,-1.678679e+02,5.263350e-02,-7.263341e+01,5.263164e-02,-7.263575e+01,9.746060e-01,-1.757289e+02
7585.77575,7.598265e-01,-1.677365e+02,4.887348e-02,-7.226680e+01,4.887187e-02,-7.226877e+01,9.748413e-01,-1.761025e+02
8317.63771,7.704435e-01,-1.676236e+02,4.544256e-02,-7.192502e+01,4.544117e-02,-7.192665e+01,9.750412e-01,-1.764433e+02
9120.10839,7.819746e-01,-1.675434e+02,4.230179e-02,-7.162340e+01,4.230060e-02,-7.162475e+01,9.752117e-01,-1.767542e+02
10000.00000,7.943397e-01,-1.675088e+02,3.941506e-02,-7.137511e+01,3.941405e-02,-7.137620e+01,9.753581e-01,-1.770379e+02
