! ! 
! S ! 
! ! 
! # MHz  S  MA  R  50.00000
! ! ===================================================================
1.00000,9.814801e-01,-2.296145e+00,2.880324e-02,9.150097e+01,3.096917e-02,6.596036e+01,9.373990e-01,-1.708819e+00
1.09648,9.813668e-01,-2.517481e+00,3.156712e-02,9.096787e+01,3.355435e-02,6.751343e+01,9.373026e-01,-1.873505e+00
1.20226,9.812307e-01,-2.760109e+00,3.459733e-02,9.044280e+01,3.641874e-02,6.892662e+01,9.371868e-01,-2.054022e+00
1.31826,9.810672e-01,-3.026066e+00,3.791907e-02,8.992140e+01,3.958700e-02,7.020107e+01,9.370476e-01,-2.251880e+00
1.44544,9.808707e-01,-3.317575e+00,4.155985e-02,8.939931e+01,4.308604e-02,7.133892e+01,9.368804e-01,-2.468729e+00
1.58489,9.806346e-01,-3.637069e+00,4.554968e-02,8.887218e+01,4.694520e-02,7.234293e+01,9.366796e-01,-2.706369e+00
1.73780,9.803510e-01,-3.987204e+00,4.992124e-02,8.833562e+01,5.119648e-02,7.321619e+01,9.364383e-01,-2.966766e+00
1.90546,9.800105e-01,-4.370876e+00,5.471008e-02,8.778518e+01,5.587474e-02,7.396189e+01,9.361486e-01,-3.252062e+00
2.08930,9.796016e-01,-4.791246e+00,5.995479e-02,8.721629e+01,6.101790e-02,7.458311e+01,9.358008e-01,-3.564586e+00
2.29087,9.791108e-01,-5.251753e+00,6.569719e-02,8.662426e+01,6.666712e-02,7.508264e+01,9.353833e-01,-3.906873e+00
2.51189,9.785218e-01,-5.756138e+00,7.198248e-02,8.600425e+01,7.286696e-02,7.546288e+01,9.348823e-01,-4.281671e+00
2.75423,9.778154e-01,-6.308459e+00,7.885937e-02,8.535121e+01,7.966552e-02,7.572570e+01,9.342814e-01,-4.691957e+00
3.01995,9.769683e-01,-6.913115e+00,8.638013e-02,8.465990e+01,8.711451e-02,7.587244e+01,9.335610e-01,-5.140943e+00
3.31131,9.759533e-01,-7.574856e+00,9.460061e-02,8.392483e+01,9.526923e-02,7.590381e+01,9.326979e-01,-5.632087e+00
3.63078,9.747377e-01,-8.298798e+00,1.035801e-01,8.314026e+01,1.041885e-01,7.581985e+01,9.316644e-01,-6.169093e+00
3.98107,9.732832e-01,-9.090432e+00,1.133813e-01,8.230019e+01,1.139345e-01,7.561998e+01,9.304280e-01,-6.755915e+00
4.36516,9.715444e-01,-9.955623e+00,1.240696e-01,8.139832e+01,1.245721e-01,7.530292e+01,9.289501e-01,-7.396743e+00
4.78630,9.694679e-01,-1.090060e+01,1.357125e-01,8.042812e+01,1.361686e-01,7.486678e+01,9.271858e-01,-8.095985e+00
5.24807,9.669917e-01,-1.193193e+01,1.483790e-01,7.938278e+01,1.487925e-01,7.430906e+01,9.250824e-01,-8.858236e+00
5.75440,9.640434e-01,-1.305649e+01,1.621378e-01,7.825530e+01,1.625123e-01,7.362671e+01,9.225789e-01,-9.688230e+00
6.30957,9.605395e-01,-1.428139e+01,1.770558e-01,7.703852e+01,1.773944e-01,7.281620e+01,9.196050e-01,-1.059077e+01
6.91831,9.563848e-01,-1.561388e+01,1.931959e-01,7.572522e+01,1.935014e-01,7.187367e+01,9.160804e-01,-1.157062e+01
7.58578,9.514713e-01,-1.706124e+01,2.106135e-01,7.430826e+01,2.108886e-01,7.079503e+01,9.119147e-01,-1.263240e+01
8.31764,9.456784e-01,-1.863062e+01,2.293533e-01,7.278068e+01,2.296005e-01,6.957615e+01,9.070072e-01,-1.378041e+01
9.12011,9.388737e-01,-2.032879e+01,2.494449e-01,7.113601e+01,2.496663e-01,6.821311e+01,9.012477e-01,-1.501842e+01
10.00000,9.309144e-01,-2.216192e+01,2.708974e-01,6.936841e+01,2.710948e-01,6.670245e+01,8.945181e-01,-1.634945e+01
10.96478,9.216504e-01,-2.413529e+01,2.936937e-01,6.747309e+01,2.938691e-01,6.504151e+01,8.866957e-01,-1.777544e+01
12.02264,9.109296e-01,-2.625287e+01,3.177852e-01,6.544655e+01,3.179400e-01,6.322878e+01,8.776571e-01,-1.929702e+01
13.18257,8.986039e-01,-2.851699e+01,3.430851e-01,6.328703e+01,3.432211e-01,6.126429e+01,8.672846e-01,-2.091307e+01
14.45440,8.845382e-01,-3.092794e+01,3.694645e-01,6.099487e+01,3.695828e-01,5.915003e+01,8.554744e-01,-2.262051e+01
15.84893,8.686218e-01,-3.348358e+01,3.967482e-01,5.857288e+01,3.968503e-01,5.689030e+01,8.421456e-01,-2.441397e+01
17.37801,8.507795e-01,-3.617904e+01,4.247146e-01,5.602659e+01,4.248015e-01,5.449201e+01,8.272519e-01,-2.628563e+01
19.05461,8.309853e-01,-3.900651e+01,4.530977e-01,5.336450e+01,4.531707e-01,5.196492e+01,8.107917e-01,-2.822522e+01
20.89296,8.092736e-01,-4.195521e+01,4.815944e-01,5.059804e+01,4.816544e-01,4.932158e+01,7.928194e-01,-3.022014e+01
22.90868,7.857488e-01,-4.501150e+01,5.098747e-01,4.774141e+01,5.099228e-01,4.657724e+01,7.734524e-01,-3.225598e+01
25.11886,7.605904e-01,-4.815930e+01,5.375962e-01,4.481111e+01,5.376334e-01,4.374937e+01,7.528751e-01,-3.431710e+01
27.54229,7.340526e-01,-5.138061e+01,5.644211e-01,4.182540e+01,5.644484e-01,4.085706e+01,7.313382e-01,-3.638768e+01
30.19952,7.064571e-01,-5.465626e+01,5.900334e-01,3.880338e+01,5.900517e-01,3.792024e+01,7.091505e-01,-3.845277e+01
33.11311,6.781810e-01,-5.796674e+01,6.141550e-01,3.576416e+01,6.141651e-01,3.495872e+01,6.866675e-01,-4.049963e+01
36.30781,6.496385e-01,-6.129301e+01,6.365580e-01,3.272585e+01,6.365609e-01,3.199128e+01,6.642737e-01,-4.251896e+01
39.81072,6.212614e-01,-6.461726e+01,6.570726e-01,2.970474e+01,6.570690e-01,2.903480e+01,6.423643e-01,-4.450600e+01
43.65158,5.934783e-01,-6.792347e+01,6.755886e-01,2.671453e+01,6.755793e-01,2.610354e+01,6.213261e-01,-4.646140e+01
47.86301,5.666963e-01,-7.119784e+01,6.920529e-01,2.376590e+01,6.920386e-01,2.320867e+01,6.015206e-01,-4.839165e+01
52.48075,5.412862e-01,-7.442888e+01,7.064615e-01,2.086614e+01,7.064428e-01,2.035794e+01,5.832717e-01,-5.030915e+01
57.54399,5.175726e-01,-7.760748e+01,7.188494e-01,1.801915e+01,7.188269e-01,1.755567e+01,5.668572e-01,-5.223167e+01
63.09573,4.958286e-01,-8.072674e+01,7.292786e-01,1.522558e+01,7.292529e-01,1.480288e+01,5.525059e-01,-5.418145e+01
69.18310,4.762745e-01,-8.378177e+01,7.378266e-01,1.248306e+01,7.377981e-01,1.209755e+01,5.403986e-01,-5.618387e+01
75.85776,4.590798e-01,-8.676955e+01,7.445755e-01,9.786620e+00,7.445447e-01,9.435042e+00,5.306722e-01,-5.826577e+01
83.17638,4.443675e-01,-8.968880e+01,7.496025e-01,7.129149e+00,7.495698e-01,6.808510e+00,5.234261e-01,-6.045380e+01
91.20108,4.322190e-01,-9.253998e+01,7.529728e-01,4.501825e+00,7.529385e-01,4.209404e+00,5.187287e-01,-6.277255e+01
100.00000,4.226798e-01,-9.532542e+01,7.547336e-01,1.894622e+00,7.546980e-01,1.627937e+00,5.166241e-01,-6.524311e+01
109.64782,4.157637e-01,-9.804938e+01,7.549109e-01,-7.032185e-01,7.548744e-01,-9.464325e-01,5.171365e-01,-6.788172e+01
120.22644,4.114569e-01,-1.007182e+02,7.535076e-01,-3.302721e+00,7.534703e-01,-3.524528e+00,5.202725e-01,-7.069895e+01
131.82567,4.097195e-01,-1.033401e+02,7.505027e-01,-5.914703e+00,7.504649e-01,-6.116986e+00,5.260213e-01,-7.369926e+01
144.54398,4.104867e-01,-1.059254e+02,7.458538e-01,-8.549305e+00,7.458157e-01,-8.733782e+00,5.343516e-01,-7.688105e+01
158.48932,4.136676e-01,-1.084855e+02,7.394996e-01,-1.121552e+01,7.394613e-01,-1.138375e+01,5.452064e-01,-8.023699e+01
173.78008,4.191441e-01,-1.110325e+02,7.313651e-01,-1.392070e+01,7.313268e-01,-1.407412e+01,5.584970e-01,-8.375473e+01
190.54607,4.267677e-01,-1.135781e+02,7.213690e-01,-1.667009e+01,7.213310e-01,-1.681000e+01,5.740951e-01,-8.741766e+01
208.92961,4.363581e-01,-1.161330e+02,7.094323e-01,-1.946637e+01,7.093946e-01,-1.959396e+01,5.918263e-01,-9.120582e+01
229.08677,4.477009e-01,-1.187052e+02,6.954888e-01,-2.230928e+01,6.954517e-01,-2.242563e+01,6.114656e-01,-9.509668e+01
251.18864,4.605487e-01,-1.212998e+02,6.794971e-01,-2.519523e+01,6.794607e-01,-2.530133e+01,6.327353e-01,-9.906584e+01
275.42287,4.746239e-01,-1.239180e+02,6.614521e-01,-2.811725e+01,6.614164e-01,-2.821400e+01,6.553079e-01,-1.030876e+02
301.99517,4.896242e-01,-1.265567e+02,6.413957e-01,-3.106487e+01,6.413611e-01,-3.115309e+01,6.788139e-01,-1.071355e+02
331.13112,5.052319e-01,-1.292090e+02,6.194257e-01,-3.402445e+01,6.193921e-01,-3.410488e+01,7.028541e-01,-1.111827e+02
363.07805,5.211257e-01,-1.318638e+02,5.956990e-01,-3.697956e+01,5.956667e-01,-3.705290e+01,7.270166e-01,-1.152024e+02
398.10717,5.369939e-01,-1.345071e+02,5.704319e-01,-3.991172e+01,5.704009e-01,-3.997858e+01,7.508965e-01,-1.191686e+02
436.51583,5.525482e-01,-1.371225e+02,5.438925e-01,-4.280117e+01,5.438629e-01,-4.286212e+01,7.741160e-01,-1.230563e+02
478.63009,5.675362e-01,-1.396926e+02,5.163903e-01,-4.562784e+01,5.163622e-01,-4.568340e+01,7.963426e-01,-1.268425e+02
524.80746,5.817504e-01,-1.421997e+02,4.882601e-01,-4.837226e+01,4.882335e-01,-4.842290e+01,8.173030e-01,-1.305065e+02
575.43994,5.950346e-01,-1.446271e+02,4.598450e-01,-5.101642e+01,4.598199e-01,-5.106258e+01,8.367923e-01,-1.340304e+02
630.95734,6.072844e-01,-1.469596e+02,4.314793e-01,-5.354442e+01,4.314558e-01,-5.358648e+01,8.546762e-01,-1.373998e+02
691.83097,6.184459e-01,-1.491842e+02,4.034737e-01,-5.594293e+01,4.034517e-01,-5.598125e+01,8.708880e-01,-1.406038e+02
758.57758,6.285094e-01,-1.512906e+02,3.761030e-01,-5.820145e+01,3.760826e-01,-5.823635e+01,8.854213e-01,-1.436348e+02
831.76377,6.375024e-01,-1.532711e+02,3.495997e-01,-6.031229e+01,3.495806e-01,-6.034408e+01,8.983194e-01,-1.464886e+02
912.01084,6.454813e-01,-1.551203e+02,3.241493e-01,-6.227046e+01,3.241317e-01,-6.229940e+01,9.096636e-01,-1.491641e+02
1000.00000,6.525233e-01,-1.568356e+02,2.998915e-01,-6.407339e+01,2.998752e-01,-6.409973e+01,9.195617e-01,-1.516629e+02
1096.47820,6.587194e-01,-1.584162e+02,2.769224e-01,-6.572056e+01,2.769074e-01,-6.574451e+01,9.281379e-01,-1.539887e+02
1202.26443,6.641679e-01,-1.598630e+02,2.552992e-01,-6.721312e+01,2.552854e-01,-6.723490e+01,9.355234e-01,-1.561470e+02
1318.25674,6.689702e-01,-1.611781e+02,2.350462e-01,-6.855357e+01,2.350335e-01,-6.857336e+01,9.418500e-01,-1.581446e+02
1445.43977,6.732275e-01,-1.623650e+02,2.161601e-01,-6.974535e+01,2.161486e-01,-6.976332e+01,9.472449e-01,-1.599894e+02
1584.89319,6.770386e-01,-1.634275e+02,1.986165e-01,-7.079261e+01,1.986059e-01,-7.080892e+01,9.518274e-01,-1.616897e+02
1737.80083,6.804992e-01,-1.643702e+02,1.823743e-01,-7.169994e+01,1.823646e-01,-7.171472e+01,9.557072e-01,-1.632543e+02
1905.46072,6.837012e-01,-1.651977e+02,1.673809e-01,-7.247224e+01,1.673721e-01,-7.248561e+01,9.589827e-01,-1.646919e+02
2089.29613,6.867335e-01,-1.659152e+02,1.535757e-01,-7.311455e+01,1.535677e-01,-7.312665e+01,9.617417e-01,-1.660112e+02
2290.86765,6.896826e-01,-1.665275e+02,1.408932e-01,-7.363211e+01,1.408859e-01,-7.364302e+01,9.640610e-01,-1.672207e+02
2511.88643,6.926336e-01,-1.670398e+02,1.292655e-01,-7.403025e+01,1.292588e-01,-7.404008e+01,9.660076e-01,-1.683286e+02
2754.22870,6.956712e-01,-1.674574e+02,1.186240e-01,-7.431458e+01,1.186180e-01,-7.432341e+01,9.676393e-01,-1.693427e+02
3019.95172,6.988806e-01,-1.677856e+02,1.089009e-01,-7.449104e+01,1.088955e-01,-7.449895e+01,9.690057e-01,-1.702704e+02
3311.31121,7.023489e-01,-1.680300e+02,1.000302e-01,-7.456609e+01,1.000253e-01,-7.457315e+01,9.701490e-01,-1.711185e+02
3630.78055,7.061649e-01,-1.681968e+02,9.194790e-02,-7.454693e+01,9.194352e-02,-7.455321e+01,9.711053e-01,-1.718936e+02
3981.07171,7.104197e-01,-1.682925e+02,8.459273e-02,-7.444171e+01,8.458880e-02,-7.444727e+01,9.719050e-01,-1.726017e+02
4365.15832,7.152057e-01,-1.683248e+02,7.790614e-02,-7.425977e+01,7.790263e-02,-7.426467e+01,9.725738e-01,-1.732484e+02
4786.30092,7.206153e-01,-1.683018e+02,7.183231e-02,-7.401183e+01,7.182918e-02,-7.401612e+01,9.731335e-01,-1.738388e+02
5248.07460,7.267382e-01,-1.682333e+02,6.631803e-02,-7.371015e+01,6.631526e-02,-7.371388e+01,9.736023e-01,-1.743778e+02
5754.39937,7.336577e-01,-1.681300e+02,6.131261e-02,-7.336850e+01,6.131017e-02,-7.337173e+01,9.739955e-01,-1.748697e+02
6309.57344,7.414457e-01,-1.680039e+02,5.676770e-02,-7.300209e+01,5.676556e-02,-7.300485e+01,9.743260e-01,-1.753185e+02
6918.30971,7.501568e-01,-1.678681e+02,5.263722e-02,-7.262719e+01,5.263535e-02,-7.262953e+01,9.746045e-01,-1.757281e+02
7585.77575,7.598211e-01,-1.677366e+02,4.887732e-02,-7.226059e+01,4.887571e-02,-7.226256e+01,9.748400e-01,-1.761017e+02
8317.63771,7.704377e-01,-1.676237e+02,4.544651e-02,-7.191883e+01,4.544513e-02,-7.192047e+01,9.750400e-01,-1.764426e+02
9120.10839,7.819684e-01,-1.675435e+02,4.230583e-02,-7.161729e+01,4.230465e-02,-7.161863e+01,9.752107e-01,-1.767536e+02
10000.00000,7.943332e-01,-1.675089e+02,3.941917e-02,-7.136910e+01,3.941817e-02,-7.137019e+01,9.753572e-01,-1.770373e+02
