! ! 
! S ! 
! ! 
! # MHz  S  MA  R  50.00000
! ! ===================================================================
1.00000,9.814342e-01,-2.300379e+00,2.888688e-02,9.149647e+01,3.106336e-02,6.593582e+01,9.382380e-01,-1.712995e+00
1.09648,9.813204e-01,-2.522122e+00,3.165877e-02,9.096286e+01,3.365570e-02,6.748971e+01,9.381410e-01,-1.878082e+00
1.20226,9.811836e-01,-2.765196e+00,3.469775e-02,9.043724e+01,3.652806e-02,6.890366e+01,9.380245e-01,-2.059039e+00
1.31826,9.810193e-01,-3.031641e+00,3.802910e-02,8.991523e+01,3.970519e-02,7.017877e+01,9.378844e-01,-2.257379e+00
1.44544,9.808218e-01,-3.323685e+00,4.168040e-02,8.939249e+01,4.321406e-02,7.131718e+01,9.377162e-01,-2.474756e+00
1.58489,9.805846e-01,-3.643764e+00,4.568174e-02,8.886466e+01,4.708410e-02,7.232163e+01,9.375141e-01,-2.712974e+00
1.73780,9.802996e-01,-3.994539e+00,5.006590e-02,8.832733e+01,5.134739e-02,7.319520e+01,9.372714e-01,-2.974003e+00
1.90546,9.799574e-01,-4.378912e+00,5.486851e-02,8.777605e+01,5.603889e-02,7.394109e+01,9.369798e-01,-3.259990e+00
2.08930,9.795465e-01,-4.800048e+00,6.012827e-02,8.720625e+01,6.119661e-02,7.456235e+01,9.366298e-01,-3.573270e+00
2.29087,9.790533e-01,-5.261392e+00,6.588711e-02,8.661322e+01,6.686181e-02,7.506177e+01,9.362097e-01,-3.916382e+00
2.51189,9.784615e-01,-5.766691e+00,7.219035e-02,8.599213e+01,7.307918e-02,7.544174e+01,9.357057e-01,-4.292083e+00
2.75423,9.777515e-01,-6.320009e+00,7.908680e-02,8.533791e+01,7.989691e-02,7.570415e+01,9.351011e-01,-4.703353e+00
3.01995,9.769004e-01,-6.925752e+00,8.662885e-02,8.464531e+01,8.736684e-02,7.585030e+01,9.343763e-01,-5.153411e+00
3.31131,9.758804e-01,-7.588675e+00,9.487249e-02,8.390885e+01,9.554439e-02,7.588092e+01,9.335078e-01,-5.645722e+00
3.63078,9.746590e-01,-8.313903e+00,1.038772e-01,8.312276e+01,1.044885e-01,7.579604e+01,9.324680e-01,-6.183998e+00
3.98107,9.731974e-01,-9.106932e+00,1.137056e-01,8.228104e+01,1.142614e-01,7.559506e+01,9.312240e-01,-6.772198e+00
4.36516,9.714503e-01,-9.973633e+00,1.244232e-01,8.137739e+01,1.249282e-01,7.527672e+01,9.297372e-01,-7.414517e+00
4.78630,9.693640e-01,-1.092024e+01,1.360978e-01,8.040526e+01,1.365562e-01,7.483911e+01,9.279622e-01,-8.115369e+00
5.24807,9.668761e-01,-1.195333e+01,1.487983e-01,7.935784e+01,1.492139e-01,7.427972e+01,9.258462e-01,-8.879355e+00
5.75440,9.639139e-01,-1.307977e+01,1.625934e-01,7.822812e+01,1.629698e-01,7.359551e+01,9.233277e-01,-9.711211e+00
6.30957,9.603939e-01,-1.430668e+01,1.775502e-01,7.700894e+01,1.778904e-01,7.278296e+01,9.203362e-01,-1.061574e+01
6.91831,9.562202e-01,-1.564130e+01,1.937310e-01,7.569309e+01,1.940381e-01,7.183819e+01,9.167910e-01,-1.159770e+01
7.58578,9.512846e-01,-1.709091e+01,2.111915e-01,7.427340e+01,2.114680e-01,7.075712e+01,9.126013e-01,-1.266171e+01
8.31764,9.454662e-01,-1.866264e+01,2.299759e-01,7.274297e+01,2.302242e-01,6.953565e+01,9.076659e-01,-1.381206e+01
9.12011,9.386322e-01,-2.036325e+01,2.501132e-01,7.109529e+01,2.503356e-01,6.816985e+01,9.018741e-01,-1.505250e+01
10.00000,9.306395e-01,-2.219889e+01,2.716121e-01,6.932459e+01,2.718104e-01,6.665631e+01,8.951078e-01,-1.638602e+01
10.96478,9.213381e-01,-2.417477e+01,2.944547e-01,6.742608e+01,2.946309e-01,6.499239e+01,8.872436e-01,-1.781454e+01
12.02264,9.105755e-01,-2.629485e+01,3.185914e-01,6.539632e+01,3.187470e-01,6.317662e+01,8.781582e-01,-1.933862e+01
13.18257,8.982039e-01,-2.856139e+01,3.439346e-01,6.323359e+01,3.440711e-01,6.120909e+01,8.677340e-01,-2.095712e+01
14.45440,8.840888e-01,-3.097461e+01,3.703538e-01,6.093829e+01,3.704727e-01,5.909185e+01,8.558672e-01,-2.266689e+01
15.84893,8.681199e-01,-3.353230e+01,3.976728e-01,5.851330e+01,3.977753e-01,5.682926e+01,8.424777e-01,-2.446248e+01
17.37801,8.502233e-01,-3.622951e+01,4.256685e-01,5.596424e+01,4.257559e-01,5.442833e+01,8.275198e-01,-2.633601e+01
19.05461,8.303742e-01,-3.905834e+01,4.540740e-01,5.329967e+01,4.541473e-01,5.189887e+01,8.109933e-01,-2.827713e+01
20.89296,8.086087e-01,-4.200791e+01,4.825849e-01,5.053112e+01,4.826452e-01,4.925354e+01,7.929541e-01,-3.027318e+01
22.90868,7.850331e-01,-4.506453e+01,5.108707e-01,4.767282e+01,5.109190e-01,4.650764e+01,7.735211e-01,-3.230967e+01
25.11886,7.598288e-01,-4.821204e+01,5.385887e-01,4.474138e+01,5.386261e-01,4.367871e+01,7.528808e-01,-3.437095e+01
27.54229,7.332516e-01,-5.143240e+01,5.654013e-01,4.175505e+01,5.654288e-01,4.078587e+01,7.312855e-01,-3.644115e+01
30.19952,7.056250e-01,-5.470643e+01,5.909933e-01,3.873297e+01,5.910117e-01,3.784906e+01,7.090459e-01,-3.850537e+01
33.11311,6.773271e-01,-5.801461e+01,6.150875e-01,3.569424e+01,6.150977e-01,3.488810e+01,6.865184e-01,-4.055088e+01
36.30781,6.487729e-01,-6.133794e+01,6.374574e-01,3.265693e+01,6.374603e-01,3.192172e+01,6.640887e-01,-4.256845e+01
39.81072,6.203942e-01,-6.465865e+01,6.579346e-01,2.963728e+01,6.579311e-01,2.896676e+01,6.421523e-01,-4.455341e+01
43.65158,5.926194e-01,-6.796081e+01,6.764108e-01,2.664893e+01,6.764015e-01,2.603741e+01,6.210958e-01,-4.650652e+01
47.86301,5.658547e-01,-7.123068e+01,6.928339e-01,2.370247e+01,6.928196e-01,2.314475e+01,6.012804e-01,-4.843440e+01
52.48075,5.404699e-01,-7.445689e+01,7.072014e-01,2.080511e+01,7.071827e-01,2.029647e+01,5.830292e-01,-5.034955e+01
57.54399,5.167884e-01,-7.763043e+01,7.195492e-01,1.796068e+01,7.195267e-01,1.749680e+01,5.666189e-01,-5.226985e+01
63.09573,4.950818e-01,-8.074449e+01,7.299401e-01,1.516974e+01,7.299143e-01,1.474667e+01,5.522773e-01,-5.421764e+01
69.18310,4.755692e-01,-8.379430e+01,7.384519e-01,1.242986e+01,7.384235e-01,1.204402e+01,5.401841e-01,-5.621835e+01
75.85776,4.584190e-01,-8.677693e+01,7.451671e-01,9.736011e+00,7.451363e-01,9.384127e+00,5.304752e-01,-5.829889e+01
83.17638,4.437529e-01,-8.969122e+01,7.501628e-01,7.081033e+00,7.501301e-01,6.760115e+00,5.232490e-01,-6.048589e+01
91.20108,4.316518e-01,-9.253773e+01,7.535040e-01,4.456070e+00,7.534697e-01,4.163395e+00,5.185734e-01,-6.280397e+01
100.00000,4.221602e-01,-9.531887e+01,7.552377e-01,1.851070e+00,7.552021e-01,1.584153e+00,5.164918e-01,-6.527417e+01
109.64782,4.152916e-01,-9.803900e+01,7.553896e-01,-7.447450e-01,7.553530e-01,-9.881707e-01,5.170278e-01,-6.791268e+01
120.22644,4.110314e-01,-1.007045e+02,7.539621e-01,-3.342408e+00,7.539247e-01,-3.564408e+00,5.201878e-01,-7.073002e+01
131.82567,4.093397e-01,-1.033238e+02,7.509340e-01,-5.952739e+00,7.508961e-01,-6.155198e+00,5.259606e-01,-7.373060e+01
144.54398,4.101510e-01,-1.059070e+02,7.462624e-01,-8.585874e+00,7.462242e-01,-8.770511e+00,5.343145e-01,-7.691272e+01
158.48932,4.133746e-01,-1.084657e+02,7.398855e-01,-1.125080e+01,7.398472e-01,-1.141918e+01,5.451924e-01,-8.026903e+01
173.78008,4.188918e-01,-1.110119e+02,7.317283e-01,-1.395484e+01,7.316900e-01,-1.410840e+01,5.585052e-01,-8.378710e+01
190.54607,4.265540e-01,-1.135573e+02,7.217091e-01,-1.670325e+01,7.216710e-01,-1.684328e+01,5.741243e-01,-8.745030e+01
208.92961,4.361805e-01,-1.161125e+02,7.097487e-01,-1.949867e+01,7.097110e-01,-1.962637e+01,5.918750e-01,-9.123863e+01
229.08677,4.475567e-01,-1.186855e+02,6.957809e-01,-2.234080e+01,6.957438e-01,-2.245725e+01,6.115320e-01,-9.512954e+01
251.18864,4.604352e-01,-1.212813e+02,6.797644e-01,-2.522606e+01,6.797279e-01,-2.533225e+01,6.328170e-01,-9.909861e+01
275.42287,4.745378e-01,-1.239009e+02,6.616941e-01,-2.814741e+01,6.616584e-01,-2.824425e+01,6.554026e-01,-1.031201e+02
301.99517,4.895621e-01,-1.265414e+02,6.416124e-01,-3.109440e+01,6.415777e-01,-3.118269e+01,6.789187e-01,-1.071676e+02
331.13112,5.051905e-01,-1.291953e+02,6.196171e-01,-3.405333e+01,6.195835e-01,-3.413383e+01,7.029660e-01,-1.112143e+02
363.07805,5.211016e-01,-1.318519e+02,5.958659e-01,-3.700777e+01,5.958335e-01,-3.708117e+01,7.271327e-01,-1.152333e+02
398.10717,5.369838e-01,-1.344968e+02,5.705751e-01,-3.993921e+01,5.705440e-01,-4.000613e+01,7.510140e-01,-1.191987e+02
436.51583,5.525491e-01,-1.371138e+02,5.440135e-01,-4.282789e+01,5.439839e-01,-4.288890e+01,7.742323e-01,-1.230854e+02
478.63009,5.675453e-01,-1.396853e+02,5.164907e-01,-4.565374e+01,5.164626e-01,-4.570936e+01,7.964553e-01,-1.268705e+02
524.80746,5.817653e-01,-1.421937e+02,4.883419e-01,-4.839730e+01,4.883153e-01,-4.844799e+01,8.174103e-01,-1.305333e+02
575.43994,5.950530e-01,-1.446222e+02,4.599103e-01,-5.104056e+01,4.598853e-01,-5.108676e+01,8.368928e-01,-1.340559e+02
630.95734,6.073049e-01,-1.469557e+02,4.315304e-01,-5.356763e+01,4.315069e-01,-5.360972e+01,8.547690e-01,-1.374241e+02
691.83097,6.184671e-01,-1.491811e+02,4.035125e-01,-5.596520e+01,4.034905e-01,-5.600355e+01,8.709725e-01,-1.406266e+02
758.57758,6.285303e-01,-1.512882e+02,3.761316e-01,-5.822278e+01,3.761112e-01,-5.825772e+01,8.854974e-01,-1.436562e+02
831.76377,6.375224e-01,-1.532691e+02,3.496198e-01,-6.033271e+01,3.496008e-01,-6.036453e+01,8.983871e-01,-1.465087e+02
912.01084,6.455001e-01,-1.551188e+02,3.241626e-01,-6.229002e+01,3.241450e-01,-6.231898e+01,9.097233e-01,-1.491828e+02
1000.00000,6.525406e-01,-1.568345e+02,2.998994e-01,-6.409213e+01,2.998831e-01,-6.411849e+01,9.196141e-01,-1.516803e+02
1096.47820,6.587351e-01,-1.584153e+02,2.769260e-01,-6.573854e+01,2.769110e-01,-6.576252e+01,9.281835e-01,-1.540048e+02
1202.26443,6.641820e-01,-1.598622e+02,2.552995e-01,-6.723042e+01,2.552857e-01,-6.725223e+01,9.355629e-01,-1.561619e+02
1318.25674,6.689829e-01,-1.611775e+02,2.350438e-01,-6.857027e+01,2.350312e-01,-6.859008e+01,9.418840e-01,-1.581584e+02
1445.43977,6.732388e-01,-1.623644e+02,2.161558e-01,-6.976155e+01,2.161443e-01,-6.977954e+01,9.472741e-01,-1.600022e+02
1584.89319,6.770488e-01,-1.634270e+02,1.986107e-01,-7.080839e+01,1.986001e-01,-7.082471e+01,9.518525e-01,-1.617015e+02
1737.80083,6.805084e-01,-1.643697e+02,1.823674e-01,-7.171540e+01,1.823577e-01,-7.173020e+01,9.557286e-01,-1.632650e+02
1905.46072,6.837096e-01,-1.651973e+02,1.673731e-01,-7.248747e+01,1.673643e-01,-7.250086e+01,9.590010e-01,-1.647017e+02
2089.29613,6.867413e-01,-1.659148e+02,1.535673e-01,-7.312966e+01,1.535592e-01,-7.314176e+01,9.617573e-01,-1.660202e+02
2290.86765,6.896901e-01,-1.665271e+02,1.408842e-01,-7.364717e+01,1.408769e-01,-7.365809e+01,9.640744e-01,-1.672290e+02
2511.88643,6.926408e-01,-1.670394e+02,1.292561e-01,-7.404537e+01,1.292494e-01,-7.405520e+01,9.660191e-01,-1.683362e+02
2754.22870,6.956783e-01,-1.674569e+02,1.186142e-01,-7.432983e+01,1.186082e-01,-7.433867e+01,9.676492e-01,-1.693497e+02
3019.95172,6.988878e-01,-1.677851e+02,1.088908e-01,-7.450651e+01,1.088854e-01,-7.451442e+01,9.690141e-01,-1.702767e+02
3311.31121,7.023564e-01,-1.680295e+02,1.000197e-01,-7.458184e+01,1.000148e-01,-7.458891e+01,9.701563e-01,-1.711243e+02
3630.78055,7.061729e-01,-1.681962e+02,9.193707e-02,-7.456303e+01,9.193269e-02,-7.456932e+01,9.711116e-01,-1.718989e+02
3981.07171,7.104283e-01,-1.682919e+02,8.458155e-02,-7.445821e+01,8.457761e-02,-7.446377e+01,9.719105e-01,-1.726066e+02
4365.15832,7.152152e-01,-1.683241e+02,7.789458e-02,-7.427669e+01,7.789107e-02,-7.428160e+01,9.725787e-01,-1.732528e+02
4786.30092,7.206258e-01,-1.683012e+02,7.182036e-02,-7.402920e+01,7.181723e-02,-7.403349e+01,9.731378e-01,-1.738429e+02
5248.07460,7.267498e-01,-1.682327e+02,6.630568e-02,-7.372795e+01,6.630291e-02,-7.373169e+01,9.736060e-01,-1.743815e+02
5754.39937,7.336706e-01,-1.681293e+02,6.129985e-02,-7.338672e+01,6.129741e-02,-7.338995e+01,9.739988e-01,-1.748731e+02
6309.57344,7.414600e-01,-1.680032e+02,5.675454e-02,-7.302067e+01,5.675240e-02,-7.302344e+01,9.743289e-01,-1.753216e+02
6918.30971,7.501725e-01,-1.678675e+02,5.262367e-02,-7.264606e+01,5.262181e-02,-7.264841e+01,9.746071e-01,-1.757309e+02
7585.77575,7.598383e-01,-1.677361e+02,4.886342e-02,-7.227965e+01,4.886180e-02,-7.228162e+01,9.748424e-01,-1.761043e+02
8317.63771,7.704565e-01,-1.676233e+02,4.543230e-02,-7.193798e+01,4.543091e-02,-7.193962e+01,9.750422e-01,-1.764450e+02
9120.10839,7.819885e-01,-1.675431e+02,4.229136e-02,-7.163638e+01,4.229017e-02,-7.163772e+01,9.752127e-01,-1.767558e+02
10000.00000,7.943546e-01,-1.675086e+02,3.940451e-02,-7.138799e+01,3.940351e-02,-7.138908e+01,9.753590e-01,-1.770393e+02
