! ! 
! S ! 
! ! 
! # MHz  S  MA  R  50.00000
! ! ===================================================================
1.00000,9.814574e-01,-2.298232e+00,2.885117e-02,9.149856e+01,3.102280e-02,6.594805e+01,9.382610e-01,-1.710853e+00
1.09648,9.813438e-01,-2.519768e+00,3.161964e-02,9.096519e+01,3.361211e-02,6.750151e+01,9.381643e-01,-1.875734e+00
1.20226,9.812074e-01,-2.762616e+00,3.465487e-02,9.043983e+01,3.648109e-02,6.891505e+01,9.380481e-01,-2.056465e+00
1.31826,9.810434e-01,-3.028813e+00,3.798212e-02,8.991810e+01,3.965446e-02,7.018981e+01,9.379084e-01,-2.254558e+00
1.44544,9.808464e-01,-3.320586e+00,4.162893e-02,8.939567e+01,4.315916e-02,7.132791e+01,9.377406e-01,-2.471664e+00
1.58489,9.806097e-01,-3.640368e+00,4.562536e-02,8.886817e+01,4.702458e-02,7.233211e+01,9.375390e-01,-2.709586e+00
1.73780,9.803254e-01,-3.990818e+00,5.000415e-02,8.833120e+01,5.128276e-02,7.320550e+01,9.372968e-01,-2.970290e+00
1.90546,9.799839e-01,-4.374836e+00,5.480088e-02,8.778031e+01,5.596863e-02,7.395126e+01,9.370060e-01,-3.255922e+00
2.08930,9.795740e-01,-4.795583e+00,6.005422e-02,8.721094e+01,6.112016e-02,7.457246e+01,9.366569e-01,-3.568814e+00
2.29087,9.790819e-01,-5.256502e+00,6.580606e-02,8.661838e+01,6.677856e-02,7.507190e+01,9.362378e-01,-3.911502e+00
2.51189,9.784914e-01,-5.761336e+00,7.210164e-02,8.599779e+01,7.298847e-02,7.545197e+01,9.357350e-01,-4.286739e+00
2.75423,9.777831e-01,-6.314148e+00,7.898976e-02,8.534412e+01,7.979805e-02,7.571454e+01,9.351319e-01,-4.697503e+00
3.01995,9.769339e-01,-6.919338e+00,8.652274e-02,8.465213e+01,8.725907e-02,7.586094e+01,9.344088e-01,-5.147010e+00
3.31131,9.759163e-01,-7.581660e+00,9.475652e-02,8.391632e+01,9.542692e-02,7.589188e+01,9.335425e-01,-5.638721e+00
3.63078,9.746976e-01,-8.306233e+00,1.037505e-01,8.313094e+01,1.043605e-01,7.580741e+01,9.325052e-01,-6.176343e+00
3.98107,9.732394e-01,-9.098552e+00,1.135673e-01,8.228999e+01,1.141220e-01,7.560693e+01,9.312642e-01,-6.763833e+00
4.36516,9.714962e-01,-9.964483e+00,1.242725e-01,8.138718e+01,1.247764e-01,7.528917e+01,9.297809e-01,-7.405383e+00
4.78630,9.694145e-01,-1.091026e+01,1.359337e-01,8.041595e+01,1.363910e-01,7.485223e+01,9.280102e-01,-8.105403e+00
5.24807,9.669321e-01,-1.194245e+01,1.486198e-01,7.936950e+01,1.490344e-01,7.429361e+01,9.258992e-01,-8.868492e+00
5.75440,9.639765e-01,-1.306793e+01,1.623996e-01,7.824083e+01,1.627750e-01,7.361025e+01,9.233866e-01,-9.699383e+00
6.30957,9.604641e-01,-1.429380e+01,1.773400e-01,7.702277e+01,1.776795e-01,7.279864e+01,9.204020e-01,-1.060288e+01
6.91831,9.562994e-01,-1.562733e+01,1.935037e-01,7.570811e+01,1.938101e-01,7.185491e+01,9.168650e-01,-1.158374e+01
7.58578,9.513742e-01,-1.707578e+01,2.109462e-01,7.428969e+01,2.112221e-01,7.077496e+01,9.126847e-01,-1.264659e+01
8.31764,9.455678e-01,-1.864629e+01,2.297120e-01,7.276060e+01,2.299598e-01,6.955468e+01,9.077602e-01,-1.379571e+01
9.12011,9.387476e-01,-2.034563e+01,2.498304e-01,7.111432e+01,2.500523e-01,6.819017e+01,9.019811e-01,-1.503487e+01
10.00000,9.307707e-01,-2.217996e+01,2.713101e-01,6.934507e+01,2.715081e-01,6.667796e+01,8.952290e-01,-1.636706e+01
10.96478,9.214869e-01,-2.415452e+01,2.941339e-01,6.744804e+01,2.943097e-01,6.501542e+01,8.873810e-01,-1.779423e+01
12.02264,9.107440e-01,-2.627326e+01,3.182524e-01,6.541978e+01,3.184077e-01,6.320106e+01,8.783135e-01,-1.931695e+01
13.18257,8.983940e-01,-2.853849e+01,3.435785e-01,6.325854e+01,3.437147e-01,6.123494e+01,8.679090e-01,-2.093411e+01
14.45440,8.843023e-01,-3.095046e+01,3.699824e-01,6.096470e+01,3.701010e-01,5.911907e+01,8.560634e-01,-2.264257e+01
15.84893,8.683581e-01,-3.350699e+01,3.972882e-01,5.854110e+01,3.973905e-01,5.685780e+01,8.426965e-01,-2.443694e+01
17.37801,8.504871e-01,-3.620315e+01,4.252737e-01,5.599331e+01,4.253609e-01,5.445808e+01,8.277620e-01,-2.630934e+01
19.05461,8.306639e-01,-3.903110e+01,4.536723e-01,5.332989e+01,4.537454e-01,5.192970e+01,8.112593e-01,-2.824947e+01
20.89296,8.089238e-01,-4.198001e+01,4.821802e-01,5.056228e+01,4.822404e-01,4.928527e+01,7.932433e-01,-3.024471e+01
22.90868,7.853722e-01,-4.503620e+01,5.104670e-01,4.770473e+01,5.105153e-01,4.654007e+01,7.738324e-01,-3.228059e+01
25.11886,7.601895e-01,-4.818355e+01,5.381902e-01,4.477379e+01,5.382276e-01,4.371159e+01,7.532123e-01,-3.434147e+01
27.54229,7.336309e-01,-5.140404e+01,5.650121e-01,4.178770e+01,5.650395e-01,4.081895e+01,7.316344e-01,-3.641150e+01
30.19952,7.060190e-01,-5.467850e+01,5.906169e-01,3.876561e+01,5.906352e-01,3.788209e+01,7.094087e-01,-3.847576e+01
33.11311,6.777314e-01,-5.798741e+01,6.147270e-01,3.572659e+01,6.147372e-01,3.492081e+01,6.868914e-01,-4.052152e+01
36.30781,6.491828e-01,-6.131174e+01,6.371153e-01,3.268876e+01,6.371182e-01,3.195387e+01,6.644678e-01,-4.253951e+01
39.81072,6.208050e-01,-6.463373e+01,6.576126e-01,2.966835e+01,6.576090e-01,2.899813e+01,6.425333e-01,-4.452503e+01
43.65158,5.930265e-01,-6.793739e+01,6.761097e-01,2.667907e+01,6.761004e-01,2.606781e+01,6.214747e-01,-4.647879e+01
47.86301,5.662538e-01,-7.120896e+01,6.925542e-01,2.373151e+01,6.925399e-01,2.317404e+01,6.016535e-01,-4.840734e+01
52.48075,5.408574e-01,-7.443703e+01,7.069427e-01,2.083294e+01,7.069239e-01,2.032452e+01,5.833933e-01,-5.032315e+01
57.54399,5.171611e-01,-7.761254e+01,7.193106e-01,1.798722e+01,7.192881e-01,1.752354e+01,5.669714e-01,-5.224406e+01
63.09573,4.954374e-01,-8.072865e+01,7.297204e-01,1.519494e+01,7.296947e-01,1.477206e+01,5.526161e-01,-5.419236e+01
69.18310,4.759058e-01,-8.378055e+01,7.382500e-01,1.245372e+01,7.382215e-01,1.206805e+01,5.405075e-01,-5.619346e+01
75.85776,4.587353e-01,-8.676527e+01,7.449813e-01,9.758543e+00,7.449505e-01,9.406814e+00,5.307820e-01,-5.827426e+01
83.17638,4.440482e-01,-8.968160e+01,7.499918e-01,7.102275e+00,7.499591e-01,6.781499e+00,5.235385e-01,-6.046140e+01
91.20108,4.319257e-01,-9.253009e+01,7.533463e-01,4.476076e+00,7.533120e-01,4.183530e+00,5.188451e-01,-6.277951e+01
100.00000,4.224127e-01,-9.531310e+01,7.550921e-01,1.869908e+00,7.550565e-01,1.603107e+00,5.167453e-01,-6.524965e+01
109.64782,4.155230e-01,-9.803495e+01,7.552550e-01,-7.270011e-01,7.552184e-01,-9.703197e-01,5.172631e-01,-6.788805e+01
120.22644,4.112422e-01,-1.007020e+02,7.538374e-01,-3.325677e+00,7.538001e-01,-3.547580e+00,5.204049e-01,-7.070526e+01
131.82567,4.095304e-01,-1.033227e+02,7.508185e-01,-5.936938e+00,7.507806e-01,-6.139308e+00,5.261596e-01,-7.370572e+01
144.54398,4.103225e-01,-1.059071e+02,7.461554e-01,-8.570923e+00,7.461172e-01,-8.755478e+00,5.344955e-01,-7.688780e+01
158.48932,4.135276e-01,-1.084667e+02,7.397866e-01,-1.123661e+01,7.397482e-01,-1.140492e+01,5.453558e-01,-8.024414e+01
173.78008,4.190272e-01,-1.110137e+02,7.316370e-01,-1.394135e+01,7.315987e-01,-1.409484e+01,5.586513e-01,-8.376235e+01
190.54607,4.266729e-01,-1.135597e+02,7.216253e-01,-1.669038e+01,7.215872e-01,-1.683036e+01,5.742536e-01,-8.742581e+01
208.92961,4.362838e-01,-1.161152e+02,7.096721e-01,-1.948637e+01,7.096344e-01,-1.961401e+01,5.919882e-01,-9.121453e+01
229.08677,4.476456e-01,-1.186884e+02,6.957116e-01,-2.232901e+01,6.956744e-01,-2.244541e+01,6.116297e-01,-9.510594e+01
251.18864,4.605108e-01,-1.212842e+02,6.797021e-01,-2.521473e+01,6.796656e-01,-2.532087e+01,6.329003e-01,-9.907563e+01
275.42287,4.746013e-01,-1.239037e+02,6.616388e-01,-2.813651e+01,6.616031e-01,-2.823330e+01,6.554724e-01,-1.030979e+02
301.99517,4.896148e-01,-1.265440e+02,6.415639e-01,-3.108389e+01,6.415293e-01,-3.117214e+01,6.789762e-01,-1.071462e+02
331.13112,5.052336e-01,-1.291977e+02,6.195753e-01,-3.404319e+01,6.195418e-01,-3.412366e+01,7.030126e-01,-1.111937e+02
363.07805,5.211363e-01,-1.318540e+02,5.958305e-01,-3.699799e+01,5.957982e-01,-3.707136e+01,7.271697e-01,-1.152137e+02
398.10717,5.370114e-01,-1.344986e+02,5.705457e-01,-3.992978e+01,5.705147e-01,-3.999667e+01,7.510428e-01,-1.191800e+02
436.51583,5.525706e-01,-1.371153e+02,5.439898e-01,-4.281880e+01,5.439601e-01,-4.287978e+01,7.742541e-01,-1.230677e+02
478.63009,5.675618e-01,-1.396866e+02,5.164721e-01,-4.564499e+01,5.164440e-01,-4.570058e+01,7.964713e-01,-1.268538e+02
524.80746,5.817777e-01,-1.421948e+02,4.883278e-01,-4.838887e+01,4.883012e-01,-4.843954e+01,8.174217e-01,-1.305176e+02
575.43994,5.950623e-01,-1.446231e+02,4.599002e-01,-5.103245e+01,4.598751e-01,-5.107863e+01,8.369006e-01,-1.340413e+02
630.95734,6.073116e-01,-1.469563e+02,4.315236e-01,-5.355983e+01,4.315001e-01,-5.360191e+01,8.547740e-01,-1.374103e+02
691.83097,6.184718e-01,-1.491816e+02,4.035086e-01,-5.595771e+01,4.034866e-01,-5.599604e+01,8.709754e-01,-1.406139e+02
758.57758,6.285336e-01,-1.512885e+02,3.761300e-01,-5.821557e+01,3.761096e-01,-5.825049e+01,8.854988e-01,-1.436444e+02
831.76377,6.375246e-01,-1.532694e+02,3.496201e-01,-6.032576e+01,3.496011e-01,-6.035757e+01,8.983874e-01,-1.464977e+02
912.01084,6.455013e-01,-1.551190e+02,3.241643e-01,-6.228331e+01,3.241467e-01,-6.231226e+01,9.097229e-01,-1.491727e+02
1000.00000,6.525413e-01,-1.568346e+02,2.999022e-01,-6.408563e+01,2.998859e-01,-6.411198e+01,9.196132e-01,-1.516709e+02
1096.47820,6.587353e-01,-1.584154e+02,2.769296e-01,-6.573222e+01,2.769146e-01,-6.575619e+01,9.281823e-01,-1.539962e+02
1202.26443,6.641819e-01,-1.598623e+02,2.553037e-01,-6.722425e+01,2.552899e-01,-6.724604e+01,9.355615e-01,-1.561540e+02
1318.25674,6.689825e-01,-1.611776e+02,2.350486e-01,-6.856421e+01,2.350359e-01,-6.858402e+01,9.418825e-01,-1.581511e+02
1445.43977,6.732382e-01,-1.623645e+02,2.161609e-01,-6.975556e+01,2.161493e-01,-6.977355e+01,9.472726e-01,-1.599955e+02
1584.89319,6.770480e-01,-1.634271e+02,1.986159e-01,-7.080245e+01,1.986053e-01,-7.081876e+01,9.518510e-01,-1.616953e+02
1737.80083,6.805074e-01,-1.643698e+02,1.823727e-01,-7.170946e+01,1.823631e-01,-7.172425e+01,9.557272e-01,-1.632594e+02
1905.46072,6.837084e-01,-1.651974e+02,1.673786e-01,-7.248149e+01,1.673698e-01,-7.249488e+01,9.589997e-01,-1.646966e+02
2089.29613,6.867400e-01,-1.659149e+02,1.535728e-01,-7.312360e+01,1.535647e-01,-7.313570e+01,9.617560e-01,-1.660155e+02
2290.86765,6.896885e-01,-1.665272e+02,1.408898e-01,-7.364100e+01,1.408825e-01,-7.365192e+01,9.640731e-01,-1.672247e+02
2511.88643,6.926391e-01,-1.670396e+02,1.292616e-01,-7.403905e+01,1.292550e-01,-7.404888e+01,9.660179e-01,-1.683323e+02
2754.22870,6.956763e-01,-1.674571e+02,1.186198e-01,-7.432334e+01,1.186138e-01,-7.433217e+01,9.676480e-01,-1.693460e+02
3019.95172,6.988855e-01,-1.677853e+02,1.088965e-01,-7.449980e+01,1.088911e-01,-7.450771e+01,9.690131e-01,-1.702734e+02
3311.31121,7.023537e-01,-1.680297e+02,1.000255e-01,-7.457489e+01,1.000206e-01,-7.458196e+01,9.701553e-01,-1.711213e+02
3630.78055,7.061698e-01,-1.681965e+02,9.194298e-02,-7.455582e+01,9.193859e-02,-7.456210e+01,9.711106e-01,-1.718962e+02
3981.07171,7.104247e-01,-1.682922e+02,8.458757e-02,-7.445071e+01,8.458364e-02,-7.445628e+01,9.719095e-01,-1.726041e+02
4365.15832,7.152110e-01,-1.683244e+02,7.790075e-02,-7.426891e+01,7.789724e-02,-7.427381e+01,9.725777e-01,-1.732505e+02
4786.30092,7.206210e-01,-1.683015e+02,7.182668e-02,-7.402112e+01,7.182356e-02,-7.402542e+01,9.731369e-01,-1.738408e+02
5248.07460,7.267444e-01,-1.682330e+02,6.631217e-02,-7.371959e+01,6.630941e-02,-7.372333e+01,9.736052e-01,-1.743796e+02
5754.39937,7.336645e-01,-1.681297e+02,6.130653e-02,-7.337809e+01,6.130409e-02,-7.338132e+01,9.739980e-01,-1.748713e+02
6309.57344,7.414531e-01,-1.680036e+02,5.676140e-02,-7.301181e+01,5.675926e-02,-7.301458e+01,9.743281e-01,-1.753200e+02
6918.30971,7.501649e-01,-1.678678e+02,5.263070e-02,-7.263701e+01,5.262884e-02,-7.263935e+01,9.746064e-01,-1.757295e+02
7585.77575,7.598299e-01,-1.677363e+02,4.887062e-02,-7.227046e+01,4.886900e-02,-7.227243e+01,9.748416e-01,-1.761030e+02
8317.63771,7.704472e-01,-1.676235e+02,4.543964e-02,-7.192870e+01,4.543825e-02,-7.193034e+01,9.750414e-01,-1.764438e+02
9120.10839,7.819786e-01,-1.675433e+02,4.229882e-02,-7.162709e+01,4.229763e-02,-7.162844e+01,9.752120e-01,-1.767547e+02
10000.00000,7.943439e-01,-1.675087e+02,3.941206e-02,-7.137878e+01,3.941105e-02,-7.137987e+01,9.753583e-01,-1.770383e+02
