! ! 
! S ! 
! ! 
! # MHz  S  MA  R  50.00000
! ! ===================================================================
1.00000,9.849770e-01,-1.970533e+00,2.339494e-02,9.181315e+01,2.484220e-02,6.818634e+01,9.417566e-01,-1.384345e+00
1.09648,9.849001e-01,-2.160535e+00,2.564105e-02,9.131689e+01,2.696760e-02,6.964544e+01,9.416930e-01,-1.517804e+00
1.20226,9.848078e-01,-2.368833e+00,2.810391e-02,9.083161e+01,2.931874e-02,7.097120e+01,9.416166e-01,-1.664108e+00
1.31826,9.846967e-01,-2.597181e+00,3.080412e-02,9.035326e+01,3.191579e-02,7.216630e+01,9.415247e-01,-1.824484e+00
1.44544,9.845633e-01,-2.847499e+00,3.376422e-02,8.987783e+01,3.478081e-02,7.323407e+01,9.414144e-01,-2.000279e+00
1.58489,9.844030e-01,-3.121886e+00,3.700883e-02,8.940135e+01,3.793793e-02,7.417821e+01,9.412817e-01,-2.192961e+00
1.73780,9.842104e-01,-3.422639e+00,4.056484e-02,8.891985e+01,4.141350e-02,7.500253e+01,9.411224e-01,-2.404137e+00
1.90546,9.839790e-01,-3.752268e+00,4.446153e-02,8.842928e+01,4.523636e-02,7.571079e+01,9.409309e-01,-2.635562e+00
2.08930,9.837010e-01,-4.113515e+00,4.873084e-02,8.792557e+01,4.943793e-02,7.630647e+01,9.407010e-01,-2.889148e+00
2.29087,9.833672e-01,-4.509371e+00,5.340749e-02,8.740451e+01,5.405246e-02,7.679273e+01,9.404249e-01,-3.166981e+00
2.51189,9.829664e-01,-4.943100e+00,5.852915e-02,8.686180e+01,5.911722e-02,7.717227e+01,9.400934e-01,-3.471332e+00
2.75423,9.824853e-01,-5.418255e+00,6.413668e-02,8.629295e+01,6.467263e-02,7.744726e+01,9.396955e-01,-3.804668e+00
3.01995,9.819080e-01,-5.938698e+00,7.027423e-02,8.569331e+01,7.076243e-02,7.761929e+01,9.392181e-01,-4.169667e+00
3.31131,9.812155e-01,-6.508626e+00,7.698934e-02,8.505802e+01,7.743383e-02,7.768936e+01,9.386454e-01,-4.569228e+00
3.63078,9.803853e-01,-7.132585e+00,8.433308e-02,8.438197e+01,8.473753e-02,7.765782e+01,9.379590e-01,-5.006479e+00
3.98107,9.793904e-01,-7.815488e+00,9.235998e-02,8.365980e+01,9.272777e-02,7.752438e+01,9.371365e-01,-5.484789e+00
4.36516,9.781989e-01,-8.562631e+00,1.011280e-01,8.288587e+01,1.014622e-01,7.728808e+01,9.361517e-01,-6.007768e+00
4.78630,9.767733e-01,-9.379699e+00,1.106983e-01,8.205428e+01,1.110016e-01,7.694734e+01,9.349736e-01,-6.579267e+00
5.24807,9.750690e-01,-1.027277e+01,1.211346e-01,8.115879e+01,1.214098e-01,7.649992e+01,9.335656e-01,-7.203369e+00
5.75440,9.730340e-01,-1.124831e+01,1.325032e-01,8.019292e+01,1.327524e-01,7.594300e+01,9.318848e-01,-7.884372e+00
6.30957,9.706071e-01,-1.231314e+01,1.448712e-01,7.914989e+01,1.450966e-01,7.527318e+01,9.298812e-01,-8.626756e+00
6.91831,9.677177e-01,-1.347441e+01,1.583058e-01,7.802271e+01,1.585093e-01,7.448655e+01,9.274968e-01,-9.435137e+00
7.58578,9.642841e-01,-1.473954e+01,1.728724e-01,7.680422e+01,1.730558e-01,7.357878e+01,9.246647e-01,-1.031420e+01
8.31764,9.602129e-01,-1.611612e+01,1.886324e-01,7.548718e+01,1.887971e-01,7.254521e+01,9.213088e-01,-1.126861e+01
9.12011,9.553985e-01,-1.761177e+01,2.056398e-01,7.406437e+01,2.057874e-01,7.138103e+01,9.173434e-01,-1.230287e+01
10.00000,9.497230e-01,-1.923404e+01,2.239386e-01,7.252881e+01,2.240703e-01,7.008138e+01,9.126731e-01,-1.342121e+01
10.96478,9.430568e-01,-2.099013e+01,2.435574e-01,7.087390e+01,2.436744e-01,6.864168e+01,9.071935e-01,-1.462733e+01
12.02264,9.352606e-01,-2.288667e+01,2.645051e-01,6.909373e+01,2.646084e-01,6.705781e+01,9.007935e-01,-1.592423e+01
13.18257,9.261881e-01,-2.492939e+01,2.867651e-01,6.718332e+01,2.868558e-01,6.532646e+01,8.933576e-01,-1.731390e+01
14.45440,9.156909e-01,-2.712281e+01,3.102897e-01,6.513905e+01,3.103686e-01,6.344551e+01,8.847702e-01,-1.879703e+01
15.84893,9.036252e-01,-2.946980e+01,3.349940e-01,6.295894e+01,3.350619e-01,6.141437e+01,8.749221e-01,-2.037272e+01
17.37801,8.898607e-01,-3.197121e+01,3.607516e-01,6.064313e+01,3.608092e-01,5.923443e+01,8.637179e-01,-2.203820e+01
19.05461,8.742908e-01,-3.462547e+01,3.873908e-01,5.819415e+01,3.874388e-01,5.690938e+01,8.510853e-01,-2.378854e+01
20.89296,8.568452e-01,-3.742830e+01,4.146941e-01,5.561729e+01,4.147331e-01,5.444554e+01,8.369859e-01,-2.561659e+01
22.90868,8.375022e-01,-4.037244e+01,4.424005e-01,5.292072e+01,4.424313e-01,5.185206e+01,8.214257e-01,-2.751295e+01
25.11886,8.163007e-01,-4.344762e+01,4.702120e-01,5.011555e+01,4.702350e-01,4.914091e+01,8.044648e-01,-2.946620e+01
27.54229,7.933490e-01,-4.664067e+01,4.978038e-01,4.721562e+01,4.978197e-01,4.632673e+01,7.862252e-01,-3.146337e+01
30.19952,7.688304e-01,-4.993582e+01,5.248384e-01,4.423706e+01,5.248477e-01,4.342638e+01,7.668941e-01,-3.349069e+01
33.11311,7.430023e-01,-5.331529e+01,5.509817e-01,4.119773e+01,5.509850e-01,4.045837e+01,7.467220e-01,-3.553456e+01
36.30781,7.161896e-01,-5.675990e+01,5.759204e-01,3.811633e+01,5.759181e-01,3.744203e+01,7.260160e-01,-3.758268e+01
39.81072,6.887719e-01,-6.024988e+01,5.993771e-01,3.501155e+01,5.993698e-01,3.439658e+01,7.051268e-01,-3.962534e+01
43.65158,6.611657e-01,-6.376564e+01,6.211227e-01,3.190108e+01,6.211110e-01,3.134022e+01,6.844320e-01,-4.165660e+01
47.86301,6.338047e-01,-6.728848e+01,6.409838e-01,2.880075e+01,6.409680e-01,2.828924e+01,6.643181e-01,-4.367526e+01
52.48075,6.071190e-01,-7.080111e+01,6.588443e-01,2.572384e+01,6.588249e-01,2.525734e+01,6.451612e-01,-4.568561e+01
57.54399,5.815164e-01,-7.428802e+01,6.746427e-01,2.268055e+01,6.746203e-01,2.225510e+01,6.273114e-01,-4.769760e+01
63.09573,5.573677e-01,-7.773564e+01,6.883644e-01,1.967777e+01,6.883393e-01,1.928976e+01,6.110805e-01,-4.972663e+01
69.18310,5.349964e-01,-8.113242e+01,7.000316e-01,1.671897e+01,7.000041e-01,1.636510e+01,5.967346e-01,-5.179279e+01
75.85776,5.146733e-01,-8.446874e+01,7.096913e-01,1.380440e+01,7.096619e-01,1.348167e+01,5.844914e-01,-5.391963e+01
83.17638,4.966146e-01,-8.773689e+01,7.174044e-01,1.093140e+01,7.173734e-01,1.063707e+01,5.745217e-01,-5.613266e+01
91.20108,4.809837e-01,-9.093107e+01,7.232345e-01,8.094786e+00,7.232021e-01,7.826361e+00,5.669536e-01,-5.845756e+01
100.00000,4.678951e-01,-9.404749e+01,7.272390e-01,5.287366e+00,7.272055e-01,5.042566e+00,5.618783e-01,-6.091847e+01
109.64782,4.574193e-01,-9.708456e+01,7.294624e-01,2.500454e+00,7.294280e-01,2.277199e+00,5.593558e-01,-6.353629e+01
120.22644,4.495868e-01,-1.000431e+02,7.299312e-01,-2.755837e-01,7.298961e-01,-4.791874e-01,5.594200e-01,-6.632734e+01
131.82567,4.443929e-01,-1.029267e+02,7.286511e-01,-3.050775e+00,7.286155e-01,-3.236456e+00,5.620811e-01,-6.930233e+01
144.54398,4.417999e-01,-1.057413e+02,7.256069e-01,-5.834989e+00,7.255710e-01,-6.004324e+00,5.673260e-01,-7.246580e+01
158.48932,4.417390e-01,-1.084957e+02,7.207635e-01,-8.637386e+00,7.207274e-01,-8.791813e+00,5.751158e-01,-7.581595e+01
173.78008,4.441100e-01,-1.112005e+02,7.140700e-01,-1.146586e+01,7.140339e-01,-1.160669e+01,5.853812e-01,-7.934488e+01
190.54607,4.487806e-01,-1.138674e+02,7.054654e-01,-1.432652e+01,7.054296e-01,-1.445495e+01,5.980164e-01,-8.303914e+01
208.92961,4.555851e-01,-1.165085e+02,6.948868e-01,-1.722315e+01,6.948513e-01,-1.734026e+01,6.128730e-01,-8.688048e+01
229.08677,4.643231e-01,-1.191349e+02,6.822788e-01,-2.015674e+01,6.822438e-01,-2.026354e+01,6.297538e-01,-9.084670e+01
251.18864,4.747599e-01,-1.217554e+02,6.676051e-01,-2.312517e+01,6.675707e-01,-2.322256e+01,6.484107e-01,-9.491258e+01
275.42287,4.866290e-01,-1.243758e+02,6.508599e-01,-2.612291e+01,6.508262e-01,-2.621171e+01,6.685446e-01,-9.905070e+01
301.99517,4.996366e-01,-1.269982e+02,6.320793e-01,-2.914097e+01,6.320466e-01,-2.922194e+01,6.898114e-01,-1.032322e+02
331.13112,5.134699e-01,-1.296204e+02,6.113504e-01,-3.216704e+01,6.113186e-01,-3.224087e+01,7.118319e-01,-1.074275e+02
363.07805,5.278081e-01,-1.322360e+02,5.888165e-01,-3.518589e+01,5.887859e-01,-3.525320e+01,7.342077e-01,-1.116070e+02
398.10717,5.423349e-01,-1.348352e+02,5.646784e-01,-3.817994e+01,5.646490e-01,-3.824131e+01,7.565386e-01,-1.157418e+02
436.51583,5.567525e-01,-1.374049e+02,5.391895e-01,-4.113009e+01,5.391614e-01,-4.118603e+01,7.784435e-01,-1.198043e+02
478.63009,5.707941e-01,-1.399304e+02,5.126465e-01,-4.401658e+01,5.126198e-01,-4.406757e+01,7.995784e-01,-1.237688e+02
524.80746,5.842345e-01,-1.423959e+02,4.853748e-01,-4.681997e+01,4.853495e-01,-4.686645e+01,8.196525e-01,-1.276124e+02
575.43994,5.968967e-01,-1.447860e+02,4.577127e-01,-4.952199e+01,4.576888e-01,-4.956435e+01,8.384381e-01,-1.313151e+02
630.95734,6.086551e-01,-1.470860e+02,4.299939e-01,-5.210627e+01,4.299715e-01,-5.214486e+01,8.557761e-01,-1.348607e+02
691.83097,6.194343e-01,-1.492833e+02,4.025326e-01,-5.455886e+01,4.025116e-01,-5.459402e+01,8.715741e-01,-1.382367e+02
758.57758,6.292046e-01,-1.513673e+02,3.756110e-01,-5.686855e+01,3.755914e-01,-5.690057e+01,8.858012e-01,-1.414341e+02
831.76377,6.379755e-01,-1.533299e+02,3.494704e-01,-5.902694e+01,3.494522e-01,-5.905609e+01,8.984784e-01,-1.444478e+02
912.01084,6.457876e-01,-1.551654e+02,3.243076e-01,-6.102833e+01,3.242907e-01,-6.105487e+01,9.096675e-01,-1.472760e+02
1000.00000,6.527050e-01,-1.568706e+02,3.002731e-01,-6.286950e+01,3.002576e-01,-6.289365e+01,9.194604e-01,-1.499194e+02
1096.47820,6.588078e-01,-1.584441e+02,2.774742e-01,-6.454938e+01,2.774598e-01,-6.457135e+01,9.279679e-01,-1.523817e+02
1202.26443,6.641856e-01,-1.598862e+02,2.559781e-01,-6.606868e+01,2.559649e-01,-6.608865e+01,9.353110e-01,-1.546680e+02
1318.25674,6.689332e-01,-1.611989e+02,2.358183e-01,-6.742950e+01,2.358062e-01,-6.744764e+01,9.416136e-01,-1.567854e+02
1445.43977,6.731463e-01,-1.623850e+02,2.169995e-01,-6.863502e+01,2.169884e-01,-6.865148e+01,9.469971e-01,-1.587416e+02
1584.89319,6.769196e-01,-1.634480e+02,1.995037e-01,-6.968919e+01,1.994935e-01,-6.970411e+01,9.515765e-01,-1.605453e+02
1737.80083,6.803456e-01,-1.643923e+02,1.832956e-01,-7.059648e+01,1.832863e-01,-7.061000e+01,9.554583e-01,-1.622056e+02
1905.46072,6.835137e-01,-1.652224e+02,1.683269e-01,-7.136176e+01,1.683185e-01,-7.137399e+01,9.587390e-01,-1.637315e+02
2089.29613,6.865106e-01,-1.659430e+02,1.545408e-01,-7.199015e+01,1.545331e-01,-7.200120e+01,9.615048e-01,-1.651323e+02
2290.86765,6.894212e-01,-1.665589e+02,1.418744e-01,-7.248701e+01,1.418674e-01,-7.249696e+01,9.638317e-01,-1.664167e+02
2511.88643,6.923288e-01,-1.670752e+02,1.302620e-01,-7.285794e+01,1.302556e-01,-7.286689e+01,9.657861e-01,-1.675935e+02
2754.22870,6.953168e-01,-1.674970e+02,1.196367e-01,-7.310891e+01,1.196309e-01,-7.311695e+01,9.674254e-01,-1.686707e+02
3019.95172,6.984693e-01,-1.678294e+02,1.099318e-01,-7.324641e+01,1.099266e-01,-7.325359e+01,9.687989e-01,-1.696562e+02
3311.31121,7.018719e-01,-1.680780e+02,1.010819e-01,-7.327757e+01,1.010772e-01,-7.328398e+01,9.699490e-01,-1.705573e+02
3630.78055,7.056125e-01,-1.682487e+02,9.302356e-02,-7.321051e+01,9.301936e-02,-7.321620e+01,9.709116e-01,-1.713809e+02
3981.07171,7.097813e-01,-1.683481e+02,8.569558e-02,-7.305448e+01,8.569183e-02,-7.305950e+01,9.717172e-01,-1.721333e+02
4365.15832,7.144700e-01,-1.683833e+02,7.903924e-02,-7.282017e+01,7.903589e-02,-7.282458e+01,9.723917e-01,-1.728205e+02
4786.30092,7.197707e-01,-1.683626e+02,7.299830e-02,-7.251988e+01,7.299532e-02,-7.252374e+01,9.729568e-01,-1.734479e+02
5248.07460,7.257734e-01,-1.682953e+02,6.751889e-02,-7.216766e+01,6.751625e-02,-7.217100e+01,9.734309e-01,-1.740206e+02
5754.39937,7.325623e-01,-1.681919e+02,6.254943e-02,-7.177924e+01,6.254712e-02,-7.178212e+01,9.738295e-01,-1.745433e+02
6309.57344,7.402112e-01,-1.680642e+02,5.804052e-02,-7.137188e+01,5.803850e-02,-7.137434e+01,9.741654e-01,-1.750202e+02
6918.30971,7.487774e-01,-1.679252e+02,5.394484e-02,-7.096390e+01,5.394307e-02,-7.096598e+01,9.744495e-01,-1.754554e+02
7585.77575,7.582952e-01,-1.677887e+02,5.021720e-02,-7.057401e+01,5.021567e-02,-7.057575e+01,9.746909e-01,-1.758524e+02
8317.63771,7.687685e-01,-1.676690e+02,4.681472e-02,-7.022045e+01,4.681341e-02,-7.022189e+01,9.748971e-01,-1.762146e+02
9120.10839,7.801648e-01,-1.675801e+02,4.369709e-02,-6.991992e+01,4.369597e-02,-6.992110e+01,9.750744e-01,-1.765451e+02
10000.00000,7.924106e-01,-1.675353e+02,4.082692e-02,-6.968647e+01,4.082597e-02,-6.968741e+01,9.752279e-01,-1.768465e+02
