! ! 
! S ! 
! ! 
! # MHz  S  MA  R  50.00000
! ! ===================================================================
1.00000,9.868674e-01,-1.744795e+00,1.962811e-02,9.202057e+01,2.060173e-02,7.036631e+01,9.441291e-01,-1.160072e+00
1.09648,9.868117e-01,-1.913059e+00,2.151321e-02,9.155078e+01,2.240477e-02,7.171047e+01,9.440843e-01,-1.271933e+00
1.20226,9.867448e-01,-2.097534e+00,2.358037e-02,9.109393e+01,2.439618e-02,7.292878e+01,9.440306e-01,-1.394565e+00
1.31826,9.866643e-01,-2.299777e+00,2.584694e-02,9.064622e+01,2.659296e-02,7.402505e+01,9.439659e-01,-1.529003e+00
1.44544,9.865676e-01,-2.521493e+00,2.833193e-02,9.020390e+01,2.901374e-02,7.500346e+01,9.438882e-01,-1.676378e+00
1.58489,9.864514e-01,-2.764548e+00,3.105612e-02,8.976327e+01,3.167893e-02,7.586828e+01,9.437949e-01,-1.837926e+00
1.73780,9.863117e-01,-3.030985e+00,3.404222e-02,8.932064e+01,3.461087e-02,7.662375e+01,9.436827e-01,-2.015001e+00
1.90546,9.861439e-01,-3.323037e+00,3.731503e-02,8.887228e+01,3.783401e-02,7.727385e+01,9.435479e-01,-2.209082e+00
2.08930,9.859423e-01,-3.643149e+00,4.090161e-02,8.841445e+01,4.137506e-02,7.782226e+01,9.433860e-01,-2.421786e+00
2.29087,9.857001e-01,-3.993989e+00,4.483145e-02,8.794332e+01,4.526321e-02,7.827222e+01,9.431914e-01,-2.654875e+00
2.51189,9.854092e-01,-4.378473e+00,4.913669e-02,8.745496e+01,4.953025e-02,7.862651e+01,9.429578e-01,-2.910276e+00
2.75423,9.850599e-01,-4.799782e+00,5.385220e-02,8.694531e+01,5.421079e-02,7.888734e+01,9.426772e-01,-3.190083e+00
3.01995,9.846405e-01,-5.261384e+00,5.901587e-02,8.641016e+01,5.934246e-02,7.905639e+01,9.423405e-01,-3.496578e+00
3.31131,9.841372e-01,-5.767054e+00,6.466870e-02,8.584510e+01,6.496598e-02,7.913472e+01,9.419363e-01,-3.832239e+00
3.63078,9.835333e-01,-6.320898e+00,7.085494e-02,8.524553e+01,7.112539e-02,7.912281e+01,9.414514e-01,-4.199751e+00
3.98107,9.828090e-01,-6.927369e+00,7.762223e-02,8.460660e+01,7.786811e-02,7.902050e+01,9.408699e-01,-4.602022e+00
4.36516,9.819408e-01,-7.591293e+00,8.502161e-02,8.392320e+01,8.524497e-02,7.882701e+01,9.401730e-01,-5.042186e+00
4.78630,9.809006e-01,-8.317881e+00,9.310751e-02,8.318995e+01,9.331024e-02,7.854095e+01,9.393383e-01,-5.523611e+00
5.24807,9.796554e-01,-9.112746e+00,1.019376e-01,8.240117e+01,1.021214e-01,7.816030e+01,9.383392e-01,-6.049904e+00
5.75440,9.781659e-01,-9.981908e+00,1.115726e-01,8.155087e+01,1.117390e-01,7.768246e+01,9.371444e-01,-6.624905e+00
6.30957,9.763861e-01,-1.093180e+01,1.220757e-01,8.063277e+01,1.222261e-01,7.710420e+01,9.357172e-01,-7.252675e+00
6.91831,9.742618e-01,-1.196924e+01,1.335118e-01,7.964028e+01,1.336475e-01,7.642178e+01,9.340144e-01,-7.937478e+00
7.58578,9.717300e-01,-1.310143e+01,1.459466e-01,7.856654e+01,1.460689e-01,7.563092e+01,9.319859e-01,-8.683743e+00
8.31764,9.687178e-01,-1.433590e+01,1.594454e-01,7.740447e+01,1.595552e-01,7.472693e+01,9.295739e-01,-9.496016e+00
9.12011,9.651411e-01,-1.568043e+01,1.740708e-01,7.614685e+01,1.741690e-01,7.370472e+01,9.267118e-01,-1.037888e+01
10.00000,9.609045e-01,-1.714297e+01,1.898803e-01,7.478638e+01,1.899679e-01,7.255899e+01,9.233243e-01,-1.133687e+01
10.96478,9.559003e-01,-1.873148e+01,2.069237e-01,7.331584e+01,2.070013e-01,7.128434e+01,9.193268e-01,-1.237433e+01
12.02264,9.500091e-01,-2.045377e+01,2.252388e-01,7.172829e+01,2.253072e-01,6.987546e+01,9.146263e-01,-1.349526e+01
13.18257,9.431008e-01,-2.231726e+01,2.448471e-01,7.001724e+01,2.449068e-01,6.832739e+01,9.091218e-01,-1.470312e+01
14.45440,9.350364e-01,-2.432874e+01,2.657488e-01,6.817697e+01,2.658005e-01,6.663576e+01,9.027069e-01,-1.600057e+01
15.84893,9.256723e-01,-2.649398e+01,2.879171e-01,6.620281e+01,2.879613e-01,6.479718e+01,8.952729e-01,-1.738928e+01
17.37801,9.148649e-01,-2.881742e+01,3.112928e-01,6.409153e+01,3.113299e-01,6.280955e+01,8.867135e-01,-1.886954e+01
19.05461,9.024787e-01,-3.130171e+01,3.357783e-01,6.184168e+01,3.358088e-01,6.067249e+01,8.769316e-01,-2.044008e+01
20.89296,8.883950e-01,-3.394737e+01,3.612340e-01,5.945404e+01,3.612583e-01,5.838771e+01,8.658470e-01,-2.209776e+01
22.90868,8.725237e-01,-3.675235e+01,3.874752e-01,5.693187e+01,3.874936e-01,5.595935e+01,8.534064e-01,-2.383746e+01
25.11886,8.548149e-01,-3.971177e+01,4.142728e-01,5.428122e+01,4.142857e-01,5.339427e+01,8.395929e-01,-2.565194e+01
27.54229,8.352719e-01,-4.281768e+01,4.413564e-01,5.151109e+01,4.413641e-01,5.070217e+01,8.244370e-01,-2.753206e+01
30.19952,8.139616e-01,-4.605907e+01,4.684222e-01,4.863328e+01,4.684251e-01,4.789554e+01,8.080249e-01,-2.946707e+01
33.11311,7.910224e-01,-4.942202e+01,4.951443e-01,4.566222e+01,4.951427e-01,4.498939e+01,7.905038e-01,-3.144524e+01
36.30781,7.666676e-01,-5.289003e+01,5.211895e-01,4.261443e+01,5.211837e-01,4.200080e+01,7.720840e-01,-3.345467e+01
39.81072,7.411820e-01,-5.644459e+01,5.462330e-01,3.950783e+01,5.462234e-01,3.894820e+01,7.530346e-01,-3.548440e+01
43.65158,7.149134e-01,-6.006588e+01,5.699754e-01,3.636088e+01,5.699622e-01,3.585049e+01,7.336743e-01,-3.752552e+01
47.86301,6.882575e-01,-6.373347e+01,5.921560e-01,3.319165e+01,5.921397e-01,3.272617e+01,7.143571e-01,-3.957243e+01
52.48075,6.616393e-01,-6.742703e+01,6.125641e-01,3.001690e+01,6.125449e-01,2.959237e+01,6.954551e-01,-4.162382e+01
57.54399,6.354923e-01,-7.112698e+01,6.310431e-01,2.685126e+01,6.310214e-01,2.646409e+01,6.773404e-01,-4.368344e+01
63.09573,6.102383e-01,-7.481494e+01,6.474915e-01,2.370659e+01,6.474676e-01,2.335349e+01,6.603673e-01,-4.576045e+01
69.18310,5.862703e-01,-7.847404e+01,6.618574e-01,2.059159e+01,6.618315e-01,2.026957e+01,6.448586e-01,-4.786923e+01
75.85776,5.639385e-01,-8.208908e+01,6.741303e-01,1.751161e+01,6.741027e-01,1.721793e+01,6.310956e-01,-5.002874e+01
83.17638,5.435423e-01,-8.564667e+01,6.843304e-01,1.446870e+01,6.843013e-01,1.420086e+01,6.193133e-01,-5.226137e+01
91.20108,5.253251e-01,-8.913529e+01,6.924971e-01,1.146183e+01,6.924668e-01,1.121756e+01,6.096996e-01,-5.459147e+01
100.00000,5.094748e-01,-9.254541e+01,6.986780e-01,8.487326e+00,6.986467e-01,8.264556e+00,6.023976e-01,-5.704362e+01
109.64782,4.961256e-01,-9.586978e+01,7.029192e-01,5.539320e+00,7.028871e-01,5.336157e+00,5.975110e-01,-5.964085e+01
120.22644,4.853622e-01,-9.910364e+01,7.052576e-01,2.610311e+00,7.052250e-01,2.425030e+00,5.951084e-01,-6.240302e+01
131.82567,4.772240e-01,-1.022451e+02,7.057157e-01,-3.082378e-01,7.056826e-01,-4.772079e-01,5.952280e-01,-6.534542e+01
144.54398,4.717094e-01,-1.052954e+02,7.042981e-01,-3.225286e+00,7.042647e-01,-3.379380e+00,5.978802e-01,-6.847771e+01
158.48932,4.687790e-01,-1.082591e+02,7.009912e-01,-6.149599e+00,7.009577e-01,-6.290126e+00,6.030474e-01,-7.180325e+01
173.78008,4.683572e-01,-1.111433e+02,6.957650e-01,-9.089134e+00,6.957315e-01,-9.217286e+00,6.106817e-01,-7.531891e+01
190.54607,4.703333e-01,-1.139582e+02,6.885776e-01,-1.205043e+01,6.885442e-01,-1.216729e+01,6.207007e-01,-7.901525e+01
208.92961,4.745612e-01,-1.167150e+02,6.793814e-01,-1.503803e+01,6.793483e-01,-1.514460e+01,6.329817e-01,-8.287697e+01
229.08677,4.808591e-01,-1.194258e+02,6.681324e-01,-1.805396e+01,6.680998e-01,-1.815114e+01,6.473565e-01,-8.688366e+01
251.18864,4.890096e-01,-1.221015e+02,6.548005e-01,-2.109729e+01,6.547684e-01,-2.118591e+01,6.636075e-01,-9.101071e+01
275.42287,4.987619e-01,-1.247514e+02,6.393805e-01,-2.416380e+01,6.393491e-01,-2.424460e+01,6.814665e-01,-9.523026e+01
301.99517,5.098356e-01,-1.273814e+02,6.219039e-01,-2.724585e+01,6.218733e-01,-2.731953e+01,7.006180e-01,-9.951214e+01
331.13112,5.219280e-01,-1.299939e+02,6.024482e-01,-3.033243e+01,6.024185e-01,-3.039960e+01,7.207080e-01,-1.038249e+02
363.07805,5.347237e-01,-1.325870e+02,5.811438e-01,-3.340944e+01,5.811151e-01,-3.347068e+01,7.413563e-01,-1.081364e+02
398.10717,5.479069e-01,-1.351550e+02,5.581765e-01,-3.646026e+01,5.581489e-01,-3.651609e+01,7.621737e-01,-1.124153e+02
436.51583,5.611747e-01,-1.376888e+02,5.337845e-01,-3.946642e+01,5.337581e-01,-3.951732e+01,7.827812e-01,-1.166312e+02
478.63009,5.742502e-01,-1.401767e+02,5.082507e-01,-4.240854e+01,5.082255e-01,-4.245493e+01,8.028291e-01,-1.207559e+02
524.80746,5.868934e-01,-1.426053e+02,4.818901e-01,-4.526722e+01,4.818663e-01,-4.530950e+01,8.220130e-01,-1.247639e+02
575.43994,5.989097e-01,-1.449608e+02,4.550345e-01,-4.802395e+01,4.550120e-01,-4.806247e+01,8.400869e-01,-1.286329e+02
630.95734,6.101538e-01,-1.472298e+02,4.280157e-01,-5.066188e+01,4.279945e-01,-5.069698e+01,8.568691e-01,-1.323445e+02
691.83097,6.205299e-01,-1.494002e+02,4.011503e-01,-5.316645e+01,4.011304e-01,-5.319843e+01,8.722437e-01,-1.358842e+02
758.57758,6.299891e-01,-1.514615e+02,3.747262e-01,-5.552571e+01,3.747077e-01,-5.555483e+01,8.861561e-01,-1.392417e+02
831.76377,6.385227e-01,-1.534056e+02,3.489937e-01,-5.773047e+01,3.489765e-01,-5.775698e+01,8.986057e-01,-1.424105e+02
912.01084,6.461558e-01,-1.552265e+02,3.241596e-01,-5.977431e+01,3.241437e-01,-5.979844e+01,9.096351e-01,-1.453874e+02
1000.00000,6.529388e-01,-1.569204e+02,3.003858e-01,-6.165330e+01,3.003710e-01,-6.167525e+01,9.193195e-01,-1.481729e+02
1096.47820,6.589408e-01,-1.584856e+02,2.777902e-01,-6.336577e+01,2.777766e-01,-6.338572e+01,9.277566e-01,-1.507696e+02
1202.26443,6.642424e-01,-1.599220e+02,2.564508e-01,-6.491189e+01,2.564383e-01,-6.493003e+01,9.350567e-01,-1.531827e+02
1318.25674,6.689311e-01,-1.612311e+02,2.364103e-01,-6.629338e+01,2.363988e-01,-6.630985e+01,9.413354e-01,-1.554189e+02
1445.43977,6.730971e-01,-1.624152e+02,2.176816e-01,-6.751309e+01,2.176711e-01,-6.752803e+01,9.467082e-01,-1.574861e+02
1584.89319,6.768308e-01,-1.634778e+02,2.002540e-01,-6.857475e+01,2.002444e-01,-6.858830e+01,9.512855e-01,-1.593930e+02
1737.80083,6.802211e-01,-1.644228e+02,1.840980e-01,-6.948274e+01,1.840892e-01,-6.949500e+01,9.551707e-01,-1.611490e+02
1905.46072,6.833548e-01,-1.652544e+02,1.691701e-01,-7.024187e+01,1.691621e-01,-7.025295e+01,9.584579e-01,-1.627635e+02
2089.29613,6.863166e-01,-1.659773e+02,1.554172e-01,-7.085734e+01,1.554099e-01,-7.086734e+01,9.612319e-01,-1.642460e+02
2290.86765,6.891892e-01,-1.665961e+02,1.427797e-01,-7.133466e+01,1.427731e-01,-7.134366e+01,9.635677e-01,-1.656057e+02
2511.88643,6.920546e-01,-1.671157e+02,1.311942e-01,-7.167974e+01,1.311882e-01,-7.168783e+01,9.655310e-01,-1.668516e+02
2754.22870,6.949947e-01,-1.675410e+02,1.205955e-01,-7.189897e+01,1.205901e-01,-7.190622e+01,9.671789e-01,-1.679923e+02
3019.95172,6.980921e-01,-1.678771e+02,1.109182e-01,-7.199940e+01,1.109133e-01,-7.200587e+01,9.685606e-01,-1.690361e+02
3311.31121,7.014315e-01,-1.681294e+02,1.020978e-01,-7.198894e+01,1.020934e-01,-7.199470e+01,9.697184e-01,-1.699906e+02
3630.78055,7.050995e-01,-1.683037e+02,9.407128e-02,-7.187664e+01,9.406732e-02,-7.188174e+01,9.706881e-01,-1.708630e+02
3981.07171,7.091853e-01,-1.684063e+02,8.677764e-02,-7.167294e+01,8.677409e-02,-7.167743e+01,9.715004e-01,-1.716600e+02
4365.15832,7.137801e-01,-1.684442e+02,8.015802e-02,-7.138992e+01,8.015486e-02,-7.139386e+01,9.721813e-01,-1.723880e+02
4786.30092,7.189756e-01,-1.684255e+02,7.415578e-02,-7.104149e+01,7.415298e-02,-7.104492e+01,9.727525e-01,-1.730526e+02
5248.07460,7.248619e-01,-1.683592e+02,6.871641e-02,-7.064347e+01,6.871394e-02,-7.064643e+01,9.732326e-01,-1.736594e+02
5754.39937,7.315240e-01,-1.682557e+02,6.378747e-02,-7.021352e+01,6.378530e-02,-7.021606e+01,9.736371e-01,-1.742131e+02
6309.57344,7.390374e-01,-1.681265e+02,5.931849e-02,-6.977083e+01,5.931658e-02,-6.977299e+01,9.739791e-01,-1.747184e+02
6918.30971,7.474621e-01,-1.679845e+02,5.526092e-02,-6.933561e+01,5.525927e-02,-6.933743e+01,9.742695e-01,-1.751794e+02
7585.77575,7.568360e-01,-1.678431e+02,5.156831e-02,-6.892829e+01,5.156688e-02,-6.892981e+01,9.745176e-01,-1.756000e+02
8317.63771,7.671676e-01,-1.677168e+02,4.819640e-02,-6.856855e+01,4.819518e-02,-6.856979e+01,9.747308e-01,-1.759837e+02
9120.10839,7.784303e-01,-1.676196e+02,4.510358e-02,-6.827412e+01,4.510254e-02,-6.827513e+01,9.749155e-01,-1.763338e+02
10000.00000,7.905564e-01,-1.675649e+02,4.225127e-02,-6.805969e+01,4.225039e-02,-6.806050e+01,9.750769e-01,-1.766531e+02
