! ! 
! S ! 
! ! 
! # MHz  S  MA  R  50.00000
! ! ===================================================================
1.00000,9.868646e-01,-1.745090e+00,1.963303e-02,9.202031e+01,2.060724e-02,7.036296e+01,9.441260e-01,-1.160365e+00
1.09648,9.868089e-01,-1.913382e+00,2.151860e-02,9.155048e+01,2.241071e-02,7.170732e+01,9.440812e-01,-1.272253e+00
1.20226,9.867419e-01,-2.097888e+00,2.358627e-02,9.109360e+01,2.440259e-02,7.292580e+01,9.440274e-01,-1.394917e+00
1.31826,9.866614e-01,-2.300165e+00,2.585341e-02,9.064584e+01,2.659989e-02,7.402224e+01,9.439628e-01,-1.529389e+00
1.44544,9.865647e-01,-2.521919e+00,2.833902e-02,9.020348e+01,2.902125e-02,7.500079e+01,9.438850e-01,-1.676800e+00
1.58489,9.864484e-01,-2.765015e+00,3.106389e-02,8.976280e+01,3.168709e-02,7.586575e+01,9.437916e-01,-1.838389e+00
1.73780,9.863087e-01,-3.031497e+00,3.405073e-02,8.932012e+01,3.461974e-02,7.662133e+01,9.436794e-01,-2.015509e+00
1.90546,9.861408e-01,-3.323598e+00,3.732435e-02,8.887171e+01,3.784366e-02,7.727153e+01,9.435445e-01,-2.209639e+00
2.08930,9.859391e-01,-3.643764e+00,4.091183e-02,8.841382e+01,4.138558e-02,7.782003e+01,9.433825e-01,-2.422395e+00
2.29087,9.856968e-01,-3.994662e+00,4.484265e-02,8.794262e+01,4.527467e-02,7.827006e+01,9.431879e-01,-2.655543e+00
2.51189,9.854058e-01,-4.379211e+00,4.914895e-02,8.745419e+01,4.954276e-02,7.862440e+01,9.429541e-01,-2.911008e+00
2.75423,9.850563e-01,-4.800590e+00,5.386563e-02,8.694446e+01,5.422445e-02,7.888527e+01,9.426734e-01,-3.190885e+00
3.01995,9.846367e-01,-5.262269e+00,5.903058e-02,8.640922e+01,5.935737e-02,7.905434e+01,9.423365e-01,-3.497457e+00
3.31131,9.841331e-01,-5.768024e+00,6.468480e-02,8.584407e+01,6.498226e-02,7.913268e+01,9.419321e-01,-3.833201e+00
3.63078,9.835290e-01,-6.321959e+00,7.087256e-02,8.524440e+01,7.114318e-02,7.912075e+01,9.414470e-01,-4.200805e+00
3.98107,9.828044e-01,-6.928531e+00,7.764150e-02,8.460536e+01,7.788753e-02,7.901841e+01,9.408652e-01,-4.603176e+00
4.36516,9.819357e-01,-7.592565e+00,8.504268e-02,8.392184e+01,8.526619e-02,7.882488e+01,9.401680e-01,-5.043448e+00
4.78630,9.808951e-01,-8.319272e+00,9.313054e-02,8.318846e+01,9.333340e-02,7.853876e+01,9.393328e-01,-5.524991e+00
5.24807,9.796494e-01,-9.114266e+00,1.019628e-01,8.239954e+01,1.021467e-01,7.815803e+01,9.383332e-01,-6.051413e+00
5.75440,9.781592e-01,-9.983568e+00,1.116001e-01,8.154910e+01,1.117666e-01,7.768009e+01,9.371379e-01,-6.626553e+00
6.30957,9.763786e-01,-1.093361e+01,1.221056e-01,8.063083e+01,1.222561e-01,7.710172e+01,9.357100e-01,-7.254475e+00
6.91831,9.742533e-01,-1.197121e+01,1.335443e-01,7.963816e+01,1.336802e-01,7.641916e+01,9.340063e-01,-7.939442e+00
7.58578,9.717205e-01,-1.310358e+01,1.459821e-01,7.856422e+01,1.461044e-01,7.562816e+01,9.319769e-01,-8.685883e+00
8.31764,9.687070e-01,-1.433824e+01,1.594839e-01,7.740195e+01,1.595937e-01,7.472400e+01,9.295637e-01,-9.498345e+00
9.12011,9.651288e-01,-1.568298e+01,1.741125e-01,7.614411e+01,1.742108e-01,7.370161e+01,9.267002e-01,-1.038141e+01
10.00000,9.608904e-01,-1.714573e+01,1.899254e-01,7.478340e+01,1.900130e-01,7.255568e+01,9.233112e-01,-1.133962e+01
10.96478,9.558841e-01,-1.873447e+01,2.069724e-01,7.331261e+01,2.070500e-01,7.128081e+01,9.193119e-01,-1.237731e+01
12.02264,9.499906e-01,-2.045699e+01,2.252911e-01,7.172480e+01,2.253595e-01,6.987169e+01,9.146093e-01,-1.349848e+01
13.18257,9.430795e-01,-2.232074e+01,2.449031e-01,7.001348e+01,2.449629e-01,6.832337e+01,9.091024e-01,-1.470658e+01
14.45440,9.350121e-01,-2.433247e+01,2.658086e-01,6.817292e+01,2.658603e-01,6.663148e+01,9.026847e-01,-1.600430e+01
15.84893,9.256444e-01,-2.649797e+01,2.879807e-01,6.619847e+01,2.880249e-01,6.479263e+01,8.952476e-01,-1.739327e+01
17.37801,9.148332e-01,-2.882166e+01,3.113599e-01,6.408690e+01,3.113971e-01,6.280473e+01,8.866848e-01,-1.887379e+01
19.05461,9.024428e-01,-3.130620e+01,3.358488e-01,6.183677e+01,3.358793e-01,6.066740e+01,8.768991e-01,-2.044459e+01
20.89296,8.883546e-01,-3.395210e+01,3.613075e-01,5.944884e+01,3.613318e-01,5.838235e+01,8.658106e-01,-2.210254e+01
22.90868,8.724785e-01,-3.675730e+01,3.875513e-01,5.692640e+01,3.875697e-01,5.595374e+01,8.533656e-01,-2.384247e+01
25.11886,8.547649e-01,-3.971691e+01,4.143509e-01,5.427552e+01,4.143638e-01,5.338843e+01,8.395478e-01,-2.565717e+01
27.54229,8.352170e-01,-4.282298e+01,4.414359e-01,5.150517e+01,4.414436e-01,5.069613e+01,8.243875e-01,-2.753749e+01
30.19952,8.139019e-01,-4.606449e+01,4.685023e-01,4.862718e+01,4.685052e-01,4.788933e+01,8.079710e-01,-2.947267e+01
33.11311,7.909583e-01,-4.942751e+01,4.952244e-01,4.565599e+01,4.952228e-01,4.498305e+01,7.904459e-01,-3.145097e+01
36.30781,7.665995e-01,-5.289553e+01,5.212687e-01,4.260811e+01,5.212630e-01,4.199438e+01,7.720225e-01,-3.346050e+01
39.81072,7.411106e-01,-5.645005e+01,5.463107e-01,3.950147e+01,5.463011e-01,3.894174e+01,7.529700e-01,-3.549028e+01
43.65158,7.148394e-01,-6.007125e+01,5.700508e-01,3.635452e+01,5.700376e-01,3.584405e+01,7.336072e-01,-3.753143e+01
47.86301,6.881818e-01,-6.373867e+01,5.922286e-01,3.318535e+01,5.922123e-01,3.271979e+01,7.142882e-01,-3.957834e+01
52.48075,6.615628e-01,-6.743202e+01,6.126334e-01,3.001070e+01,6.126142e-01,2.958611e+01,6.953852e-01,-4.162970e+01
57.54399,6.354158e-01,-7.113171e+01,6.311089e-01,2.684519e+01,6.310872e-01,2.645797e+01,6.772702e-01,-4.368928e+01
63.09573,6.101628e-01,-7.481936e+01,6.475536e-01,2.370070e+01,6.475296e-01,2.334755e+01,6.602975e-01,-4.576623e+01
69.18310,5.861964e-01,-7.847810e+01,6.619157e-01,2.058590e+01,6.618897e-01,2.026383e+01,6.447899e-01,-4.787497e+01
75.85776,5.638671e-01,-8.209277e+01,6.741848e-01,1.750614e+01,6.741572e-01,1.721241e+01,6.310287e-01,-5.003444e+01
83.17638,5.434737e-01,-8.564996e+01,6.843813e-01,1.446345e+01,6.843522e-01,1.419557e+01,6.192486e-01,-5.226705e+01
91.20108,5.252599e-01,-8.913816e+01,6.925445e-01,1.145682e+01,6.925143e-01,1.121251e+01,6.096374e-01,-5.459715e+01
100.00000,5.094134e-01,-9.254787e+01,6.987222e-01,8.482551e+00,6.986909e-01,8.259746e+00,6.023384e-01,-5.704931e+01
109.64782,4.960681e-01,-9.587181e+01,7.029603e-01,5.534772e+00,7.029283e-01,5.331578e+00,5.974549e-01,-5.964657e+01
120.22644,4.853088e-01,-9.910527e+01,7.052960e-01,2.605980e+00,7.052633e-01,2.420672e+00,5.950557e-01,-6.240879e+01
131.82567,4.771748e-01,-1.022464e+02,7.057514e-01,-3.123623e-01,7.057183e-01,-4.813583e-01,5.951789e-01,-6.535125e+01
144.54398,4.716644e-01,-1.052963e+02,7.043313e-01,-3.229218e+00,7.042979e-01,-3.383336e+00,5.978347e-01,-6.848359e+01
158.48932,4.687381e-01,-1.082596e+02,7.010220e-01,-6.153355e+00,7.009885e-01,-6.293903e+00,6.030056e-01,-7.180918e+01
173.78008,4.683203e-01,-1.111436e+02,6.957936e-01,-9.092727e+00,6.957601e-01,-9.220899e+00,6.106437e-01,-7.532488e+01
190.54607,4.703004e-01,-1.139582e+02,6.886039e-01,-1.205387e+01,6.885706e-01,-1.217076e+01,6.206664e-01,-7.902123e+01
208.92961,4.745321e-01,-1.167148e+02,6.794056e-01,-1.504134e+01,6.793726e-01,-1.514793e+01,6.329512e-01,-8.288293e+01
229.08677,4.808336e-01,-1.194254e+02,6.681546e-01,-1.805715e+01,6.681220e-01,-1.815435e+01,6.473297e-01,-8.688958e+01
251.18864,4.889876e-01,-1.221011e+02,6.548206e-01,-2.110037e+01,6.547885e-01,-2.118900e+01,6.635843e-01,-9.101656e+01
275.42287,4.987431e-01,-1.247509e+02,6.393985e-01,-2.416678e+01,6.393671e-01,-2.424760e+01,6.814466e-01,-9.523601e+01
301.99517,5.098197e-01,-1.273809e+02,6.219199e-01,-2.724874e+01,6.218893e-01,-2.732243e+01,7.006013e-01,-9.951776e+01
331.13112,5.219147e-01,-1.299934e+02,6.024623e-01,-3.033523e+01,6.024326e-01,-3.040241e+01,7.206942e-01,-1.038303e+02
363.07805,5.347128e-01,-1.325865e+02,5.811560e-01,-3.341216e+01,5.811273e-01,-3.347341e+01,7.413451e-01,-1.081417e+02
398.10717,5.478981e-01,-1.351546e+02,5.581869e-01,-3.646289e+01,5.581593e-01,-3.651873e+01,7.621648e-01,-1.124204e+02
436.51583,5.611677e-01,-1.376884e+02,5.337932e-01,-3.946897e+01,5.337668e-01,-3.951987e+01,7.827744e-01,-1.166361e+02
478.63009,5.742447e-01,-1.401763e+02,5.082578e-01,-4.241101e+01,5.082326e-01,-4.245741e+01,8.028239e-01,-1.207605e+02
524.80746,5.868892e-01,-1.426050e+02,4.818958e-01,-4.526960e+01,4.818719e-01,-4.531189e+01,8.220093e-01,-1.247682e+02
575.43994,5.989065e-01,-1.449606e+02,4.550389e-01,-4.802625e+01,4.550164e-01,-4.806478e+01,8.400842e-01,-1.286370e+02
630.95734,6.101513e-01,-1.472296e+02,4.280190e-01,-5.066411e+01,4.279978e-01,-5.069921e+01,8.568673e-01,-1.323483e+02
691.83097,6.205281e-01,-1.494000e+02,4.011526e-01,-5.316860e+01,4.011328e-01,-5.320058e+01,8.722426e-01,-1.358878e+02
758.57758,6.299878e-01,-1.514614e+02,3.747278e-01,-5.552778e+01,3.747093e-01,-5.555690e+01,8.861555e-01,-1.392451e+02
831.76377,6.385218e-01,-1.534055e+02,3.489946e-01,-5.773247e+01,3.489774e-01,-5.775899e+01,8.986055e-01,-1.424136e+02
912.01084,6.461552e-01,-1.552264e+02,3.241600e-01,-5.977624e+01,3.241440e-01,-5.980037e+01,9.096351e-01,-1.453904e+02
1000.00000,6.529384e-01,-1.569204e+02,3.003857e-01,-6.165518e+01,3.003710e-01,-6.167713e+01,9.193197e-01,-1.481756e+02
1096.47820,6.589405e-01,-1.584856e+02,2.777898e-01,-6.336759e+01,2.777762e-01,-6.338755e+01,9.277569e-01,-1.507721e+02
1202.26443,6.642423e-01,-1.599220e+02,2.564502e-01,-6.491368e+01,2.564376e-01,-6.493182e+01,9.350570e-01,-1.531850e+02
1318.25674,6.689310e-01,-1.612310e+02,2.364094e-01,-6.629513e+01,2.363979e-01,-6.631160e+01,9.413359e-01,-1.554210e+02
1445.43977,6.730971e-01,-1.624152e+02,2.176806e-01,-6.751482e+01,2.176701e-01,-6.752976e+01,9.467087e-01,-1.574880e+02
1584.89319,6.768309e-01,-1.634778e+02,2.002529e-01,-6.857647e+01,2.002433e-01,-6.859002e+01,9.512860e-01,-1.593948e+02
1737.80083,6.802213e-01,-1.644227e+02,1.840968e-01,-6.948446e+01,1.840880e-01,-6.949672e+01,9.551711e-01,-1.611507e+02
1905.46072,6.833551e-01,-1.652543e+02,1.691688e-01,-7.024360e+01,1.691608e-01,-7.025468e+01,9.584583e-01,-1.627650e+02
2089.29613,6.863169e-01,-1.659772e+02,1.554159e-01,-7.085908e+01,1.554086e-01,-7.086909e+01,9.612323e-01,-1.642473e+02
2290.86765,6.891896e-01,-1.665960e+02,1.427784e-01,-7.133644e+01,1.427717e-01,-7.134544e+01,9.635681e-01,-1.656069e+02
2511.88643,6.920550e-01,-1.671156e+02,1.311928e-01,-7.168156e+01,1.311868e-01,-7.168965e+01,9.655314e-01,-1.668527e+02
2754.22870,6.949951e-01,-1.675409e+02,1.205940e-01,-7.190084e+01,1.205886e-01,-7.190809e+01,9.671793e-01,-1.679934e+02
3019.95172,6.980927e-01,-1.678770e+02,1.109167e-01,-7.200132e+01,1.109118e-01,-7.200779e+01,9.685610e-01,-1.690370e+02
3311.31121,7.014321e-01,-1.681293e+02,1.020962e-01,-7.199092e+01,1.020918e-01,-7.199668e+01,9.697187e-01,-1.699914e+02
3630.78055,7.051003e-01,-1.683036e+02,9.406966e-02,-7.187869e+01,9.406570e-02,-7.188379e+01,9.706885e-01,-1.708638e+02
3981.07171,7.091863e-01,-1.684062e+02,8.677597e-02,-7.167506e+01,8.677242e-02,-7.167956e+01,9.715008e-01,-1.716607e+02
4365.15832,7.137812e-01,-1.684441e+02,8.015629e-02,-7.139211e+01,8.015313e-02,-7.139605e+01,9.721816e-01,-1.723886e+02
4786.30092,7.189768e-01,-1.684254e+02,7.415399e-02,-7.104375e+01,7.415118e-02,-7.104718e+01,9.727528e-01,-1.730533e+02
5248.07460,7.248632e-01,-1.683591e+02,6.871456e-02,-7.064580e+01,6.871208e-02,-7.064877e+01,9.732329e-01,-1.736599e+02
5754.39937,7.315256e-01,-1.682556e+02,6.378555e-02,-7.021591e+01,6.378338e-02,-7.021846e+01,9.736374e-01,-1.742136e+02
6309.57344,7.390392e-01,-1.681264e+02,5.931650e-02,-6.977327e+01,5.931460e-02,-6.977544e+01,9.739794e-01,-1.747189e+02
6918.30971,7.474641e-01,-1.679844e+02,5.525888e-02,-6.933809e+01,5.525723e-02,-6.933991e+01,9.742698e-01,-1.751799e+02
7585.77575,7.568382e-01,-1.678431e+02,5.156621e-02,-6.893080e+01,5.156478e-02,-6.893231e+01,9.745179e-01,-1.756004e+02
8317.63771,7.671701e-01,-1.677167e+02,4.819425e-02,-6.857105e+01,4.819303e-02,-6.857230e+01,9.747311e-01,-1.759841e+02
9120.10839,7.784329e-01,-1.676196e+02,4.510139e-02,-6.827662e+01,4.510035e-02,-6.827763e+01,9.749158e-01,-1.763341e+02
10000.00000,7.905592e-01,-1.675648e+02,4.224906e-02,-6.806215e+01,4.224818e-02,-6.806297e+01,9.750772e-01,-1.766534e+02
