! ! 
! S ! 
! ! 
! # MHz  S  MA  R  50.00000
! ! ===================================================================
1.00000,9.814929e-01,-2.294929e+00,2.879622e-02,9.150177e+01,3.096041e-02,6.596692e+01,9.382965e-01,-1.707558e+00
1.09648,9.813798e-01,-2.516148e+00,3.155944e-02,9.096877e+01,3.354506e-02,6.751970e+01,9.382002e-01,-1.872122e+00
1.20226,9.812438e-01,-2.758648e+00,3.458891e-02,9.044381e+01,3.640885e-02,6.893262e+01,9.380844e-01,-2.052506e+00
1.31826,9.810804e-01,-3.024464e+00,3.790985e-02,8.992252e+01,3.957643e-02,7.020683e+01,9.379452e-01,-2.250219e+00
1.44544,9.808841e-01,-3.315819e+00,4.154976e-02,8.940055e+01,4.307470e-02,7.134445e+01,9.377781e-01,-2.466908e+00
1.58489,9.806483e-01,-3.635144e+00,4.553864e-02,8.887356e+01,4.693301e-02,7.234826e+01,9.375772e-01,-2.704374e+00
1.73780,9.803650e-01,-3.985094e+00,4.990915e-02,8.833715e+01,5.118334e-02,7.322136e+01,9.373360e-01,-2.964579e+00
1.90546,9.800248e-01,-4.368565e+00,5.469685e-02,8.778687e+01,5.586055e-02,7.396693e+01,9.370463e-01,-3.249665e+00
2.08930,9.796163e-01,-4.788713e+00,5.994031e-02,8.721815e+01,6.100255e-02,7.458805e+01,9.366985e-01,-3.561960e+00
2.29087,9.791259e-01,-5.248979e+00,6.568136e-02,8.662631e+01,6.665050e-02,7.508751e+01,9.362810e-01,-3.903996e+00
2.51189,9.785375e-01,-5.753099e+00,7.196519e-02,8.600650e+01,7.284894e-02,7.546772e+01,9.357800e-01,-4.278520e+00
2.75423,9.778317e-01,-6.305131e+00,7.884048e-02,8.535368e+01,7.964597e-02,7.573055e+01,9.351792e-01,-4.688506e+00
3.01995,9.769855e-01,-6.909472e+00,8.635951e-02,8.466262e+01,8.709329e-02,7.587733e+01,9.344589e-01,-5.137164e+00
3.31131,9.759714e-01,-7.570868e+00,9.457814e-02,8.392781e+01,9.524621e-02,7.590877e+01,9.335958e-01,-5.627951e+00
3.63078,9.747570e-01,-8.294435e+00,1.035557e-01,8.314353e+01,1.041635e-01,7.582493e+01,9.325624e-01,-6.164568e+00
3.98107,9.733039e-01,-9.085661e+00,1.133547e-01,8.230376e+01,1.139074e-01,7.562521e+01,9.313260e-01,-6.750965e+00
4.36516,9.715667e-01,-9.950408e+00,1.240407e-01,8.140223e+01,1.245428e-01,7.530834e+01,9.298482e-01,-7.391332e+00
4.78630,9.694922e-01,-1.089490e+01,1.356812e-01,8.043239e+01,1.361370e-01,7.487244e+01,9.280840e-01,-8.090072e+00
5.24807,9.670183e-01,-1.192572e+01,1.483451e-01,7.938744e+01,1.487583e-01,7.431498e+01,9.259806e-01,-8.851781e+00
5.75440,9.640727e-01,-1.304971e+01,1.621012e-01,7.826038e+01,1.624754e-01,7.363294e+01,9.234772e-01,-9.681188e+00
6.30957,9.605720e-01,-1.427400e+01,1.770166e-01,7.704405e+01,1.773549e-01,7.282278e+01,9.205033e-01,-1.058309e+01
6.91831,9.564210e-01,-1.560584e+01,1.931539e-01,7.573123e+01,1.934592e-01,7.188063e+01,9.169787e-01,-1.156226e+01
7.58578,9.515118e-01,-1.705251e+01,2.105688e-01,7.431476e+01,2.108437e-01,7.080241e+01,9.128130e-01,-1.262332e+01
8.31764,9.457240e-01,-1.862114e+01,2.293060e-01,7.278772e+01,2.295530e-01,6.958398e+01,9.079053e-01,-1.377055e+01
9.12011,9.389250e-01,-2.031852e+01,2.493952e-01,7.114360e+01,2.496163e-01,6.822143e+01,9.021454e-01,-1.500774e+01
10.00000,9.309722e-01,-2.215084e+01,2.708455e-01,6.937658e+01,2.710428e-01,6.671128e+01,8.954153e-01,-1.633790e+01
10.96478,9.217157e-01,-2.412335e+01,2.936402e-01,6.748184e+01,2.938154e-01,6.505086e+01,8.875921e-01,-1.776299e+01
12.02264,9.110031e-01,-2.624004e+01,3.177306e-01,6.545588e+01,3.178853e-01,6.323867e+01,8.785522e-01,-1.928361e+01
13.18257,8.986864e-01,-2.850325e+01,3.430303e-01,6.329695e+01,3.431661e-01,6.127471e+01,8.681779e-01,-2.089870e+01
14.45440,8.846305e-01,-3.091328e+01,3.694104e-01,6.100535e+01,3.695286e-01,5.916097e+01,8.563651e-01,-2.260515e+01
15.84893,8.687244e-01,-3.346801e+01,3.966961e-01,5.858388e+01,3.967980e-01,5.690172e+01,8.430329e-01,-2.439761e+01
17.37801,8.508929e-01,-3.616257e+01,4.246657e-01,5.603807e+01,4.247525e-01,5.450388e+01,8.281345e-01,-2.626829e+01
19.05461,8.311095e-01,-3.898917e+01,4.530537e-01,5.337640e+01,4.531265e-01,5.197716e+01,8.116682e-01,-2.820689e+01
20.89296,8.094084e-01,-4.193704e+01,4.815568e-01,5.061027e+01,4.816167e-01,4.933413e+01,7.936881e-01,-3.020087e+01
22.90868,7.858938e-01,-4.499257e+01,5.098451e-01,4.775387e+01,5.098932e-01,4.659000e+01,7.743113e-01,-3.223580e+01
25.11886,7.607446e-01,-4.813966e+01,5.375762e-01,4.482371e+01,5.376134e-01,4.376223e+01,7.537222e-01,-3.429606e+01
27.54229,7.342147e-01,-5.136035e+01,5.644120e-01,4.183801e+01,5.644393e-01,4.086992e+01,7.321712e-01,-3.636581e+01
30.19952,7.066256e-01,-5.463546e+01,5.900365e-01,3.881589e+01,5.900548e-01,3.793297e+01,7.099673e-01,-3.843014e+01
33.11311,6.783540e-01,-5.794548e+01,6.141711e-01,3.577644e+01,6.141813e-01,3.497121e+01,6.874657e-01,-4.047628e+01
36.30781,6.498142e-01,-6.127137e+01,6.365877e-01,3.273780e+01,6.365906e-01,3.200341e+01,6.650515e-01,-4.249492e+01
39.81072,6.214378e-01,-6.459531e+01,6.571159e-01,2.971624e+01,6.571123e-01,2.904647e+01,6.431200e-01,-4.448130e+01
43.65158,5.936536e-01,-6.790128e+01,6.756454e-01,2.672551e+01,6.756361e-01,2.611467e+01,6.220583e-01,-4.643603e+01
47.86301,5.668688e-01,-7.117547e+01,6.921226e-01,2.377627e+01,6.921083e-01,2.321917e+01,6.022283e-01,-4.836563e+01
52.48075,5.414546e-01,-7.440640e+01,7.065434e-01,2.087583e+01,7.065246e-01,2.036776e+01,5.839544e-01,-5.028246e+01
57.54399,5.177357e-01,-7.758495e+01,7.189423e-01,1.802813e+01,7.189198e-01,1.756477e+01,5.675146e-01,-5.220430e+01
63.09573,4.959856e-01,-8.070421e+01,7.293815e-01,1.523380e+01,7.293557e-01,1.481121e+01,5.531382e-01,-5.415339e+01
69.18310,4.764247e-01,-8.375932e+01,7.379382e-01,1.249051e+01,7.379098e-01,1.210510e+01,5.410059e-01,-5.615509e+01
75.85776,4.592230e-01,-8.674725e+01,7.446946e-01,9.793289e+00,7.446638e-01,9.441799e+00,5.312550e-01,-5.823630e+01
83.17638,4.445035e-01,-8.966674e+01,7.497278e-01,7.135033e+00,7.496951e-01,6.814475e+00,5.239848e-01,-6.042365e+01
91.20108,4.323481e-01,-9.251826e+01,7.531029e-01,4.506931e+00,7.530686e-01,4.214583e+00,5.192639e-01,-6.274180e+01
100.00000,4.228022e-01,-9.530415e+01,7.548674e-01,1.898960e+00,7.548318e-01,1.632341e+00,5.171363e-01,-6.521184e+01
109.64782,4.158799e-01,-9.802868e+01,7.550471e-01,-6.996338e-01,7.550106e-01,-9.427872e-01,5.176260e-01,-6.785007e+01
120.22644,4.115673e-01,-1.006982e+02,7.536450e-01,-3.299871e+00,7.536076e-01,-3.521623e+00,5.207398e-01,-7.066707e+01
131.82567,4.098246e-01,-1.033209e+02,7.506402e-01,-5.912567e+00,7.506024e-01,-6.114800e+00,5.264665e-01,-7.366737e+01
144.54398,4.105870e-01,-1.059072e+02,7.459903e-01,-8.547860e+00,7.459521e-01,-8.732290e+00,5.347749e-01,-7.684936e+01
158.48932,4.137636e-01,-1.084683e+02,7.396338e-01,-1.121474e+01,7.395955e-01,-1.138293e+01,5.456079e-01,-8.020576e+01
173.78008,4.192362e-01,-1.110164e+02,7.314962e-01,-1.392055e+01,7.314579e-01,-1.407393e+01,5.588768e-01,-8.372418e+01
190.54607,4.268562e-01,-1.135632e+02,7.214959e-01,-1.667054e+01,7.214578e-01,-1.681042e+01,5.744531e-01,-8.738805e+01
208.92961,4.364432e-01,-1.161193e+02,7.095540e-01,-1.946739e+01,7.095163e-01,-1.959495e+01,5.921627e-01,-9.117736e+01
229.08677,4.477828e-01,-1.186927e+02,6.956045e-01,-2.231082e+01,6.955673e-01,-2.242714e+01,6.117805e-01,-9.506955e+01
251.18864,4.606274e-01,-1.212886e+02,6.796059e-01,-2.519725e+01,6.795695e-01,-2.530332e+01,6.330287e-01,-9.904020e+01
275.42287,4.746993e-01,-1.239080e+02,6.615534e-01,-2.811969e+01,6.615178e-01,-2.821641e+01,6.555801e-01,-1.030636e+02
301.99517,4.896961e-01,-1.265480e+02,6.414891e-01,-3.106767e+01,6.414545e-01,-3.115587e+01,6.790651e-01,-1.071131e+02
331.13112,5.053001e-01,-1.292014e+02,6.195108e-01,-3.402755e+01,6.194773e-01,-3.410797e+01,7.030846e-01,-1.111620e+02
363.07805,5.211899e-01,-1.318572e+02,5.957759e-01,-3.698290e+01,5.957435e-01,-3.705622e+01,7.272268e-01,-1.151834e+02
398.10717,5.370539e-01,-1.345014e+02,5.705004e-01,-3.991523e+01,5.704694e-01,-3.998207e+01,7.510871e-01,-1.191512e+02
436.51583,5.526038e-01,-1.371177e+02,5.439531e-01,-4.280478e+01,5.439235e-01,-4.286571e+01,7.742877e-01,-1.230405e+02
478.63009,5.675873e-01,-1.396886e+02,5.164433e-01,-4.563148e+01,5.164152e-01,-4.568703e+01,7.964961e-01,-1.268281e+02
524.80746,5.817970e-01,-1.421964e+02,4.883061e-01,-4.837587e+01,4.882795e-01,-4.842650e+01,8.174393e-01,-1.304934e+02
575.43994,5.950765e-01,-1.446243e+02,4.598846e-01,-5.101995e+01,4.598595e-01,-5.106609e+01,8.369126e-01,-1.340186e+02
630.95734,6.073219e-01,-1.469573e+02,4.315132e-01,-5.354781e+01,4.314897e-01,-5.358986e+01,8.547817e-01,-1.373892e+02
691.83097,6.184791e-01,-1.491824e+02,4.035025e-01,-5.594614e+01,4.034805e-01,-5.598445e+01,8.709799e-01,-1.405942e+02
758.57758,6.285386e-01,-1.512891e+02,3.761276e-01,-5.820445e+01,3.761071e-01,-5.823934e+01,8.855009e-01,-1.436261e+02
831.76377,6.375278e-01,-1.532698e+02,3.496205e-01,-6.031504e+01,3.496014e-01,-6.034682e+01,8.983879e-01,-1.464807e+02
912.01084,6.455033e-01,-1.551193e+02,3.241670e-01,-6.227295e+01,3.241494e-01,-6.230189e+01,9.097223e-01,-1.491570e+02
1000.00000,6.525423e-01,-1.568348e+02,2.999066e-01,-6.407560e+01,2.998903e-01,-6.410193e+01,9.196118e-01,-1.516565e+02
1096.47820,6.587356e-01,-1.584156e+02,2.769353e-01,-6.572247e+01,2.769203e-01,-6.574642e+01,9.281804e-01,-1.539829e+02
1202.26443,6.641817e-01,-1.598624e+02,2.553103e-01,-6.721473e+01,2.552965e-01,-6.723651e+01,9.355594e-01,-1.561417e+02
1318.25674,6.689819e-01,-1.611777e+02,2.350558e-01,-6.855486e+01,2.350432e-01,-6.857465e+01,9.418803e-01,-1.581399e+02
1445.43977,6.732373e-01,-1.623646e+02,2.161686e-01,-6.974633e+01,2.161570e-01,-6.976430e+01,9.472704e-01,-1.599851e+02
1584.89319,6.770468e-01,-1.634272e+02,1.986240e-01,-7.079327e+01,1.986134e-01,-7.080958e+01,9.518488e-01,-1.616858e+02
1737.80083,6.805059e-01,-1.643700e+02,1.823810e-01,-7.170029e+01,1.823713e-01,-7.171507e+01,9.557250e-01,-1.632507e+02
1905.46072,6.837067e-01,-1.651976e+02,1.673870e-01,-7.247226e+01,1.673781e-01,-7.248564e+01,9.589976e-01,-1.646886e+02
2089.29613,6.867380e-01,-1.659151e+02,1.535812e-01,-7.311426e+01,1.535732e-01,-7.312635e+01,9.617540e-01,-1.660082e+02
2290.86765,6.896862e-01,-1.665275e+02,1.408983e-01,-7.363149e+01,1.408910e-01,-7.364240e+01,9.640712e-01,-1.672180e+02
2511.88643,6.926364e-01,-1.670398e+02,1.292703e-01,-7.402931e+01,1.292637e-01,-7.403913e+01,9.660161e-01,-1.683262e+02
2754.22870,6.956732e-01,-1.674574e+02,1.186285e-01,-7.431331e+01,1.186226e-01,-7.432214e+01,9.676463e-01,-1.693405e+02
3019.95172,6.988819e-01,-1.677856e+02,1.089053e-01,-7.448945e+01,1.088999e-01,-7.449735e+01,9.690114e-01,-1.702684e+02
3311.31121,7.023496e-01,-1.680301e+02,1.000345e-01,-7.456417e+01,1.000296e-01,-7.457123e+01,9.701537e-01,-1.711167e+02
3630.78055,7.061650e-01,-1.681969e+02,9.195209e-02,-7.454469e+01,9.194770e-02,-7.455097e+01,9.711091e-01,-1.718920e+02
3981.07171,7.104192e-01,-1.682927e+02,8.459687e-02,-7.443915e+01,8.459294e-02,-7.444471e+01,9.719081e-01,-1.726002e+02
4365.15832,7.152047e-01,-1.683249e+02,7.791027e-02,-7.425690e+01,7.790676e-02,-7.426180e+01,9.725763e-01,-1.732470e+02
4786.30092,7.206138e-01,-1.683020e+02,7.183644e-02,-7.400867e+01,7.183332e-02,-7.401296e+01,9.731355e-01,-1.738376e+02
5248.07460,7.267361e-01,-1.682335e+02,6.632220e-02,-7.370670e+01,6.631943e-02,-7.371043e+01,9.736038e-01,-1.743766e+02
5754.39937,7.336551e-01,-1.681302e+02,6.131682e-02,-7.336479e+01,6.131439e-02,-7.336801e+01,9.739967e-01,-1.748686e+02
6309.57344,7.414425e-01,-1.680041e+02,5.677197e-02,-7.299815e+01,5.676983e-02,-7.300091e+01,9.743269e-01,-1.753176e+02
6918.30971,7.501530e-01,-1.678683e+02,5.264155e-02,-7.262304e+01,5.263969e-02,-7.262538e+01,9.746052e-01,-1.757272e+02
7585.77575,7.598168e-01,-1.677368e+02,4.888172e-02,-7.225627e+01,4.888010e-02,-7.225824e+01,9.748405e-01,-1.761009e+02
8317.63771,7.704330e-01,-1.676239e+02,4.545096e-02,-7.191440e+01,4.544957e-02,-7.191603e+01,9.750403e-01,-1.764419e+02
9120.10839,7.819632e-01,-1.675436e+02,4.231032e-02,-7.161277e+01,4.230914e-02,-7.161412e+01,9.752109e-01,-1.767529e+02
10000.00000,7.943275e-01,-1.675089e+02,3.942369e-02,-7.136456e+01,3.942269e-02,-7.136565e+01,9.753573e-01,-1.770367e+02
