! ! 
! S ! 
! ! 
! # MHz  S  MA  R  50.00000
! ! ===================================================================
1.00000,9.868618e-01,-1.745385e+00,1.963794e-02,9.202004e+01,2.061276e-02,7.035961e+01,9.441229e-01,-1.160657e+00
1.09648,9.868060e-01,-1.913705e+00,2.152399e-02,9.155018e+01,2.241665e-02,7.170416e+01,9.440781e-01,-1.272574e+00
1.20226,9.867390e-01,-2.098243e+00,2.359217e-02,9.109326e+01,2.440900e-02,7.292282e+01,9.440243e-01,-1.395268e+00
1.31826,9.866585e-01,-2.300554e+00,2.585988e-02,9.064547e+01,2.660682e-02,7.401942e+01,9.439596e-01,-1.529774e+00
1.44544,9.865617e-01,-2.522345e+00,2.834611e-02,9.020306e+01,2.902877e-02,7.499813e+01,9.438818e-01,-1.677223e+00
1.58489,9.864454e-01,-2.765482e+00,3.107166e-02,8.976234e+01,3.169524e-02,7.586322e+01,9.437884e-01,-1.838852e+00
1.73780,9.863056e-01,-3.032008e+00,3.405925e-02,8.931960e+01,3.462861e-02,7.661892e+01,9.436761e-01,-2.016016e+00
1.90546,9.861377e-01,-3.324159e+00,3.733368e-02,8.887113e+01,3.785331e-02,7.726922e+01,9.435412e-01,-2.210195e+00
2.08930,9.859359e-01,-3.644378e+00,4.092205e-02,8.841318e+01,4.139610e-02,7.781780e+01,9.433791e-01,-2.423005e+00
2.29087,9.856934e-01,-3.995336e+00,4.485385e-02,8.794192e+01,4.528614e-02,7.826790e+01,9.431843e-01,-2.656212e+00
2.51189,9.854023e-01,-4.379949e+00,4.916122e-02,8.745342e+01,4.955527e-02,7.862229e+01,9.429505e-01,-2.911740e+00
2.75423,9.850527e-01,-4.801399e+00,5.387907e-02,8.694361e+01,5.423811e-02,7.888320e+01,9.426696e-01,-3.191687e+00
3.01995,9.846329e-01,-5.263155e+00,5.904529e-02,8.640829e+01,5.937228e-02,7.905229e+01,9.423325e-01,-3.498335e+00
3.31131,9.841291e-01,-5.768994e+00,6.470090e-02,8.584305e+01,6.499855e-02,7.913063e+01,9.419279e-01,-3.834163e+00
3.63078,9.835246e-01,-6.323021e+00,7.089018e-02,8.524327e+01,7.116097e-02,7.911869e+01,9.414426e-01,-4.201859e+00
3.98107,9.827997e-01,-6.929694e+00,7.766078e-02,8.460412e+01,7.790697e-02,7.901632e+01,9.408605e-01,-4.604329e+00
4.36516,9.819307e-01,-7.593836e+00,8.506376e-02,8.392049e+01,8.528741e-02,7.882274e+01,9.401629e-01,-5.044710e+00
4.78630,9.808897e-01,-8.320663e+00,9.315358e-02,8.318698e+01,9.335656e-02,7.853656e+01,9.393274e-01,-5.526372e+00
5.24807,9.796433e-01,-9.115786e+00,1.019879e-01,8.239792e+01,1.021720e-01,7.815576e+01,9.383273e-01,-6.052922e+00
5.75440,9.781525e-01,-9.985229e+00,1.116275e-01,8.154732e+01,1.117942e-01,7.767772e+01,9.371314e-01,-6.628202e+00
6.30957,9.763711e-01,-1.093542e+01,1.221355e-01,8.062889e+01,1.222862e-01,7.709924e+01,9.357027e-01,-7.256275e+00
6.91831,9.742449e-01,-1.197319e+01,1.335769e-01,7.963603e+01,1.337129e-01,7.641655e+01,9.339983e-01,-7.941405e+00
7.58578,9.717110e-01,-1.310574e+01,1.460175e-01,7.856191e+01,1.461399e-01,7.562540e+01,9.319679e-01,-8.688024e+00
8.31764,9.686961e-01,-1.434059e+01,1.595224e-01,7.739943e+01,1.596323e-01,7.472107e+01,9.295535e-01,-9.500675e+00
9.12011,9.651165e-01,-1.568553e+01,1.741542e-01,7.614137e+01,1.742525e-01,7.369849e+01,9.266887e-01,-1.038395e+01
10.00000,9.608763e-01,-1.714849e+01,1.899705e-01,7.478042e+01,1.900582e-01,7.255236e+01,9.232980e-01,-1.134237e+01
10.96478,9.558680e-01,-1.873746e+01,2.070210e-01,7.330939e+01,2.070987e-01,7.127727e+01,9.192970e-01,-1.238028e+01
12.02264,9.499720e-01,-2.046022e+01,2.253434e-01,7.172131e+01,2.254119e-01,6.986792e+01,9.145922e-01,-1.350169e+01
13.18257,9.430582e-01,-2.232422e+01,2.449592e-01,7.000972e+01,2.450190e-01,6.831935e+01,9.090829e-01,-1.471005e+01
14.45440,9.349877e-01,-2.433620e+01,2.658684e-01,6.816888e+01,2.659202e-01,6.662720e+01,9.026625e-01,-1.600803e+01
15.84893,9.256166e-01,-2.650196e+01,2.880442e-01,6.619414e+01,2.880884e-01,6.478808e+01,8.952223e-01,-1.739726e+01
17.37801,9.148015e-01,-2.882591e+01,3.114270e-01,6.408227e+01,3.114642e-01,6.279990e+01,8.866560e-01,-1.887805e+01
19.05461,9.024069e-01,-3.131070e+01,3.359192e-01,6.183185e+01,3.359498e-01,6.066230e+01,8.768666e-01,-2.044911e+01
20.89296,8.883142e-01,-3.395683e+01,3.613810e-01,5.944365e+01,3.614053e-01,5.837699e+01,8.657740e-01,-2.210731e+01
22.90868,8.724334e-01,-3.676225e+01,3.876274e-01,5.692094e+01,3.876458e-01,5.594813e+01,8.533249e-01,-2.384748e+01
25.11886,8.547149e-01,-3.972206e+01,4.144290e-01,5.426982e+01,4.144419e-01,5.338259e+01,8.395026e-01,-2.566241e+01
27.54229,8.351621e-01,-4.282829e+01,4.415154e-01,5.149925e+01,4.415231e-01,5.069009e+01,8.243380e-01,-2.754292e+01
30.19952,8.138422e-01,-4.606991e+01,4.685825e-01,4.862108e+01,4.685854e-01,4.788312e+01,8.079172e-01,-2.947826e+01
33.11311,7.908942e-01,-4.943300e+01,4.953045e-01,4.564975e+01,4.953029e-01,4.497672e+01,7.903880e-01,-3.145669e+01
36.30781,7.665314e-01,-5.290103e+01,5.213480e-01,4.260178e+01,5.213422e-01,4.198797e+01,7.719609e-01,-3.346632e+01
39.81072,7.410392e-01,-5.645551e+01,5.463883e-01,3.949510e+01,5.463787e-01,3.893529e+01,7.529053e-01,-3.549616e+01
43.65158,7.147654e-01,-6.007661e+01,5.701261e-01,3.634816e+01,5.701130e-01,3.583761e+01,7.335400e-01,-3.753734e+01
47.86301,6.881061e-01,-6.374387e+01,5.923012e-01,3.317905e+01,5.922849e-01,3.271342e+01,7.142192e-01,-3.958424e+01
52.48075,6.614863e-01,-6.743701e+01,6.127027e-01,3.000450e+01,6.126836e-01,2.957984e+01,6.953153e-01,-4.163557e+01
57.54399,6.353394e-01,-7.113643e+01,6.311747e-01,2.683913e+01,6.311529e-01,2.645185e+01,6.772000e-01,-4.369511e+01
63.09573,6.100872e-01,-7.482377e+01,6.476156e-01,2.369481e+01,6.475916e-01,2.334161e+01,6.602278e-01,-4.577202e+01
69.18310,5.861226e-01,-7.848217e+01,6.619739e-01,2.058022e+01,6.619480e-01,2.025809e+01,6.447213e-01,-4.788070e+01
75.85776,5.637956e-01,-8.209645e+01,6.742393e-01,1.750067e+01,6.742117e-01,1.720690e+01,6.309617e-01,-5.004014e+01
83.17638,5.434052e-01,-8.565324e+01,6.844322e-01,1.445821e+01,6.844031e-01,1.419029e+01,6.191839e-01,-5.227273e+01
91.20108,5.251948e-01,-8.914103e+01,6.925920e-01,1.145181e+01,6.925617e-01,1.120747e+01,6.095753e-01,-5.460283e+01
100.00000,5.093519e-01,-9.255032e+01,6.987664e-01,8.477777e+00,6.987351e-01,8.254938e+00,6.022792e-01,-5.705500e+01
109.64782,4.960107e-01,-9.587385e+01,7.030015e-01,5.530225e+00,7.029694e-01,5.327000e+00,5.973989e-01,-5.965230e+01
120.22644,4.852555e-01,-9.910690e+01,7.053343e-01,2.601651e+00,7.053016e-01,2.416314e+00,5.950030e-01,-6.241456e+01
131.82567,4.771256e-01,-1.022476e+02,7.057871e-01,-3.164856e-01,7.057540e-01,-4.855073e-01,5.951297e-01,-6.535708e+01
144.54398,4.716194e-01,-1.052972e+02,7.043645e-01,-3.233150e+00,7.043311e-01,-3.387291e+00,5.977892e-01,-6.848947e+01
158.48932,4.686972e-01,-1.082602e+02,7.010528e-01,-6.157109e+00,7.010193e-01,-6.297679e+00,6.029638e-01,-7.181510e+01
173.78008,4.682835e-01,-1.111439e+02,6.958221e-01,-9.096320e+00,6.957886e-01,-9.224511e+00,6.106057e-01,-7.533084e+01
190.54607,4.702675e-01,-1.139582e+02,6.886303e-01,-1.205732e+01,6.885970e-01,-1.217422e+01,6.206322e-01,-7.902720e+01
208.92961,4.745031e-01,-1.167147e+02,6.794299e-01,-1.504465e+01,6.793968e-01,-1.515126e+01,6.329207e-01,-8.288889e+01
229.08677,4.808082e-01,-1.194251e+02,6.681768e-01,-1.806035e+01,6.681441e-01,-1.815756e+01,6.473029e-01,-8.689550e+01
251.18864,4.889656e-01,-1.221007e+02,6.548407e-01,-2.110346e+01,6.548086e-01,-2.119210e+01,6.635610e-01,-9.102241e+01
275.42287,4.987243e-01,-1.247504e+02,6.394166e-01,-2.416977e+01,6.393852e-01,-2.425059e+01,6.814267e-01,-9.524176e+01
301.99517,5.098038e-01,-1.273804e+02,6.219360e-01,-2.725163e+01,6.219054e-01,-2.732533e+01,7.005847e-01,-9.952337e+01
331.13112,5.219015e-01,-1.299928e+02,6.024764e-01,-3.033803e+01,6.024467e-01,-3.040522e+01,7.206805e-01,-1.038358e+02
363.07805,5.347019e-01,-1.325860e+02,5.811682e-01,-3.341487e+01,5.811395e-01,-3.347613e+01,7.413340e-01,-1.081470e+02
398.10717,5.478893e-01,-1.351541e+02,5.581973e-01,-3.646552e+01,5.581697e-01,-3.652137e+01,7.621560e-01,-1.124254e+02
436.51583,5.611607e-01,-1.376880e+02,5.338018e-01,-3.947152e+01,5.337754e-01,-3.952243e+01,7.827675e-01,-1.166409e+02
478.63009,5.742392e-01,-1.401760e+02,5.082649e-01,-4.241347e+01,5.082397e-01,-4.245988e+01,8.028187e-01,-1.207651e+02
524.80746,5.868849e-01,-1.426047e+02,4.819014e-01,-4.527199e+01,4.818776e-01,-4.531428e+01,8.220055e-01,-1.247726e+02
575.43994,5.989032e-01,-1.449603e+02,4.550433e-01,-4.802855e+01,4.550208e-01,-4.806709e+01,8.400816e-01,-1.286411e+02
630.95734,6.101489e-01,-1.472294e+02,4.280223e-01,-5.066633e+01,4.280011e-01,-5.070144e+01,8.568655e-01,-1.323522e+02
691.83097,6.205263e-01,-1.493998e+02,4.011550e-01,-5.317074e+01,4.011351e-01,-5.320273e+01,8.722414e-01,-1.358915e+02
758.57758,6.299865e-01,-1.514613e+02,3.747293e-01,-5.552985e+01,3.747108e-01,-5.555897e+01,8.861549e-01,-1.392485e+02
831.76377,6.385209e-01,-1.534054e+02,3.489955e-01,-5.773447e+01,3.489783e-01,-5.776099e+01,8.986052e-01,-1.424168e+02
912.01084,6.461545e-01,-1.552263e+02,3.241604e-01,-5.977818e+01,3.241444e-01,-5.980231e+01,9.096351e-01,-1.453933e+02
1000.00000,6.529380e-01,-1.569203e+02,3.003857e-01,-6.165706e+01,3.003709e-01,-6.167901e+01,9.193199e-01,-1.481783e+02
1096.47820,6.589403e-01,-1.584855e+02,2.777894e-01,-6.336942e+01,2.777758e-01,-6.338938e+01,9.277572e-01,-1.507746e+02
1202.26443,6.642421e-01,-1.599219e+02,2.564495e-01,-6.491546e+01,2.564370e-01,-6.493361e+01,9.350574e-01,-1.531873e+02
1318.25674,6.689310e-01,-1.612310e+02,2.364086e-01,-6.629689e+01,2.363971e-01,-6.631336e+01,9.413363e-01,-1.554231e+02
1445.43977,6.730972e-01,-1.624151e+02,2.176797e-01,-6.751655e+01,2.176691e-01,-6.753150e+01,9.467091e-01,-1.574899e+02
1584.89319,6.768310e-01,-1.634777e+02,2.002518e-01,-6.857820e+01,2.002422e-01,-6.859174e+01,9.512865e-01,-1.593966e+02
1737.80083,6.802215e-01,-1.644227e+02,1.840956e-01,-6.948618e+01,1.840868e-01,-6.949844e+01,9.551716e-01,-1.611523e+02
1905.46072,6.833553e-01,-1.652543e+02,1.691676e-01,-7.024533e+01,1.691595e-01,-7.025641e+01,9.584588e-01,-1.627665e+02
2089.29613,6.863172e-01,-1.659772e+02,1.554146e-01,-7.086083e+01,1.554073e-01,-7.087084e+01,9.612328e-01,-1.642487e+02
2290.86765,6.891899e-01,-1.665960e+02,1.427770e-01,-7.133821e+01,1.427704e-01,-7.134722e+01,9.635685e-01,-1.656082e+02
2511.88643,6.920554e-01,-1.671156e+02,1.311914e-01,-7.168337e+01,1.311854e-01,-7.169147e+01,9.655318e-01,-1.668539e+02
2754.22870,6.949956e-01,-1.675408e+02,1.205926e-01,-7.190270e+01,1.205871e-01,-7.190995e+01,9.671797e-01,-1.679944e+02
3019.95172,6.980933e-01,-1.678770e+02,1.109152e-01,-7.200324e+01,1.109103e-01,-7.200972e+01,9.685614e-01,-1.690380e+02
3311.31121,7.014328e-01,-1.681293e+02,1.020947e-01,-7.199290e+01,1.020903e-01,-7.199867e+01,9.697191e-01,-1.699923e+02
3630.78055,7.051011e-01,-1.683035e+02,9.406805e-02,-7.188074e+01,9.406409e-02,-7.188584e+01,9.706888e-01,-1.708646e+02
3981.07171,7.091872e-01,-1.684061e+02,8.677430e-02,-7.167718e+01,8.677075e-02,-7.168168e+01,9.715011e-01,-1.716615e+02
4365.15832,7.137822e-01,-1.684440e+02,8.015456e-02,-7.139430e+01,8.015140e-02,-7.139825e+01,9.721819e-01,-1.723893e+02
4786.30092,7.189780e-01,-1.684253e+02,7.415220e-02,-7.104602e+01,7.414939e-02,-7.104945e+01,9.727532e-01,-1.730539e+02
5248.07460,7.248646e-01,-1.683590e+02,6.871270e-02,-7.064813e+01,6.871022e-02,-7.065110e+01,9.732332e-01,-1.736605e+02
5754.39937,7.315271e-01,-1.682555e+02,6.378363e-02,-7.021830e+01,6.378146e-02,-7.022085e+01,9.736377e-01,-1.742142e+02
6309.57344,7.390410e-01,-1.681263e+02,5.931452e-02,-6.977572e+01,5.931261e-02,-6.977788e+01,9.739797e-01,-1.747194e+02
6918.30971,7.474661e-01,-1.679843e+02,5.525684e-02,-6.934057e+01,5.525518e-02,-6.934239e+01,9.742701e-01,-1.751803e+02
7585.77575,7.568404e-01,-1.678430e+02,5.156411e-02,-6.893330e+01,5.156268e-02,-6.893482e+01,9.745181e-01,-1.756008e+02
8317.63771,7.671725e-01,-1.677167e+02,4.819210e-02,-6.857356e+01,4.819088e-02,-6.857481e+01,9.747314e-01,-1.759845e+02
9120.10839,7.784355e-01,-1.676195e+02,4.509920e-02,-6.827911e+01,4.509816e-02,-6.828013e+01,9.749161e-01,-1.763344e+02
10000.00000,7.905620e-01,-1.675648e+02,4.224684e-02,-6.806462e+01,4.224596e-02,-6.806543e+01,9.750774e-01,-1.766537e+02
