! ! 
! S ! 
! ! 
! # MHz  S  MA  R  50.00000
! ! ===================================================================
1.00000,9.873168e-01,-1.750337e+00,1.972557e-02,9.201538e+01,2.071069e-02,7.030334e+01,9.440711e-01,-1.165574e+00
1.09648,9.872606e-01,-1.919134e+00,2.162002e-02,9.154491e+01,2.252214e-02,7.165105e+01,9.440260e-01,-1.277965e+00
1.20226,9.871930e-01,-2.104194e+00,2.369741e-02,9.108733e+01,2.452291e-02,7.287267e+01,9.439717e-01,-1.401178e+00
1.31826,9.871118e-01,-2.307078e+00,2.597521e-02,9.063883e+01,2.673010e-02,7.397199e+01,9.439064e-01,-1.536253e+00
1.44544,9.870141e-01,-2.529497e+00,2.847250e-02,9.019566e+01,2.916244e-02,7.495316e+01,9.438280e-01,-1.684325e+00
1.58489,9.868968e-01,-2.773322e+00,3.121017e-02,8.975411e+01,3.184041e-02,7.582046e+01,9.437337e-01,-1.846637e+00
1.73780,9.867558e-01,-3.040602e+00,3.421103e-02,8.931048e+01,3.478647e-02,7.657809e+01,9.436204e-01,-2.024549e+00
1.90546,9.865864e-01,-3.333578e+00,3.750001e-02,8.886104e+01,3.802519e-02,7.723005e+01,9.434843e-01,-2.219548e+00
2.08930,9.863829e-01,-3.654700e+00,4.110428e-02,8.840204e+01,4.158340e-02,7.778001e+01,9.433208e-01,-2.433255e+00
2.29087,9.861384e-01,-4.006646e+00,4.505350e-02,8.792963e+01,4.549042e-02,7.823122e+01,9.431244e-01,-2.667444e+00
2.51189,9.858448e-01,-4.392341e+00,4.937991e-02,8.743988e+01,4.977818e-02,7.858643e+01,9.428885e-01,-2.924047e+00
2.75423,9.854921e-01,-4.814974e+00,5.411858e-02,8.692872e+01,5.448147e-02,7.884789e+01,9.426053e-01,-3.205170e+00
3.01995,9.850688e-01,-5.278024e+00,5.930755e-02,8.639192e+01,5.963805e-02,7.901725e+01,9.422653e-01,-3.513104e+00
3.31131,9.845607e-01,-5.785276e+00,6.498799e-02,8.582506e+01,6.528884e-02,7.909559e+01,9.418572e-01,-3.850336e+00
3.63078,9.839511e-01,-6.340847e+00,7.120436e-02,8.522353e+01,7.147806e-02,7.908337e+01,9.413677e-01,-4.219566e+00
3.98107,9.832200e-01,-6.949202e+00,7.800447e-02,8.458247e+01,7.825330e-02,7.898044e+01,9.407806e-01,-4.623710e+00
4.36516,9.823436e-01,-7.615179e+00,8.543956e-02,8.389675e+01,8.566562e-02,7.878602e+01,9.400771e-01,-5.065915e+00
4.78630,9.812938e-01,-8.344001e+00,9.356427e-02,8.316098e+01,9.376944e-02,7.849870e+01,9.392344e-01,-5.549563e+00
5.24807,9.800369e-01,-9.141294e+00,1.024365e-01,8.236946e+01,1.026225e-01,7.811648e+01,9.382258e-01,-6.078273e+00
5.75440,9.785336e-01,-1.001309e+01,1.121170e-01,8.151619e+01,1.122854e-01,7.763671e+01,9.370198e-01,-6.655897e+00
6.30957,9.767373e-01,-1.096583e+01,1.226692e-01,8.059487e+01,1.228214e-01,7.705620e+01,9.355791e-01,-7.286508e+00
6.91831,9.745935e-01,-1.200634e+01,1.341581e-01,7.959889e+01,1.342955e-01,7.637118e+01,9.338604e-01,-7.974380e+00
7.58578,9.720387e-01,-1.314185e+01,1.466496e-01,7.852140e+01,1.467733e-01,7.557739e+01,9.318132e-01,-8.723952e+00
8.31764,9.689993e-01,-1.437987e+01,1.602088e-01,7.735531e+01,1.603199e-01,7.467010e+01,9.293790e-01,-9.539774e+00
9.12011,9.653908e-01,-1.572819e+01,1.748982e-01,7.609337e+01,1.749976e-01,7.364426e+01,9.264909e-01,-1.042643e+01
10.00000,9.611168e-01,-1.719475e+01,1.907752e-01,7.472831e+01,1.908637e-01,7.249455e+01,9.230731e-01,-1.138846e+01
10.96478,9.560692e-01,-1.878749e+01,2.078890e-01,7.325291e+01,2.079675e-01,7.121560e+01,9.190404e-01,-1.243019e+01
12.02264,9.501279e-01,-2.051421e+01,2.262769e-01,7.166024e+01,2.263461e-01,6.980211e+01,9.142993e-01,-1.355559e+01
13.18257,9.431620e-01,-2.238230e+01,2.459596e-01,6.994386e+01,2.460201e-01,6.824917e+01,9.087482e-01,-1.476810e+01
14.45440,9.350323e-01,-2.439848e+01,2.669363e-01,6.809807e+01,2.669886e-01,6.655245e+01,9.022805e-01,-1.607036e+01
15.84893,9.255945e-01,-2.656846e+01,2.891787e-01,6.611827e+01,2.892235e-01,6.470862e+01,8.947872e-01,-1.746394e+01
17.37801,9.147053e-01,-2.889659e+01,3.126260e-01,6.400131e+01,3.126636e-01,6.271567e+01,8.861621e-01,-1.894909e+01
19.05461,9.022293e-01,-3.138543e+01,3.371788e-01,6.174585e+01,3.372097e-01,6.057331e+01,8.763085e-01,-2.052443e+01
20.89296,8.880487e-01,-3.403537e+01,3.626953e-01,5.935275e+01,3.627199e-01,5.828336e+01,8.651470e-01,-2.218675e+01
22.90868,8.720747e-01,-3.684423e+01,3.889887e-01,5.682541e+01,3.890074e-01,5.585011e+01,8.526252e-01,-2.393079e+01
25.11886,8.542595e-01,-3.980697e+01,4.158278e-01,5.417003e+01,4.158410e-01,5.328054e+01,8.387283e-01,-2.574921e+01
27.54229,8.346086e-01,-4.291552e+01,4.429404e-01,5.139572e+01,4.429483e-01,5.058449e+01,8.234888e-01,-2.763276e+01
30.19952,8.131920e-01,-4.615870e+01,4.700212e-01,4.851444e+01,4.700242e-01,4.777458e+01,8.069955e-01,-2.957060e+01
33.11311,7.901515e-01,-4.952247e+01,4.967435e-01,4.554072e+01,4.967420e-01,4.486596e+01,7.893983e-01,-3.155090e+01
36.30781,7.657036e-01,-5.299022e+01,5.227738e-01,4.249117e+01,5.227681e-01,4.187579e+01,7.709105e-01,-3.356176e+01
39.81072,7.401363e-01,-5.654340e+01,5.477881e-01,3.938377e+01,5.477785e-01,3.882253e+01,7.518035e-01,-3.559219e+01
43.65158,7.138000e-01,-6.016215e+01,5.714882e-01,3.623698e+01,5.714751e-01,3.572512e+01,7.323982e-01,-3.763337e+01
47.86301,6.870925e-01,-6.382605e+01,5.936157e-01,3.306884e+01,5.935994e-01,3.260202e+01,7.130500e-01,-3.967977e+01
52.48075,6.604397e-01,-6.751485e+01,6.139619e-01,2.989605e+01,6.139428e-01,2.947031e+01,6.941319e-01,-4.173022e+01
57.54399,6.342753e-01,-7.120906e+01,6.323732e-01,2.673313e+01,6.323514e-01,2.634485e+01,6.760157e-01,-4.378864e+01
63.09573,6.090206e-01,-7.489043e+01,6.487502e-01,2.359183e+01,6.487262e-01,2.323772e+01,6.590550e-01,-4.586435e+01
69.18310,5.850671e-01,-7.854222e+01,6.630436e-01,2.048069e+01,6.630176e-01,2.015774e+01,6.435714e-01,-4.797193e+01
75.85776,5.627635e-01,-8.214942e+01,6.752446e-01,1.740492e+01,6.752169e-01,1.711039e+01,6.298445e-01,-5.013047e+01
83.17638,5.424068e-01,-8.569880e+01,6.853750e-01,1.436643e+01,6.853459e-01,1.409782e+01,6.181076e-01,-5.236248e+01
91.20108,5.242386e-01,-8.917901e+01,6.934751e-01,1.136408e+01,6.934448e-01,1.111911e+01,6.085467e-01,-5.469237e+01
100.00000,5.084446e-01,-9.258072e+01,6.995931e-01,8.394073e+00,6.995618e-01,8.170664e+00,6.013035e-01,-5.714473e+01
109.64782,4.951572e-01,-9.589681e+01,7.037753e-01,5.450447e+00,7.037432e-01,5.246702e+00,5.964802e-01,-5.974257e+01
120.22644,4.844593e-01,-9.912273e+01,7.060585e-01,2.525634e+00,7.060258e-01,2.339823e+00,5.941444e-01,-6.250567e+01
131.82567,4.763891e-01,-1.022568e+02,7.064647e-01,-3.889568e-01,7.064316e-01,-5.584111e-01,5.943333e-01,-6.544920e+01
144.54398,4.709438e-01,-1.053003e+02,7.049982e-01,-3.302320e+00,7.049647e-01,-3.456856e+00,5.970565e-01,-6.858269e+01
158.48932,4.680829e-01,-1.082578e+02,7.016447e-01,-6.223240e+00,7.016111e-01,-6.364170e+00,6.022957e-01,-7.190934e+01
173.78008,4.677300e-01,-1.111370e+02,6.963737e-01,-9.159677e+00,6.963401e-01,-9.288197e+00,6.100025e-01,-7.542591e+01
190.54607,4.697737e-01,-1.139476e+02,6.891427e-01,-1.211816e+01,6.891093e-01,-1.223536e+01,6.200937e-01,-7.912279e+01
208.92961,4.740671e-01,-1.167011e+02,6.799038e-01,-1.510322e+01,6.798707e-01,-1.521010e+01,6.324459e-01,-8.298460e+01
229.08677,4.804278e-01,-1.194096e+02,6.686126e-01,-1.811686e+01,6.685799e-01,-1.821431e+01,6.468902e-01,-8.699085e+01
251.18864,4.886378e-01,-1.220839e+02,6.552387e-01,-2.115809e+01,6.552066e-01,-2.124696e+01,6.632079e-01,-9.111689e+01
275.42287,4.984456e-01,-1.247332e+02,6.397771e-01,-2.422268e+01,6.397456e-01,-2.430372e+01,6.811299e-01,-9.533485e+01
301.99517,5.095703e-01,-1.273633e+02,6.222592e-01,-2.730294e+01,6.222285e-01,-2.737683e+01,7.003402e-01,-9.961458e+01
331.13112,5.217087e-01,-1.299763e+02,6.027630e-01,-3.038781e+01,6.027332e-01,-3.045518e+01,7.204837e-01,-1.039246e+02
363.07805,5.345453e-01,-1.325704e+02,5.814193e-01,-3.346318e+01,5.813905e-01,-3.352460e+01,7.411797e-01,-1.082330e+02
398.10717,5.477641e-01,-1.351398e+02,5.584142e-01,-3.651238e+01,5.583865e-01,-3.656837e+01,7.620388e-01,-1.125083e+02
436.51583,5.610623e-01,-1.376750e+02,5.339865e-01,-3.951693e+01,5.339601e-01,-3.956797e+01,7.826819e-01,-1.167204e+02
478.63009,5.741631e-01,-1.401644e+02,5.084196e-01,-4.245744e+01,5.083944e-01,-4.250396e+01,8.027591e-01,-1.208409e+02
524.80746,5.868270e-01,-1.425944e+02,4.820289e-01,-4.531449e+01,4.820050e-01,-4.535689e+01,8.219669e-01,-1.248445e+02
575.43994,5.988597e-01,-1.449514e+02,4.551463e-01,-4.806960e+01,4.551238e-01,-4.810824e+01,8.400594e-01,-1.287090e+02
630.95734,6.101166e-01,-1.472216e+02,4.281039e-01,-5.070593e+01,4.280827e-01,-5.074113e+01,8.568558e-01,-1.324161e+02
691.83097,6.205025e-01,-1.493931e+02,4.012180e-01,-5.320893e+01,4.011981e-01,-5.324100e+01,8.722407e-01,-1.359514e+02
758.57758,6.299689e-01,-1.514554e+02,3.747766e-01,-5.556668e+01,3.747581e-01,-5.559588e+01,8.861605e-01,-1.393045e+02
831.76377,6.385079e-01,-1.534004e+02,3.490297e-01,-5.777002e+01,3.490124e-01,-5.779661e+01,8.986150e-01,-1.424689e+02
912.01084,6.461447e-01,-1.552219e+02,3.241837e-01,-5.981254e+01,3.241677e-01,-5.983673e+01,9.096475e-01,-1.454417e+02
1000.00000,6.529304e-01,-1.569164e+02,3.004001e-01,-6.169034e+01,3.003854e-01,-6.171236e+01,9.193336e-01,-1.482231e+02
1096.47820,6.589342e-01,-1.584821e+02,2.777968e-01,-6.340177e+01,2.777832e-01,-6.342179e+01,9.277714e-01,-1.508161e+02
1202.26443,6.642370e-01,-1.599188e+02,2.564512e-01,-6.494703e+01,2.564386e-01,-6.496522e+01,9.350716e-01,-1.532256e+02
1318.25674,6.689265e-01,-1.612281e+02,2.364057e-01,-6.632783e+01,2.363942e-01,-6.634434e+01,9.413500e-01,-1.554583e+02
1445.43977,6.730932e-01,-1.624125e+02,2.176731e-01,-6.754704e+01,2.176626e-01,-6.756203e+01,9.467222e-01,-1.575223e+02
1584.89319,6.768274e-01,-1.634752e+02,2.002424e-01,-6.860841e+01,2.002327e-01,-6.862199e+01,9.512988e-01,-1.594264e+02
1737.80083,6.802183e-01,-1.644203e+02,1.840838e-01,-6.951630e+01,1.840749e-01,-6.952859e+01,9.551832e-01,-1.611796e+02
1905.46072,6.833526e-01,-1.652520e+02,1.691538e-01,-7.027554e+01,1.691457e-01,-7.028665e+01,9.584696e-01,-1.627915e+02
2089.29613,6.863151e-01,-1.659749e+02,1.553991e-01,-7.089131e+01,1.553918e-01,-7.090134e+01,9.612429e-01,-1.642716e+02
2290.86765,6.891885e-01,-1.665937e+02,1.427601e-01,-7.136913e+01,1.427534e-01,-7.137817e+01,9.635780e-01,-1.656292e+02
2511.88643,6.920550e-01,-1.671133e+02,1.311731e-01,-7.171491e+01,1.311671e-01,-7.172302e+01,9.655407e-01,-1.668731e+02
2754.22870,6.949964e-01,-1.675385e+02,1.205730e-01,-7.193500e+01,1.205676e-01,-7.194228e+01,9.671880e-01,-1.680120e+02
3019.95172,6.980954e-01,-1.678746e+02,1.108944e-01,-7.203645e+01,1.108895e-01,-7.204295e+01,9.685692e-01,-1.690541e+02
3311.31121,7.014367e-01,-1.681268e+02,1.020726e-01,-7.202715e+01,1.020682e-01,-7.203293e+01,9.697265e-01,-1.700070e+02
3630.78055,7.051070e-01,-1.683010e+02,9.404476e-02,-7.191611e+01,9.404079e-02,-7.192123e+01,9.706959e-01,-1.708780e+02
3981.07171,7.091954e-01,-1.684035e+02,8.674973e-02,-7.171374e+01,8.674618e-02,-7.171825e+01,9.715079e-01,-1.716737e+02
4365.15832,7.137932e-01,-1.684414e+02,8.012869e-02,-7.143208e+01,8.012552e-02,-7.143603e+01,9.721884e-01,-1.724005e+02
4786.30092,7.189921e-01,-1.684227e+02,7.412500e-02,-7.108499e+01,7.412219e-02,-7.108843e+01,9.727593e-01,-1.730641e+02
5248.07460,7.248822e-01,-1.683564e+02,6.868417e-02,-7.068824e+01,6.868169e-02,-7.069122e+01,9.732392e-01,-1.736699e+02
5754.39937,7.315485e-01,-1.682529e+02,6.375379e-02,-7.025944e+01,6.375161e-02,-7.026200e+01,9.736434e-01,-1.742227e+02
6309.57344,7.390664e-01,-1.681238e+02,5.928340e-02,-6.981772e+01,5.928149e-02,-6.981989e+01,9.739852e-01,-1.747272e+02
6918.30971,7.474959e-01,-1.679818e+02,5.522451e-02,-6.938324e+01,5.522285e-02,-6.938506e+01,9.742754e-01,-1.751875e+02
7585.77575,7.568745e-01,-1.678407e+02,5.153067e-02,-6.897638e+01,5.152924e-02,-6.897790e+01,9.745232e-01,-1.756074e+02
8317.63771,7.672110e-01,-1.677146e+02,4.815770e-02,-6.861676e+01,4.815647e-02,-6.861801e+01,9.747362e-01,-1.759904e+02
9120.10839,7.784783e-01,-1.676177e+02,4.506399e-02,-6.832212e+01,4.506294e-02,-6.832314e+01,9.749206e-01,-1.763399e+02
10000.00000,7.906086e-01,-1.675633e+02,4.221101e-02,-6.810711e+01,4.221013e-02,-6.810793e+01,9.750818e-01,-1.766587e+02
