! ! 
! S ! 
! ! 
! # MHz  S  MA  R  50.00000
! ! ===================================================================
1.00000,9.814903e-01,-2.295171e+00,2.880025e-02,9.150153e+01,3.096499e-02,6.596553e+01,9.382939e-01,-1.707800e+00
1.09648,9.813771e-01,-2.516413e+00,3.156385e-02,9.096851e+01,3.354998e-02,6.751837e+01,9.381976e-01,-1.872387e+00
1.20226,9.812411e-01,-2.758939e+00,3.459375e-02,9.044352e+01,3.641415e-02,6.893133e+01,9.380817e-01,-2.052797e+00
1.31826,9.810777e-01,-3.024783e+00,3.791515e-02,8.992219e+01,3.958215e-02,7.020558e+01,9.379425e-01,-2.250537e+00
1.44544,9.808813e-01,-3.316169e+00,4.155557e-02,8.940020e+01,4.308090e-02,7.134324e+01,9.377753e-01,-2.467257e+00
1.58489,9.806454e-01,-3.635527e+00,4.554500e-02,8.887317e+01,4.693973e-02,7.234708e+01,9.375744e-01,-2.704756e+00
1.73780,9.803621e-01,-3.985514e+00,4.991612e-02,8.833672e+01,5.119063e-02,7.322019e+01,9.373331e-01,-2.964998e+00
1.90546,9.800218e-01,-4.369024e+00,5.470448e-02,8.778639e+01,5.586848e-02,7.396578e+01,9.370433e-01,-3.250124e+00
2.08930,9.796132e-01,-4.789217e+00,5.994867e-02,8.721762e+01,6.101118e-02,7.458691e+01,9.366954e-01,-3.562462e+00
2.29087,9.791227e-01,-5.249530e+00,6.569051e-02,8.662573e+01,6.665989e-02,7.508637e+01,9.362778e-01,-3.904546e+00
2.51189,9.785342e-01,-5.753703e+00,7.197519e-02,8.600586e+01,7.285917e-02,7.546656e+01,9.357767e-01,-4.279122e+00
2.75423,9.778282e-01,-6.305793e+00,7.885143e-02,8.535298e+01,7.965713e-02,7.572937e+01,9.351757e-01,-4.689166e+00
3.01995,9.769817e-01,-6.910195e+00,8.637149e-02,8.466185e+01,8.710545e-02,7.587613e+01,9.344552e-01,-5.137886e+00
3.31131,9.759674e-01,-7.571659e+00,9.459122e-02,8.392697e+01,9.525946e-02,7.590753e+01,9.335919e-01,-5.628740e+00
3.63078,9.747527e-01,-8.295300e+00,1.035700e-01,8.314260e+01,1.041780e-01,7.582365e+01,9.325582e-01,-6.165431e+00
3.98107,9.732992e-01,-9.086606e+00,1.133703e-01,8.230275e+01,1.139231e-01,7.562387e+01,9.313214e-01,-6.751909e+00
4.36516,9.715615e-01,-9.951441e+00,1.240577e-01,8.140113e+01,1.245599e-01,7.530694e+01,9.298433e-01,-7.392362e+00
4.78630,9.694865e-01,-1.089603e+01,1.356997e-01,8.043118e+01,1.361556e-01,7.487095e+01,9.280785e-01,-8.091197e+00
5.24807,9.670120e-01,-1.192694e+01,1.483652e-01,7.938612e+01,1.487786e-01,7.431342e+01,9.259747e-01,-8.853006e+00
5.75440,9.640656e-01,-1.305105e+01,1.621231e-01,7.825894e+01,1.624974e-01,7.363127e+01,9.234705e-01,-9.682522e+00
6.30957,9.605641e-01,-1.427545e+01,1.770403e-01,7.704249e+01,1.773787e-01,7.282101e+01,9.204958e-01,-1.058454e+01
6.91831,9.564121e-01,-1.560742e+01,1.931795e-01,7.572953e+01,1.934849e-01,7.187875e+01,9.169704e-01,-1.156384e+01
7.58578,9.515017e-01,-1.705422e+01,2.105964e-01,7.431292e+01,2.108715e-01,7.080040e+01,9.128036e-01,-1.262502e+01
8.31764,9.457125e-01,-1.862299e+01,2.293358e-01,7.278573e+01,2.295828e-01,6.958183e+01,9.078947e-01,-1.377240e+01
9.12011,9.389120e-01,-2.032051e+01,2.494271e-01,7.114145e+01,2.496483e-01,6.821913e+01,9.021334e-01,-1.500973e+01
10.00000,9.309575e-01,-2.215298e+01,2.708796e-01,6.937427e+01,2.710769e-01,6.670883e+01,8.954017e-01,-1.634004e+01
10.96478,9.216989e-01,-2.412563e+01,2.936764e-01,6.747936e+01,2.938516e-01,6.504826e+01,8.875766e-01,-1.776528e+01
12.02264,9.109841e-01,-2.624247e+01,3.177688e-01,6.545323e+01,3.179236e-01,6.323591e+01,8.785347e-01,-1.928606e+01
13.18257,8.986649e-01,-2.850584e+01,3.430705e-01,6.329413e+01,3.432063e-01,6.127179e+01,8.681582e-01,-2.090130e+01
14.45440,8.846064e-01,-3.091601e+01,3.694524e-01,6.100237e+01,3.695706e-01,5.915790e+01,8.563430e-01,-2.260790e+01
15.84893,8.686975e-01,-3.347087e+01,3.967395e-01,5.858074e+01,3.968415e-01,5.689850e+01,8.430083e-01,-2.440050e+01
17.37801,8.508631e-01,-3.616555e+01,4.247103e-01,5.603479e+01,4.247972e-01,5.450052e+01,8.281072e-01,-2.627130e+01
19.05461,8.310768e-01,-3.899225e+01,4.530991e-01,5.337299e+01,4.531720e-01,5.197368e+01,8.116383e-01,-2.821002e+01
20.89296,8.093729e-01,-4.194019e+01,4.816025e-01,5.060675e+01,4.816625e-01,4.933055e+01,7.936555e-01,-3.020409e+01
22.90868,7.858555e-01,-4.499577e+01,5.098907e-01,4.775027e+01,5.099388e-01,4.658633e+01,7.742762e-01,-3.223908e+01
25.11886,7.607039e-01,-4.814288e+01,5.376212e-01,4.482005e+01,5.376585e-01,4.375851e+01,7.536848e-01,-3.429939e+01
27.54229,7.341718e-01,-5.136356e+01,5.644561e-01,4.183432e+01,5.644834e-01,4.086618e+01,7.321318e-01,-3.636917e+01
30.19952,7.065811e-01,-5.463862e+01,5.900791e-01,3.881220e+01,5.900974e-01,3.792924e+01,7.099263e-01,-3.843349e+01
33.11311,6.783083e-01,-5.794856e+01,6.142120e-01,3.577279e+01,6.142221e-01,3.496751e+01,6.874236e-01,-4.047960e+01
36.30781,6.497678e-01,-6.127433e+01,6.366264e-01,3.273420e+01,6.366293e-01,3.199977e+01,6.650087e-01,-4.249820e+01
39.81072,6.213914e-01,-6.459813e+01,6.571524e-01,2.971273e+01,6.571488e-01,2.904292e+01,6.430769e-01,-4.448451e+01
43.65158,5.936076e-01,-6.790394e+01,6.756795e-01,2.672210e+01,6.756702e-01,2.611123e+01,6.220154e-01,-4.643917e+01
47.86301,5.668237e-01,-7.117793e+01,6.921543e-01,2.377298e+01,6.921400e-01,2.321586e+01,6.021862e-01,-4.836869e+01
52.48075,5.414107e-01,-7.440865e+01,7.065727e-01,2.087268e+01,7.065540e-01,2.036459e+01,5.839132e-01,-5.028545e+01
57.54399,5.176935e-01,-7.758697e+01,7.189694e-01,1.802513e+01,7.189469e-01,1.756174e+01,5.674748e-01,-5.220722e+01
63.09573,4.959453e-01,-8.070601e+01,7.294064e-01,1.523095e+01,7.293807e-01,1.480834e+01,5.530998e-01,-5.415625e+01
69.18310,4.763866e-01,-8.376088e+01,7.379611e-01,1.248781e+01,7.379327e-01,1.210238e+01,5.409693e-01,-5.615791e+01
75.85776,4.591872e-01,-8.674857e+01,7.447156e-01,9.790738e+00,7.446849e-01,9.439230e+00,5.312203e-01,-5.823909e+01
83.17638,4.444701e-01,-8.966783e+01,7.497472e-01,7.132628e+00,7.497145e-01,6.812053e+00,5.239520e-01,-6.042642e+01
91.20108,4.323171e-01,-9.251913e+01,7.531208e-01,4.504665e+00,7.530865e-01,4.212302e+00,5.192331e-01,-6.274457e+01
100.00000,4.227736e-01,-9.530481e+01,7.548839e-01,1.896826e+00,7.548483e-01,1.630194e+00,5.171076e-01,-6.521462e+01
109.64782,4.158537e-01,-9.802914e+01,7.550624e-01,-7.016438e-01,7.550258e-01,-9.448094e-01,5.175994e-01,-6.785286e+01
120.22644,4.115434e-01,-1.006984e+02,7.536591e-01,-3.301767e+00,7.536218e-01,-3.523530e+00,5.207152e-01,-7.066988e+01
131.82567,4.098030e-01,-1.033211e+02,7.506533e-01,-5.914357e+00,7.506155e-01,-6.116600e+00,5.264440e-01,-7.367019e+01
144.54398,4.105676e-01,-1.059072e+02,7.460024e-01,-8.549554e+00,7.459642e-01,-8.733993e+00,5.347543e-01,-7.685219e+01
158.48932,4.137463e-01,-1.084682e+02,7.396451e-01,-1.121634e+01,7.396068e-01,-1.138454e+01,5.455894e-01,-8.020857e+01
173.78008,4.192208e-01,-1.110162e+02,7.315065e-01,-1.392208e+01,7.314682e-01,-1.407547e+01,5.588602e-01,-8.372699e+01
190.54607,4.268428e-01,-1.135630e+02,7.215054e-01,-1.667200e+01,7.214673e-01,-1.681188e+01,5.744385e-01,-8.739082e+01
208.92961,4.364315e-01,-1.161190e+02,7.095627e-01,-1.946879e+01,7.095250e-01,-1.959635e+01,5.921499e-01,-9.118009e+01
229.08677,4.477727e-01,-1.186924e+02,6.956123e-01,-2.231215e+01,6.955752e-01,-2.242848e+01,6.117694e-01,-9.507222e+01
251.18864,4.606188e-01,-1.212883e+02,6.796130e-01,-2.519853e+01,6.795765e-01,-2.530461e+01,6.330193e-01,-9.904280e+01
275.42287,4.746921e-01,-1.239077e+02,6.615597e-01,-2.812092e+01,6.615241e-01,-2.821765e+01,6.555722e-01,-1.030661e+02
301.99517,4.896901e-01,-1.265477e+02,6.414946e-01,-3.106886e+01,6.414600e-01,-3.115706e+01,6.790586e-01,-1.071156e+02
331.13112,5.052952e-01,-1.292011e+02,6.195156e-01,-3.402870e+01,6.194820e-01,-3.410912e+01,7.030793e-01,-1.111643e+02
363.07805,5.211860e-01,-1.318570e+02,5.957799e-01,-3.698401e+01,5.957476e-01,-3.705734e+01,7.272226e-01,-1.151856e+02
398.10717,5.370508e-01,-1.345012e+02,5.705038e-01,-3.991630e+01,5.704728e-01,-3.998315e+01,7.510838e-01,-1.191533e+02
436.51583,5.526014e-01,-1.371175e+02,5.439558e-01,-4.280581e+01,5.439262e-01,-4.286675e+01,7.742852e-01,-1.230425e+02
478.63009,5.675854e-01,-1.396884e+02,5.164454e-01,-4.563247e+01,5.164173e-01,-4.568802e+01,7.964943e-01,-1.268300e+02
524.80746,5.817955e-01,-1.421963e+02,4.883077e-01,-4.837683e+01,4.882811e-01,-4.842746e+01,8.174381e-01,-1.304952e+02
575.43994,5.950755e-01,-1.446242e+02,4.598857e-01,-5.102086e+01,4.598606e-01,-5.106701e+01,8.369117e-01,-1.340203e+02
630.95734,6.073211e-01,-1.469572e+02,4.315140e-01,-5.354869e+01,4.314905e-01,-5.359074e+01,8.547811e-01,-1.373907e+02
691.83097,6.184786e-01,-1.491823e+02,4.035030e-01,-5.594699e+01,4.034810e-01,-5.598531e+01,8.709796e-01,-1.405956e+02
758.57758,6.285382e-01,-1.512891e+02,3.761277e-01,-5.820526e+01,3.761073e-01,-5.824016e+01,8.855007e-01,-1.436274e+02
831.76377,6.375276e-01,-1.532698e+02,3.496204e-01,-6.031583e+01,3.496014e-01,-6.034761e+01,8.983879e-01,-1.464820e+02
912.01084,6.455032e-01,-1.551193e+02,3.241668e-01,-6.227371e+01,3.241492e-01,-6.230265e+01,9.097223e-01,-1.491582e+02
1000.00000,6.525422e-01,-1.568348e+02,2.999062e-01,-6.407634e+01,2.998900e-01,-6.410267e+01,9.196119e-01,-1.516575e+02
1096.47820,6.587356e-01,-1.584156e+02,2.769348e-01,-6.572318e+01,2.769199e-01,-6.574714e+01,9.281806e-01,-1.539839e+02
1202.26443,6.641817e-01,-1.598624e+02,2.553098e-01,-6.721543e+01,2.552960e-01,-6.723721e+01,9.355595e-01,-1.561426e+02
1318.25674,6.689819e-01,-1.611777e+02,2.350553e-01,-6.855555e+01,2.350426e-01,-6.857534e+01,9.418805e-01,-1.581407e+02
1445.43977,6.732374e-01,-1.623646e+02,2.161680e-01,-6.974701e+01,2.161564e-01,-6.976498e+01,9.472705e-01,-1.599859e+02
1584.89319,6.770469e-01,-1.634272e+02,1.986234e-01,-7.079395e+01,1.986128e-01,-7.081025e+01,9.518490e-01,-1.616865e+02
1737.80083,6.805060e-01,-1.643700e+02,1.823804e-01,-7.170096e+01,1.823707e-01,-7.171574e+01,9.557252e-01,-1.632514e+02
1905.46072,6.837068e-01,-1.651976e+02,1.673863e-01,-7.247294e+01,1.673775e-01,-7.248632e+01,9.589977e-01,-1.646892e+02
2089.29613,6.867381e-01,-1.659151e+02,1.535806e-01,-7.311495e+01,1.535726e-01,-7.312704e+01,9.617542e-01,-1.660088e+02
2290.86765,6.896864e-01,-1.665274e+02,1.408977e-01,-7.363219e+01,1.408904e-01,-7.364310e+01,9.640714e-01,-1.672185e+02
2511.88643,6.926366e-01,-1.670398e+02,1.292696e-01,-7.403002e+01,1.292630e-01,-7.403985e+01,9.660162e-01,-1.683266e+02
2754.22870,6.956734e-01,-1.674574e+02,1.186279e-01,-7.431405e+01,1.186219e-01,-7.432288e+01,9.676464e-01,-1.693409e+02
3019.95172,6.988822e-01,-1.677856e+02,1.089047e-01,-7.449021e+01,1.088993e-01,-7.449811e+01,9.690115e-01,-1.702687e+02
3311.31121,7.023499e-01,-1.680301e+02,1.000338e-01,-7.456496e+01,1.000289e-01,-7.457202e+01,9.701538e-01,-1.711170e+02
3630.78055,7.061653e-01,-1.681968e+02,9.195142e-02,-7.454551e+01,9.194703e-02,-7.455179e+01,9.711092e-01,-1.718923e+02
3981.07171,7.104196e-01,-1.682926e+02,8.459619e-02,-7.444000e+01,8.459226e-02,-7.444556e+01,9.719082e-01,-1.726005e+02
4365.15832,7.152052e-01,-1.683249e+02,7.790957e-02,-7.425778e+01,7.790606e-02,-7.426268e+01,9.725764e-01,-1.732473e+02
4786.30092,7.206143e-01,-1.683020e+02,7.183573e-02,-7.400958e+01,7.183260e-02,-7.401387e+01,9.731356e-01,-1.738378e+02
5248.07460,7.267367e-01,-1.682335e+02,6.632146e-02,-7.370765e+01,6.631869e-02,-7.371138e+01,9.736039e-01,-1.743768e+02
5754.39937,7.336558e-01,-1.681301e+02,6.131607e-02,-7.336577e+01,6.131363e-02,-7.336899e+01,9.739968e-01,-1.748688e+02
6309.57344,7.414433e-01,-1.680040e+02,5.677120e-02,-7.299915e+01,5.676906e-02,-7.300191e+01,9.743270e-01,-1.753178e+02
6918.30971,7.501539e-01,-1.678682e+02,5.264076e-02,-7.262407e+01,5.263889e-02,-7.262641e+01,9.746052e-01,-1.757274e+02
7585.77575,7.598178e-01,-1.677367e+02,4.888090e-02,-7.225731e+01,4.887929e-02,-7.225928e+01,9.748406e-01,-1.761011e+02
8317.63771,7.704340e-01,-1.676238e+02,4.545013e-02,-7.191545e+01,4.544874e-02,-7.191708e+01,9.750404e-01,-1.764420e+02
9120.10839,7.819643e-01,-1.675436e+02,4.230948e-02,-7.161383e+01,4.230829e-02,-7.161517e+01,9.752110e-01,-1.767531e+02
10000.00000,7.943287e-01,-1.675089e+02,3.942284e-02,-7.136560e+01,3.942183e-02,-7.136669e+01,9.753574e-01,-1.770368e+02
