! ! 
! S ! 
! ! 
! # MHz  S  MA  R  50.00000
! ! ===================================================================
1.00000,9.814804e-01,-2.296153e+00,2.878085e-02,9.150161e+01,3.094510e-02,6.596101e+01,9.358933e-01,-1.708909e+00
1.09648,9.813672e-01,-2.517489e+00,3.154259e-02,9.096857e+01,3.352827e-02,6.751414e+01,9.357971e-01,-1.873603e+00
1.20226,9.812312e-01,-2.760119e+00,3.457044e-02,9.044357e+01,3.639044e-02,6.892739e+01,9.356816e-01,-2.054130e+00
1.31826,9.810677e-01,-3.026076e+00,3.788961e-02,8.992224e+01,3.955624e-02,7.020192e+01,9.355427e-01,-2.251999e+00
1.44544,9.808714e-01,-3.317587e+00,4.152757e-02,8.940023e+01,4.305257e-02,7.133985e+01,9.353759e-01,-2.468860e+00
1.58489,9.806354e-01,-3.637082e+00,4.551431e-02,8.887320e+01,4.690874e-02,7.234394e+01,9.351755e-01,-2.706513e+00
1.73780,9.803520e-01,-3.987218e+00,4.988248e-02,8.833674e+01,5.115672e-02,7.321730e+01,9.349348e-01,-2.966925e+00
1.90546,9.800117e-01,-4.370893e+00,5.466761e-02,8.778640e+01,5.583136e-02,7.396311e+01,9.346457e-01,-3.252236e+00
2.08930,9.796030e-01,-4.791266e+00,5.990826e-02,8.721763e+01,6.097055e-02,7.458445e+01,9.342987e-01,-3.564778e+00
2.29087,9.791125e-01,-5.251776e+00,6.564623e-02,8.662573e+01,6.661541e-02,7.508411e+01,9.338821e-01,-3.907085e+00
2.51189,9.785239e-01,-5.756165e+00,7.192667e-02,8.600585e+01,7.281047e-02,7.546448e+01,9.333823e-01,-4.281905e+00
2.75423,9.778178e-01,-6.308492e+00,7.879826e-02,8.535296e+01,7.960379e-02,7.572746e+01,9.327827e-01,-4.692216e+00
3.01995,9.769712e-01,-6.913154e+00,8.631324e-02,8.466182e+01,8.704705e-02,7.587437e+01,9.320640e-01,-5.141230e+00
3.31131,9.759568e-01,-7.574902e+00,9.452742e-02,8.392693e+01,9.519552e-02,7.590591e+01,9.312028e-01,-5.632405e+00
3.63078,9.747419e-01,-8.298854e+00,1.035001e-01,8.314256e+01,1.041080e-01,7.582215e+01,9.301716e-01,-6.169448e+00
3.98107,9.732883e-01,-9.090501e+00,1.132938e-01,8.230270e+01,1.138465e-01,7.562249e+01,9.289379e-01,-6.756310e+00
4.36516,9.715504e-01,-9.955708e+00,1.239739e-01,8.140107e+01,1.244761e-01,7.530567e+01,9.274634e-01,-7.397185e+00
4.78630,9.694751e-01,-1.090070e+01,1.356081e-01,8.043112e+01,1.360639e-01,7.486978e+01,9.257030e-01,-8.096480e+00
5.24807,9.670003e-01,-1.193206e+01,1.482650e-01,7.938605e+01,1.486783e-01,7.431234e+01,9.236043e-01,-8.858794e+00
5.75440,9.640536e-01,-1.305666e+01,1.620135e-01,7.825887e+01,1.623878e-01,7.363028e+01,9.211064e-01,-9.688861e+00
6.30957,9.605517e-01,-1.428160e+01,1.769206e-01,7.704241e+01,1.772589e-01,7.282009e+01,9.181391e-01,-1.059148e+01
6.91831,9.563992e-01,-1.561414e+01,1.930488e-01,7.572945e+01,1.933541e-01,7.187790e+01,9.146223e-01,-1.157144e+01
7.58578,9.514883e-01,-1.706157e+01,2.104538e-01,7.431284e+01,2.107287e-01,7.079961e+01,9.104658e-01,-1.263334e+01
8.31764,9.456984e-01,-1.863103e+01,2.291802e-01,7.278565e+01,2.294272e-01,6.958111e+01,9.055691e-01,-1.378149e+01
9.12011,9.388971e-01,-2.032931e+01,2.492577e-01,7.114138e+01,2.494789e-01,6.821848e+01,8.998221e-01,-1.501967e+01
10.00000,9.309417e-01,-2.216260e+01,2.706954e-01,6.937420e+01,2.708927e-01,6.670824e+01,8.931072e-01,-1.635090e+01
10.96478,9.216822e-01,-2.413614e+01,2.934764e-01,6.747931e+01,2.936516e-01,6.504773e+01,8.853016e-01,-1.777715e+01
12.02264,9.109663e-01,-2.625395e+01,3.175520e-01,6.545322e+01,3.177068e-01,6.323545e+01,8.762823e-01,-1.929902e+01
13.18257,8.986460e-01,-2.851835e+01,3.428360e-01,6.329415e+01,3.429718e-01,6.127141e+01,8.659319e-01,-2.091543e+01
14.45440,8.845862e-01,-3.092966e+01,3.691992e-01,6.100244e+01,3.693174e-01,5.915760e+01,8.541464e-01,-2.262330e+01
15.84893,8.686759e-01,-3.348573e+01,3.964670e-01,5.858088e+01,3.965689e-01,5.689830e+01,8.408453e-01,-2.441727e+01
17.37801,8.508400e-01,-3.618172e+01,4.244177e-01,5.603501e+01,4.245046e-01,5.450044e+01,8.259820e-01,-2.628954e+01
19.05461,8.310522e-01,-3.900982e+01,4.527860e-01,5.337332e+01,4.528589e-01,5.197373e+01,8.095551e-01,-2.822983e+01
20.89296,8.093468e-01,-4.195927e+01,4.812688e-01,5.060722e+01,4.813288e-01,4.933076e+01,7.916185e-01,-3.022559e+01
22.90868,7.858279e-01,-4.501645e+01,5.095362e-01,4.775090e+01,5.095844e-01,4.658673e+01,7.722893e-01,-3.226238e+01
25.11886,7.606749e-01,-4.816528e+01,5.372463e-01,4.482087e+01,5.372835e-01,4.375913e+01,7.517516e-01,-3.432459e+01
27.54229,7.341415e-01,-5.138777e+01,5.640612e-01,4.183537e+01,5.640885e-01,4.086704e+01,7.302554e-01,-3.639638e+01
30.19952,7.065495e-01,-5.466476e+01,5.896651e-01,3.881352e+01,5.896834e-01,3.793038e+01,7.081091e-01,-3.846282e+01
33.11311,6.782756e-01,-5.797672e+01,6.137798e-01,3.577441e+01,6.137900e-01,3.496898e+01,6.856674e-01,-4.051116e+01
36.30781,6.497341e-01,-6.130461e+01,6.361775e-01,3.273617e+01,6.361804e-01,3.200160e+01,6.633143e-01,-4.253207e+01
39.81072,6.213567e-01,-6.463060e+01,6.566881e-01,2.971509e+01,6.566845e-01,2.904515e+01,6.414445e-01,-4.452078e+01
43.65158,5.935720e-01,-6.793867e+01,6.752014e-01,2.672489e+01,6.751921e-01,2.611390e+01,6.204443e-01,-4.647790e+01
47.86301,5.667871e-01,-7.121496e+01,6.916643e-01,2.377624e+01,6.916499e-01,2.321901e+01,6.006749e-01,-4.840993e+01
52.48075,5.413729e-01,-7.444798e+01,7.060724e-01,2.087646e+01,7.060537e-01,2.036826e+01,5.824601e-01,-5.032921e+01
57.54399,5.176543e-01,-7.762858e+01,7.184607e-01,1.802946e+01,7.184383e-01,1.756598e+01,5.660775e-01,-5.225348e+01
63.09573,4.959044e-01,-8.074980e+01,7.288912e-01,1.523588e+01,7.288655e-01,1.481318e+01,5.517560e-01,-5.420494e+01
69.18310,4.763434e-01,-8.380671e+01,7.374414e-01,1.249338e+01,7.374130e-01,1.210788e+01,5.396764e-01,-5.620894e+01
75.85776,4.591412e-01,-8.679624e+01,7.441932e-01,9.796999e+00,7.441625e-01,9.445421e+00,5.299758e-01,-5.829230e+01
83.17638,4.444207e-01,-8.971705e+01,7.492240e-01,7.139620e+00,7.491913e-01,6.818981e+00,5.227539e-01,-6.048159e+01
91.20108,4.322635e-01,-9.256956e+01,7.525988e-01,4.512431e+00,7.525646e-01,4.220010e+00,5.180794e-01,-6.280142e+01
100.00000,4.227150e-01,-9.535604e+01,7.543651e-01,1.905411e+00,7.543296e-01,1.638725e+00,5.159966e-01,-6.527279e+01
109.64782,4.157893e-01,-9.808070e+01,7.545490e-01,-6.922017e-01,7.545124e-01,-9.354158e-01,5.165300e-01,-6.791195e+01
120.22644,4.114725e-01,-1.007498e+02,7.531531e-01,-3.291429e+00,7.531158e-01,-3.513237e+00,5.196865e-01,-7.072942e+01
131.82567,4.097248e-01,-1.033717e+02,7.501570e-01,-5.903093e+00,7.501192e-01,-6.105376e+00,5.254554e-01,-7.372966e+01
144.54398,4.104815e-01,-1.059566e+02,7.455182e-01,-8.537338e+00,7.454800e-01,-8.721814e+00,5.338057e-01,-7.691104e+01
158.48932,4.136520e-01,-1.085158e+02,7.391753e-01,-1.120316e+01,7.391370e-01,-1.137140e+01,5.446806e-01,-8.026624e+01
173.78008,4.191182e-01,-1.110616e+02,7.310537e-01,-1.390793e+01,7.310154e-01,-1.406135e+01,5.579915e-01,-8.378293e+01
190.54607,4.267319e-01,-1.136058e+02,7.210720e-01,-1.665690e+01,7.210339e-01,-1.679681e+01,5.736103e-01,-8.744452e+01
208.92961,4.363130e-01,-1.161588e+02,7.091511e-01,-1.945277e+01,7.091134e-01,-1.958036e+01,5.913628e-01,-9.123109e+01
229.08677,4.476473e-01,-1.187290e+02,6.952248e-01,-2.229527e+01,6.951877e-01,-2.241162e+01,6.110238e-01,-9.512016e+01
251.18864,4.604879e-01,-1.213215e+02,6.792515e-01,-2.518086e+01,6.792151e-01,-2.528696e+01,6.323160e-01,-9.908739e+01
275.42287,4.745571e-01,-1.239376e+02,6.612259e-01,-2.810257e+01,6.611903e-01,-2.819932e+01,6.549119e-01,-1.031071e+02
301.99517,4.895528e-01,-1.265742e+02,6.411897e-01,-3.104995e+01,6.411551e-01,-3.113817e+01,6.784418e-01,-1.071530e+02
331.13112,5.051575e-01,-1.292243e+02,6.192401e-01,-3.400937e+01,6.192066e-01,-3.408981e+01,7.025066e-01,-1.111982e+02
363.07805,5.210499e-01,-1.318771e+02,5.955339e-01,-3.696443e+01,5.955016e-01,-3.703777e+01,7.266942e-01,-1.152159e+02
398.10717,5.369183e-01,-1.345184e+02,5.702867e-01,-3.989664e+01,5.702557e-01,-3.996350e+01,7.505997e-01,-1.191803e+02
436.51583,5.524742e-01,-1.371321e+02,5.437664e-01,-4.278625e+01,5.437368e-01,-4.284720e+01,7.738447e-01,-1.230663e+02
478.63009,5.674651e-01,-1.397007e+02,5.162820e-01,-4.561318e+01,5.162539e-01,-4.566874e+01,7.960966e-01,-1.268510e+02
524.80746,5.816833e-01,-1.422064e+02,4.881681e-01,-4.835796e+01,4.881415e-01,-4.840861e+01,8.170817e-01,-1.305136e+02
575.43994,5.949720e-01,-1.446326e+02,4.597677e-01,-5.100258e+01,4.597427e-01,-5.104874e+01,8.365948e-01,-1.340363e+02
630.95734,6.072270e-01,-1.469641e+02,4.314151e-01,-5.353111e+01,4.313916e-01,-5.357317e+01,8.545013e-01,-1.374048e+02
691.83097,6.183939e-01,-1.491879e+02,4.034207e-01,-5.593021e+01,4.033987e-01,-5.596853e+01,8.707343e-01,-1.406078e+02
758.57758,6.284628e-01,-1.512936e+02,3.760597e-01,-5.818937e+01,3.760392e-01,-5.822427e+01,8.852871e-01,-1.436381e+02
831.76377,6.374610e-01,-1.532734e+02,3.495644e-01,-6.030088e+01,3.495454e-01,-6.033267e+01,8.982030e-01,-1.464913e+02
912.01084,6.454449e-01,-1.551222e+02,3.241208e-01,-6.225974e+01,3.241032e-01,-6.228868e+01,9.095631e-01,-1.491663e+02
1000.00000,6.524917e-01,-1.568372e+02,2.998685e-01,-6.406335e+01,2.998523e-01,-6.408969e+01,9.194755e-01,-1.516647e+02
1096.47820,6.586920e-01,-1.584174e+02,2.769039e-01,-6.571119e+01,2.768889e-01,-6.573515e+01,9.280643e-01,-1.539902e+02
1202.26443,6.641443e-01,-1.598639e+02,2.552844e-01,-6.720442e+01,2.552706e-01,-6.722620e+01,9.354608e-01,-1.561482e+02
1318.25674,6.689500e-01,-1.611789e+02,2.350343e-01,-6.854550e+01,2.350216e-01,-6.856529e+01,9.417969e-01,-1.581457e+02
1445.43977,6.732102e-01,-1.623656e+02,2.161506e-01,-6.973789e+01,2.161390e-01,-6.975587e+01,9.472000e-01,-1.599903e+02
1584.89319,6.770239e-01,-1.634280e+02,1.986088e-01,-7.078573e+01,1.985982e-01,-7.080204e+01,9.517896e-01,-1.616905e+02
1737.80083,6.804867e-01,-1.643706e+02,1.823681e-01,-7.169361e+01,1.823584e-01,-7.170839e+01,9.556754e-01,-1.632549e+02
1905.46072,6.836906e-01,-1.651981e+02,1.673759e-01,-7.246641e+01,1.673671e-01,-7.247979e+01,9.589560e-01,-1.646924e+02
2089.29613,6.867246e-01,-1.659154e+02,1.535716e-01,-7.310921e+01,1.535636e-01,-7.312130e+01,9.617193e-01,-1.660116e+02
2290.86765,6.896751e-01,-1.665277e+02,1.408898e-01,-7.362720e+01,1.408825e-01,-7.363811e+01,9.640423e-01,-1.672210e+02
2511.88643,6.926273e-01,-1.670400e+02,1.292627e-01,-7.402575e+01,1.292560e-01,-7.403558e+01,9.659920e-01,-1.683289e+02
2754.22870,6.956658e-01,-1.674576e+02,1.186216e-01,-7.431046e+01,1.186156e-01,-7.431929e+01,9.676263e-01,-1.693430e+02
3019.95172,6.988761e-01,-1.677857e+02,1.088990e-01,-7.448727e+01,1.088936e-01,-7.449518e+01,9.689948e-01,-1.702706e+02
3311.31121,7.023450e-01,-1.680301e+02,1.000285e-01,-7.456264e+01,1.000237e-01,-7.456970e+01,9.701400e-01,-1.711187e+02
3630.78055,7.061617e-01,-1.681969e+02,9.194648e-02,-7.454378e+01,9.194209e-02,-7.455006e+01,9.710978e-01,-1.718938e+02
3981.07171,7.104169e-01,-1.682926e+02,8.459150e-02,-7.443883e+01,8.458757e-02,-7.444439e+01,9.718988e-01,-1.726019e+02
4365.15832,7.152034e-01,-1.683248e+02,7.790508e-02,-7.425714e+01,7.790156e-02,-7.426204e+01,9.725687e-01,-1.732485e+02
4786.30092,7.206134e-01,-1.683019e+02,7.183137e-02,-7.400943e+01,7.182825e-02,-7.401372e+01,9.731293e-01,-1.738390e+02
5248.07460,7.267366e-01,-1.682334e+02,6.631720e-02,-7.370795e+01,6.631443e-02,-7.371169e+01,9.735988e-01,-1.743779e+02
5754.39937,7.336563e-01,-1.681301e+02,6.131187e-02,-7.336650e+01,6.130943e-02,-7.336972e+01,9.739926e-01,-1.748698e+02
6309.57344,7.414445e-01,-1.680039e+02,5.676704e-02,-7.300026e+01,5.676490e-02,-7.300303e+01,9.743236e-01,-1.753186e+02
6918.30971,7.501558e-01,-1.678682e+02,5.263662e-02,-7.262552e+01,5.263476e-02,-7.262786e+01,9.746026e-01,-1.757282e+02
7585.77575,7.598202e-01,-1.677367e+02,4.887679e-02,-7.225906e+01,4.887517e-02,-7.226103e+01,9.748384e-01,-1.761018e+02
8317.63771,7.704370e-01,-1.676238e+02,4.544602e-02,-7.191744e+01,4.544464e-02,-7.191908e+01,9.750388e-01,-1.764427e+02
9120.10839,7.819678e-01,-1.675435e+02,4.230539e-02,-7.161602e+01,4.230420e-02,-7.161736e+01,9.752097e-01,-1.767537e+02
10000.00000,7.943327e-01,-1.675089e+02,3.941876e-02,-7.136794e+01,3.941776e-02,-7.136903e+01,9.753564e-01,-1.770374e+02
