! ! 
! S ! 
! ! 
! # MHz  S  MA  R  50.00000
! ! ===================================================================
1.00000,9.814311e-01,-2.300672e+00,2.889176e-02,9.149618e+01,3.106890e-02,6.593415e+01,9.382348e-01,-1.713288e+00
1.09648,9.813172e-01,-2.522443e+00,3.166412e-02,9.096254e+01,3.366165e-02,6.748810e+01,9.381378e-01,-1.878403e+00
1.20226,9.811804e-01,-2.765549e+00,3.470361e-02,9.043688e+01,3.653448e-02,6.890210e+01,9.380212e-01,-2.059391e+00
1.31826,9.810160e-01,-3.032027e+00,3.803552e-02,8.991484e+01,3.971213e-02,7.017727e+01,9.378812e-01,-2.257765e+00
1.44544,9.808185e-01,-3.324108e+00,4.168743e-02,8.939206e+01,4.322157e-02,7.131572e+01,9.377129e-01,-2.475179e+00
1.58489,9.805812e-01,-3.644228e+00,4.568945e-02,8.886418e+01,4.709224e-02,7.232020e+01,9.375107e-01,-2.713437e+00
1.73780,9.802961e-01,-3.995048e+00,5.007434e-02,8.832680e+01,5.135623e-02,7.319380e+01,9.372679e-01,-2.974511e+00
1.90546,9.799538e-01,-4.379469e+00,5.487775e-02,8.777547e+01,5.604849e-02,7.393970e+01,9.369763e-01,-3.260545e+00
2.08930,9.795428e-01,-4.800659e+00,6.013839e-02,8.720561e+01,6.120706e-02,7.456097e+01,9.366262e-01,-3.573878e+00
2.29087,9.790494e-01,-5.262061e+00,6.589819e-02,8.661252e+01,6.687319e-02,7.506039e+01,9.362059e-01,-3.917049e+00
2.51189,9.784574e-01,-5.767423e+00,7.220247e-02,8.599135e+01,7.309157e-02,7.544035e+01,9.357017e-01,-4.292813e+00
2.75423,9.777472e-01,-6.320810e+00,7.910006e-02,8.533706e+01,7.991042e-02,7.570273e+01,9.350969e-01,-4.704152e+00
3.01995,9.768958e-01,-6.926628e+00,8.664335e-02,8.464438e+01,8.738157e-02,7.584885e+01,9.343718e-01,-5.154286e+00
3.31131,9.758755e-01,-7.589634e+00,9.488833e-02,8.390783e+01,9.556044e-02,7.587942e+01,9.335031e-01,-5.646679e+00
3.63078,9.746537e-01,-8.314951e+00,1.038945e-01,8.312164e+01,1.045060e-01,7.579448e+01,9.324629e-01,-6.185044e+00
3.98107,9.731917e-01,-9.108077e+00,1.137244e-01,8.227982e+01,1.142805e-01,7.559344e+01,9.312185e-01,-6.773341e+00
4.36516,9.714440e-01,-9.974883e+00,1.244438e-01,8.137605e+01,1.249490e-01,7.527501e+01,9.297312e-01,-7.415765e+00
4.78630,9.693571e-01,-1.092160e+01,1.361202e-01,8.040380e+01,1.365788e-01,7.483731e+01,9.279556e-01,-8.116731e+00
5.24807,9.668684e-01,-1.195481e+01,1.488227e-01,7.935624e+01,1.492384e-01,7.427783e+01,9.258389e-01,-8.880840e+00
5.75440,9.639054e-01,-1.308139e+01,1.626199e-01,7.822638e+01,1.629964e-01,7.359350e+01,9.233197e-01,-9.712827e+00
6.30957,9.603843e-01,-1.430844e+01,1.775789e-01,7.700705e+01,1.779192e-01,7.278082e+01,9.203272e-01,-1.061749e+01
6.91831,9.562094e-01,-1.564321e+01,1.937621e-01,7.569103e+01,1.940693e-01,7.183591e+01,9.167809e-01,-1.159961e+01
7.58578,9.512724e-01,-1.709298e+01,2.112250e-01,7.427117e+01,2.115016e-01,7.075469e+01,9.125899e-01,-1.266378e+01
8.31764,9.454523e-01,-1.866487e+01,2.300119e-01,7.274056e+01,2.302603e-01,6.953304e+01,9.076530e-01,-1.381430e+01
9.12011,9.386164e-01,-2.036566e+01,2.501519e-01,7.109269e+01,2.503743e-01,6.816708e+01,9.018595e-01,-1.505491e+01
10.00000,9.306216e-01,-2.220147e+01,2.716533e-01,6.932180e+01,2.718517e-01,6.665335e+01,8.950912e-01,-1.638861e+01
10.96478,9.213177e-01,-2.417754e+01,2.944985e-01,6.742308e+01,2.946748e-01,6.498924e+01,8.872249e-01,-1.781731e+01
12.02264,9.105524e-01,-2.629780e+01,3.186378e-01,6.539311e+01,3.187934e-01,6.317328e+01,8.781370e-01,-1.934158e+01
13.18257,8.981779e-01,-2.856452e+01,3.439832e-01,6.323018e+01,3.441198e-01,6.120556e+01,8.677101e-01,-2.096027e+01
14.45440,8.840596e-01,-3.097791e+01,3.704046e-01,6.093469e+01,3.705235e-01,5.908813e+01,8.558403e-01,-2.267021e+01
15.84893,8.680873e-01,-3.353576e+01,3.977254e-01,5.850950e+01,3.978279e-01,5.682536e+01,8.424478e-01,-2.446597e+01
17.37801,8.501872e-01,-3.623311e+01,4.257225e-01,5.596027e+01,4.258098e-01,5.442427e+01,8.274867e-01,-2.633966e+01
19.05461,8.303346e-01,-3.906206e+01,4.541288e-01,5.329555e+01,4.542021e-01,5.189466e+01,8.109570e-01,-2.828090e+01
20.89296,8.085657e-01,-4.201172e+01,4.826402e-01,5.052686e+01,4.827005e-01,4.924921e+01,7.929145e-01,-3.027707e+01
22.90868,7.849868e-01,-4.506840e+01,5.109258e-01,4.766846e+01,5.109742e-01,4.650321e+01,7.734785e-01,-3.231364e+01
25.11886,7.597795e-01,-4.821593e+01,5.386431e-01,4.473695e+01,5.386806e-01,4.367421e+01,7.528356e-01,-3.437498e+01
27.54229,7.331998e-01,-5.143628e+01,5.654545e-01,4.175059e+01,5.654820e-01,4.078135e+01,7.312379e-01,-3.644520e+01
30.19952,7.055712e-01,-5.471025e+01,5.910447e-01,3.872852e+01,5.910631e-01,3.784455e+01,7.089963e-01,-3.850941e+01
33.11311,6.772719e-01,-5.801833e+01,6.151367e-01,3.568982e+01,6.151470e-01,3.488363e+01,6.864675e-01,-4.055489e+01
36.30781,6.487169e-01,-6.134151e+01,6.375041e-01,3.265259e+01,6.375070e-01,3.191733e+01,6.640369e-01,-4.257240e+01
39.81072,6.203381e-01,-6.466205e+01,6.579786e-01,2.963304e+01,6.579750e-01,2.896247e+01,6.421003e-01,-4.455729e+01
43.65158,5.925638e-01,-6.796400e+01,6.764518e-01,2.664482e+01,6.764425e-01,2.603326e+01,6.210441e-01,-4.651031e+01
47.86301,5.658002e-01,-7.123364e+01,6.928721e-01,2.369850e+01,6.928578e-01,2.314076e+01,6.012295e-01,-4.843810e+01
52.48075,5.404170e-01,-7.445960e+01,7.072368e-01,2.080131e+01,7.072181e-01,2.029264e+01,5.829795e-01,-5.035315e+01
57.54399,5.167375e-01,-7.763287e+01,7.195818e-01,1.795706e+01,7.195593e-01,1.749315e+01,5.665708e-01,-5.227337e+01
63.09573,4.950333e-01,-8.074665e+01,7.299700e-01,1.516630e+01,7.299443e-01,1.474321e+01,5.522311e-01,-5.422109e+01
69.18310,4.755233e-01,-8.379618e+01,7.384795e-01,1.242660e+01,7.384510e-01,1.204074e+01,5.401400e-01,-5.622174e+01
75.85776,4.583758e-01,-8.677852e+01,7.451924e-01,9.732935e+00,7.451617e-01,9.381030e+00,5.304333e-01,-5.830225e+01
83.17638,4.437126e-01,-8.969253e+01,7.501861e-01,7.078133e+00,7.501534e-01,6.757197e+00,5.232095e-01,-6.048923e+01
91.20108,4.316144e-01,-9.253878e+01,7.535255e-01,4.453340e+00,7.534912e-01,4.160647e+00,5.185363e-01,-6.280731e+01
100.00000,4.221257e-01,-9.531966e+01,7.552576e-01,1.848499e+00,7.552220e-01,1.581566e+00,5.164572e-01,-6.527752e+01
109.64782,4.152600e-01,-9.803955e+01,7.554080e-01,-7.471668e-01,7.553714e-01,-9.906071e-01,5.169957e-01,-6.791605e+01
120.22644,4.110027e-01,-1.007048e+02,7.539791e-01,-3.344692e+00,7.539418e-01,-3.566705e+00,5.201582e-01,-7.073340e+01
131.82567,4.093136e-01,-1.033239e+02,7.509498e-01,-5.954895e+00,7.509119e-01,-6.157367e+00,5.259334e-01,-7.373399e+01
144.54398,4.101276e-01,-1.059070e+02,7.462770e-01,-8.587915e+00,7.462388e-01,-8.772563e+00,5.342897e-01,-7.691613e+01
158.48932,4.133537e-01,-1.084655e+02,7.398990e-01,-1.125273e+01,7.398607e-01,-1.142112e+01,5.451701e-01,-8.027243e+01
173.78008,4.188733e-01,-1.110116e+02,7.317407e-01,-1.395668e+01,7.317024e-01,-1.411025e+01,5.584853e-01,-8.379048e+01
190.54607,4.265378e-01,-1.135570e+02,7.217205e-01,-1.670500e+01,7.216824e-01,-1.684504e+01,5.741066e-01,-8.745364e+01
208.92961,4.361664e-01,-1.161122e+02,7.097591e-01,-1.950035e+01,7.097214e-01,-1.962805e+01,5.918596e-01,-9.124192e+01
229.08677,4.475446e-01,-1.186851e+02,6.957904e-01,-2.234241e+01,6.957532e-01,-2.245887e+01,6.115186e-01,-9.513276e+01
251.18864,4.604248e-01,-1.212809e+02,6.797729e-01,-2.522760e+01,6.797364e-01,-2.533380e+01,6.328057e-01,-9.910174e+01
275.42287,4.745291e-01,-1.239006e+02,6.617016e-01,-2.814890e+01,6.616660e-01,-2.824574e+01,6.553930e-01,-1.031232e+02
301.99517,4.895549e-01,-1.265410e+02,6.416190e-01,-3.109583e+01,6.415843e-01,-3.118413e+01,6.789108e-01,-1.071706e+02
331.13112,5.051847e-01,-1.291950e+02,6.196228e-01,-3.405471e+01,6.195892e-01,-3.413522e+01,7.029596e-01,-1.112171e+02
363.07805,5.210969e-01,-1.318516e+02,5.958707e-01,-3.700910e+01,5.958383e-01,-3.708251e+01,7.271277e-01,-1.152360e+02
398.10717,5.369801e-01,-1.344965e+02,5.705791e-01,-3.994050e+01,5.705480e-01,-4.000742e+01,7.510101e-01,-1.192012e+02
436.51583,5.525462e-01,-1.371136e+02,5.440167e-01,-4.282914e+01,5.439871e-01,-4.289015e+01,7.742294e-01,-1.230878e+02
478.63009,5.675430e-01,-1.396851e+02,5.164933e-01,-4.565494e+01,5.164651e-01,-4.571056e+01,7.964531e-01,-1.268728e+02
524.80746,5.817636e-01,-1.421936e+02,4.883439e-01,-4.839845e+01,4.883172e-01,-4.844915e+01,8.174088e-01,-1.305354e+02
575.43994,5.950518e-01,-1.446221e+02,4.599117e-01,-5.104166e+01,4.598867e-01,-5.108786e+01,8.368918e-01,-1.340579e+02
630.95734,6.073040e-01,-1.469556e+02,4.315313e-01,-5.356869e+01,4.315078e-01,-5.361079e+01,8.547683e-01,-1.374259e+02
691.83097,6.184665e-01,-1.491810e+02,4.035130e-01,-5.596622e+01,4.034910e-01,-5.600458e+01,8.709721e-01,-1.406284e+02
758.57758,6.285299e-01,-1.512881e+02,3.761319e-01,-5.822376e+01,3.761114e-01,-5.825870e+01,8.854972e-01,-1.436579e+02
831.76377,6.375222e-01,-1.532691e+02,3.496198e-01,-6.033366e+01,3.496008e-01,-6.036548e+01,8.983871e-01,-1.465102e+02
912.01084,6.454999e-01,-1.551188e+02,3.241624e-01,-6.229093e+01,3.241448e-01,-6.231990e+01,9.097234e-01,-1.491842e+02
1000.00000,6.525405e-01,-1.568344e+02,2.998990e-01,-6.409301e+01,2.998827e-01,-6.411938e+01,9.196142e-01,-1.516816e+02
1096.47820,6.587351e-01,-1.584153e+02,2.769254e-01,-6.573940e+01,2.769105e-01,-6.576338e+01,9.281837e-01,-1.540060e+02
1202.26443,6.641821e-01,-1.598622e+02,2.552989e-01,-6.723126e+01,2.552851e-01,-6.725307e+01,9.355630e-01,-1.561630e+02
1318.25674,6.689829e-01,-1.611775e+02,2.350432e-01,-6.857110e+01,2.350305e-01,-6.859091e+01,9.418842e-01,-1.581594e+02
1445.43977,6.732389e-01,-1.623644e+02,2.161552e-01,-6.976236e+01,2.161436e-01,-6.978035e+01,9.472743e-01,-1.600031e+02
1584.89319,6.770489e-01,-1.634270e+02,1.986100e-01,-7.080920e+01,1.985994e-01,-7.082552e+01,9.518527e-01,-1.617023e+02
1737.80083,6.805085e-01,-1.643697e+02,1.823667e-01,-7.171621e+01,1.823570e-01,-7.173101e+01,9.557288e-01,-1.632658e+02
1905.46072,6.837097e-01,-1.651973e+02,1.673724e-01,-7.248829e+01,1.673636e-01,-7.250168e+01,9.590012e-01,-1.647024e+02
2089.29613,6.867415e-01,-1.659147e+02,1.535665e-01,-7.313048e+01,1.535585e-01,-7.314259e+01,9.617575e-01,-1.660209e+02
2290.86765,6.896903e-01,-1.665270e+02,1.408835e-01,-7.364801e+01,1.408762e-01,-7.365893e+01,9.640745e-01,-1.672296e+02
2511.88643,6.926410e-01,-1.670394e+02,1.292553e-01,-7.404623e+01,1.292487e-01,-7.405606e+01,9.660192e-01,-1.683367e+02
2754.22870,6.956786e-01,-1.674569e+02,1.186134e-01,-7.433072e+01,1.186074e-01,-7.433956e+01,9.676493e-01,-1.693501e+02
3019.95172,6.988882e-01,-1.677850e+02,1.088900e-01,-7.450742e+01,1.088846e-01,-7.451534e+01,9.690143e-01,-1.702772e+02
3311.31121,7.023568e-01,-1.680294e+02,1.000189e-01,-7.458279e+01,1.000141e-01,-7.458986e+01,9.701565e-01,-1.711247e+02
3630.78055,7.061733e-01,-1.681961e+02,9.193627e-02,-7.456401e+01,9.193188e-02,-7.457030e+01,9.711118e-01,-1.718993e+02
3981.07171,7.104288e-01,-1.682919e+02,8.458072e-02,-7.445923e+01,8.457679e-02,-7.446479e+01,9.719106e-01,-1.726069e+02
4365.15832,7.152157e-01,-1.683241e+02,7.789374e-02,-7.427775e+01,7.789023e-02,-7.428266e+01,9.725788e-01,-1.732531e+02
4786.30092,7.206264e-01,-1.683011e+02,7.181949e-02,-7.403030e+01,7.181637e-02,-7.403460e+01,9.731379e-01,-1.738432e+02
5248.07460,7.267505e-01,-1.682326e+02,6.630479e-02,-7.372909e+01,6.630202e-02,-7.373283e+01,9.736062e-01,-1.743818e+02
5754.39937,7.336714e-01,-1.681293e+02,6.129894e-02,-7.338790e+01,6.129650e-02,-7.339112e+01,9.739989e-01,-1.748733e+02
6309.57344,7.414609e-01,-1.680032e+02,5.675360e-02,-7.302188e+01,5.675146e-02,-7.302465e+01,9.743290e-01,-1.753219e+02
6918.30971,7.501736e-01,-1.678675e+02,5.262271e-02,-7.264729e+01,5.262085e-02,-7.264964e+01,9.746072e-01,-1.757311e+02
7585.77575,7.598395e-01,-1.677360e+02,4.886244e-02,-7.228091e+01,4.886082e-02,-7.228288e+01,9.748425e-01,-1.761045e+02
8317.63771,7.704577e-01,-1.676232e+02,4.543130e-02,-7.193924e+01,4.542991e-02,-7.194088e+01,9.750423e-01,-1.764452e+02
9120.10839,7.819899e-01,-1.675431e+02,4.229034e-02,-7.163764e+01,4.228916e-02,-7.163899e+01,9.752127e-01,-1.767559e+02
10000.00000,7.943560e-01,-1.675086e+02,3.940349e-02,-7.138925e+01,3.940248e-02,-7.139034e+01,9.753590e-01,-1.770395e+02
