! ! 
! S ! 
! ! 
! # MHz  S  MA  R  50.00000
! ! ===================================================================
1.00000,9.814799e-01,-2.296141e+00,2.881708e-02,9.150057e+01,3.098406e-02,6.595997e+01,9.383304e-01,-1.708765e+00
1.09648,9.813666e-01,-2.517476e+00,3.158229e-02,9.096743e+01,3.357048e-02,6.751300e+01,9.382339e-01,-1.873445e+00
1.20226,9.812304e-01,-2.760104e+00,3.461396e-02,9.044232e+01,3.643624e-02,6.892614e+01,9.381180e-01,-2.053956e+00
1.31826,9.810668e-01,-3.026060e+00,3.793729e-02,8.992087e+01,3.960603e-02,7.020055e+01,9.379786e-01,-2.251808e+00
1.44544,9.808702e-01,-3.317568e+00,4.157982e-02,8.939873e+01,4.310674e-02,7.133835e+01,9.378112e-01,-2.468650e+00
1.58489,9.806341e-01,-3.637061e+00,4.557157e-02,8.887155e+01,4.696775e-02,7.234230e+01,9.376100e-01,-2.706282e+00
1.73780,9.803504e-01,-3.987194e+00,4.994522e-02,8.833494e+01,5.122107e-02,7.321550e+01,9.373685e-01,-2.966671e+00
1.90546,9.800097e-01,-4.370865e+00,5.473635e-02,8.778443e+01,5.590157e-02,7.396114e+01,9.370783e-01,-3.251956e+00
2.08930,9.796007e-01,-4.791234e+00,5.998357e-02,8.721546e+01,6.104719e-02,7.458228e+01,9.367300e-01,-3.564469e+00
2.29087,9.791097e-01,-5.251739e+00,6.572871e-02,8.662336e+01,6.669911e-02,7.508174e+01,9.363119e-01,-3.906744e+00
2.51189,9.785206e-01,-5.756121e+00,7.201700e-02,8.600325e+01,7.290191e-02,7.546188e+01,9.358102e-01,-4.281529e+00
2.75423,9.778138e-01,-6.308439e+00,7.889717e-02,8.535012e+01,7.970371e-02,7.572461e+01,9.352085e-01,-4.691800e+00
3.01995,9.769665e-01,-6.913091e+00,8.642150e-02,8.465871e+01,8.715623e-02,7.587125e+01,9.344872e-01,-5.140769e+00
3.31131,9.759511e-01,-7.574827e+00,9.464588e-02,8.392353e+01,9.531482e-02,7.590251e+01,9.336228e-01,-5.631893e+00
3.63078,9.747351e-01,-8.298763e+00,1.036297e-01,8.313884e+01,1.042383e-01,7.581843e+01,9.325879e-01,-6.168878e+00
3.98107,9.732801e-01,-9.090390e+00,1.134355e-01,8.229863e+01,1.139889e-01,7.561842e+01,9.313497e-01,-6.755676e+00
4.36516,9.715406e-01,-9.955571e+00,1.241287e-01,8.139662e+01,1.246315e-01,7.530122e+01,9.298698e-01,-7.396475e+00
4.78630,9.694635e-01,-1.090054e+01,1.357771e-01,8.042626e+01,1.362335e-01,7.486493e+01,9.281031e-01,-8.095684e+00
5.24807,9.669864e-01,-1.193185e+01,1.484494e-01,7.938075e+01,1.488632e-01,7.430704e+01,9.259968e-01,-8.857897e+00
5.75440,9.640371e-01,-1.305639e+01,1.622146e-01,7.825309e+01,1.625893e-01,7.362450e+01,9.234898e-01,-9.687846e+00
6.30957,9.605320e-01,-1.428126e+01,1.771395e-01,7.703612e+01,1.774782e-01,7.281380e+01,9.205118e-01,-1.059033e+01
6.91831,9.563759e-01,-1.561372e+01,1.932868e-01,7.572261e+01,1.935926e-01,7.187106e+01,9.169824e-01,-1.157012e+01
7.58578,9.514608e-01,-1.706104e+01,2.107123e-01,7.430542e+01,2.109876e-01,7.079219e+01,9.128111e-01,-1.263183e+01
8.31764,9.456661e-01,-1.863036e+01,2.294604e-01,7.277761e+01,2.297077e-01,6.957308e+01,9.078969e-01,-1.377975e+01
9.12011,9.388592e-01,-2.032846e+01,2.495607e-01,7.113269e+01,2.497822e-01,6.820979e+01,9.021295e-01,-1.501766e+01
10.00000,9.308974e-01,-2.216151e+01,2.710223e-01,6.936483e+01,2.712198e-01,6.669887e+01,8.953909e-01,-1.634856e+01
10.96478,9.216308e-01,-2.413476e+01,2.938282e-01,6.746924e+01,2.940036e-01,6.503766e+01,8.875581e-01,-1.777440e+01
12.02264,9.109069e-01,-2.625220e+01,3.179294e-01,6.544242e+01,3.180843e-01,6.322465e+01,8.785075e-01,-1.929579e+01
13.18257,8.985778e-01,-2.851614e+01,3.432393e-01,6.328263e+01,3.433753e-01,6.125989e+01,8.681214e-01,-2.091162e+01
14.45440,8.845086e-01,-3.092688e+01,3.696286e-01,6.099019e+01,3.697470e-01,5.914535e+01,8.562958e-01,-2.261880e+01
15.84893,8.685883e-01,-3.348225e+01,3.969222e-01,5.856793e+01,3.970243e-01,5.688535e+01,8.429500e-01,-2.441195e+01
17.37801,8.507421e-01,-3.617739e+01,4.248982e-01,5.602138e+01,4.249851e-01,5.448680e+01,8.280374e-01,-2.628324e+01
19.05461,8.309439e-01,-3.900446e+01,4.532905e-01,5.335905e+01,4.533635e-01,5.195946e+01,8.115567e-01,-2.822238e+01
20.89296,8.092283e-01,-4.195269e+01,4.817958e-01,5.059237e+01,4.818559e-01,4.931591e+01,7.935623e-01,-3.021680e+01
22.90868,7.856999e-01,-4.500843e+01,5.100840e-01,4.773554e+01,5.101322e-01,4.657137e+01,7.741718e-01,-3.225204e+01
25.11886,7.605382e-01,-4.815559e+01,5.378126e-01,4.480508e+01,5.378498e-01,4.374333e+01,7.535701e-01,-3.431250e+01
27.54229,7.339976e-01,-5.137617e+01,5.646436e-01,4.181923e+01,5.646710e-01,4.085089e+01,7.320079e-01,-3.638232e+01
30.19952,7.064000e-01,-5.465100e+01,5.902611e-01,3.879711e+01,5.902795e-01,3.791397e+01,7.097947e-01,-3.844658e+01
33.11311,6.781225e-01,-5.796057e+01,6.143870e-01,3.575782e+01,6.143972e-01,3.495238e+01,6.872861e-01,-4.049254e+01
36.30781,6.495794e-01,-6.128584e+01,6.367934e-01,3.271947e+01,6.367962e-01,3.198490e+01,6.648671e-01,-4.251089e+01
39.81072,6.212025e-01,-6.460900e+01,6.573103e-01,2.969833e+01,6.573067e-01,2.902839e+01,6.429332e-01,-4.449690e+01
43.65158,5.934204e-01,-6.791407e+01,6.758280e-01,2.670813e+01,6.758187e-01,2.609714e+01,6.218714e-01,-4.645122e+01
47.86301,5.666402e-01,-7.118724e+01,6.922933e-01,2.375950e+01,6.922789e-01,2.320227e+01,6.020436e-01,-4.838039e+01
52.48075,5.412326e-01,-7.441706e+01,7.067022e-01,2.085976e+01,7.066835e-01,2.035156e+01,5.837736e-01,-5.029679e+01
57.54399,5.175221e-01,-7.759443e+01,7.190897e-01,1.801278e+01,7.190672e-01,1.754930e+01,5.673394e-01,-5.221823e+01
63.09573,4.957819e-01,-8.071248e+01,7.295181e-01,1.521921e+01,7.294924e-01,1.479651e+01,5.529698e-01,-5.416697e+01
69.18310,4.762320e-01,-8.376635e+01,7.380648e-01,1.247667e+01,7.380363e-01,1.209117e+01,5.408454e-01,-5.616841e+01
75.85776,4.590420e-01,-8.675304e+01,7.448118e-01,9.780202e+00,7.447811e-01,9.428625e+00,5.311030e-01,-5.824942e+01
83.17638,4.443346e-01,-8.967132e+01,7.498366e-01,7.122674e+00,7.498039e-01,6.802035e+00,5.238418e-01,-6.043666e+01
91.20108,4.321916e-01,-9.252169e+01,7.532040e-01,4.495266e+00,7.531697e-01,4.202845e+00,5.191303e-01,-6.275476e+01
100.00000,4.226580e-01,-9.530649e+01,7.549614e-01,1.887952e+00,7.549259e-01,1.621266e+00,5.170122e-01,-6.522481e+01
109.64782,4.157480e-01,-9.803001e+01,7.551348e-01,-7.100305e-01,7.550982e-01,-9.532446e-01,5.175116e-01,-6.786308e+01
120.22644,4.114474e-01,-1.006986e+02,7.537267e-01,-3.309703e+00,7.536894e-01,-3.531510e+00,5.206350e-01,-7.068015e+01
131.82567,4.097164e-01,-1.033206e+02,7.507165e-01,-5.921882e+00,7.506786e-01,-6.124165e+00,5.263714e-01,-7.368051e+01
144.54398,4.104900e-01,-1.059062e+02,7.460614e-01,-8.556705e+00,7.460232e-01,-8.741181e+00,5.346893e-01,-7.686255e+01
158.48932,4.136774e-01,-1.084668e+02,7.397001e-01,-1.122316e+01,7.396617e-01,-1.139139e+01,5.455317e-01,-8.021895e+01
173.78008,4.191602e-01,-1.110145e+02,7.315576e-01,-1.392859e+01,7.315193e-01,-1.408201e+01,5.588097e-01,-8.373733e+01
190.54607,4.267900e-01,-1.135610e+02,7.215527e-01,-1.667824e+01,7.215146e-01,-1.681815e+01,5.743949e-01,-8.740108e+01
208.92961,4.363860e-01,-1.161170e+02,7.096061e-01,-1.947479e+01,7.095684e-01,-1.960238e+01,5.921131e-01,-9.119023e+01
229.08677,4.477340e-01,-1.186904e+02,6.956520e-01,-2.231793e+01,6.956149e-01,-2.243428e+01,6.117388e-01,-9.508219e+01
251.18864,4.605864e-01,-1.212863e+02,6.796489e-01,-2.520412e+01,6.796124e-01,-2.531022e+01,6.329946e-01,-9.905255e+01
275.42287,4.746654e-01,-1.239058e+02,6.615918e-01,-2.812632e+01,6.615562e-01,-2.822307e+01,6.555529e-01,-1.030756e+02
301.99517,4.896685e-01,-1.265460e+02,6.415230e-01,-3.107409e+01,6.414884e-01,-3.116231e+01,6.790440e-01,-1.071247e+02
331.13112,5.052780e-01,-1.291996e+02,6.195403e-01,-3.403377e+01,6.195068e-01,-3.411420e+01,7.030690e-01,-1.111732e+02
363.07805,5.211726e-01,-1.318556e+02,5.958011e-01,-3.698892e+01,5.957688e-01,-3.706226e+01,7.272159e-01,-1.151941e+02
398.10717,5.370406e-01,-1.345000e+02,5.705216e-01,-3.992104e+01,5.704906e-01,-3.998791e+01,7.510801e-01,-1.191614e+02
436.51583,5.525939e-01,-1.371165e+02,5.439705e-01,-4.281039e+01,5.439409e-01,-4.287135e+01,7.742838e-01,-1.230502e+02
478.63009,5.675801e-01,-1.396876e+02,5.164573e-01,-4.563690e+01,5.164291e-01,-4.569246e+01,7.964946e-01,-1.268373e+02
524.80746,5.817920e-01,-1.421956e+02,4.883169e-01,-4.838109e+01,4.882903e-01,-4.843174e+01,8.174398e-01,-1.305021e+02
575.43994,5.950732e-01,-1.446237e+02,4.598927e-01,-5.102497e+01,4.598677e-01,-5.107113e+01,8.369143e-01,-1.340267e+02
630.95734,6.073199e-01,-1.469568e+02,4.315190e-01,-5.355264e+01,4.314955e-01,-5.359470e+01,8.547843e-01,-1.373968e+02
691.83097,6.184781e-01,-1.491820e+02,4.035064e-01,-5.595079e+01,4.034844e-01,-5.598911e+01,8.709830e-01,-1.406013e+02
758.57758,6.285382e-01,-1.512888e+02,3.761298e-01,-5.820891e+01,3.761093e-01,-5.824381e+01,8.855043e-01,-1.436327e+02
831.76377,6.375279e-01,-1.532696e+02,3.496214e-01,-6.031934e+01,3.496024e-01,-6.035113e+01,8.983914e-01,-1.464869e+02
912.01084,6.455037e-01,-1.551192e+02,3.241669e-01,-6.227709e+01,3.241493e-01,-6.230603e+01,9.097256e-01,-1.491627e+02
1000.00000,6.525429e-01,-1.568347e+02,2.999057e-01,-6.407960e+01,2.998894e-01,-6.410593e+01,9.196150e-01,-1.516617e+02
1096.47820,6.587364e-01,-1.584155e+02,2.769338e-01,-6.572634e+01,2.769188e-01,-6.575030e+01,9.281834e-01,-1.539877e+02
1202.26443,6.641825e-01,-1.598624e+02,2.553084e-01,-6.721850e+01,2.552946e-01,-6.724028e+01,9.355621e-01,-1.561462e+02
1318.25674,6.689827e-01,-1.611776e+02,2.350535e-01,-6.855855e+01,2.350409e-01,-6.857835e+01,9.418828e-01,-1.581440e+02
1445.43977,6.732382e-01,-1.623646e+02,2.161660e-01,-6.974996e+01,2.161545e-01,-6.976793e+01,9.472726e-01,-1.599889e+02
1584.89319,6.770477e-01,-1.634272e+02,1.986212e-01,-7.079686e+01,1.986106e-01,-7.081317e+01,9.518508e-01,-1.616893e+02
1737.80083,6.805069e-01,-1.643699e+02,1.823782e-01,-7.170386e+01,1.823685e-01,-7.171864e+01,9.557268e-01,-1.632539e+02
1905.46072,6.837077e-01,-1.651975e+02,1.673840e-01,-7.247583e+01,1.673752e-01,-7.248921e+01,9.589992e-01,-1.646915e+02
2089.29613,6.867390e-01,-1.659150e+02,1.535783e-01,-7.311786e+01,1.535702e-01,-7.312995e+01,9.617555e-01,-1.660109e+02
2290.86765,6.896873e-01,-1.665274e+02,1.408953e-01,-7.363514e+01,1.408880e-01,-7.364605e+01,9.640725e-01,-1.672204e+02
2511.88643,6.926375e-01,-1.670397e+02,1.292672e-01,-7.403303e+01,1.292606e-01,-7.404285e+01,9.660172e-01,-1.683284e+02
2754.22870,6.956745e-01,-1.674573e+02,1.186254e-01,-7.431712e+01,1.186194e-01,-7.432595e+01,9.676473e-01,-1.693425e+02
3019.95172,6.988834e-01,-1.677855e+02,1.089022e-01,-7.449337e+01,1.088967e-01,-7.450127e+01,9.690123e-01,-1.702702e+02
3311.31121,7.023512e-01,-1.680299e+02,1.000312e-01,-7.456822e+01,1.000264e-01,-7.457528e+01,9.701545e-01,-1.711184e+02
3630.78055,7.061668e-01,-1.681967e+02,9.194878e-02,-7.454888e+01,9.194440e-02,-7.455516e+01,9.711099e-01,-1.718935e+02
3981.07171,7.104213e-01,-1.682925e+02,8.459349e-02,-7.444349e+01,8.458956e-02,-7.444905e+01,9.719088e-01,-1.726016e+02
4365.15832,7.152071e-01,-1.683247e+02,7.790680e-02,-7.426140e+01,7.790329e-02,-7.426629e+01,9.725770e-01,-1.732483e+02
4786.30092,7.206165e-01,-1.683018e+02,7.183289e-02,-7.401332e+01,7.182976e-02,-7.401761e+01,9.731361e-01,-1.738387e+02
5248.07460,7.267392e-01,-1.682333e+02,6.631854e-02,-7.371150e+01,6.631577e-02,-7.371524e+01,9.736044e-01,-1.743777e+02
5754.39937,7.336586e-01,-1.681300e+02,6.131306e-02,-7.336974e+01,6.131062e-02,-7.337297e+01,9.739973e-01,-1.748696e+02
6309.57344,7.414465e-01,-1.680039e+02,5.676811e-02,-7.300322e+01,5.676597e-02,-7.300599e+01,9.743274e-01,-1.753185e+02
6918.30971,7.501574e-01,-1.678681e+02,5.263758e-02,-7.262822e+01,5.263572e-02,-7.263057e+01,9.746057e-01,-1.757280e+02
7585.77575,7.598216e-01,-1.677366e+02,4.887766e-02,-7.226153e+01,4.887604e-02,-7.226350e+01,9.748410e-01,-1.761017e+02
8317.63771,7.704382e-01,-1.676237e+02,4.544682e-02,-7.191969e+01,4.544543e-02,-7.192133e+01,9.750408e-01,-1.764426e+02
9120.10839,7.819689e-01,-1.675435e+02,4.230611e-02,-7.161807e+01,4.230492e-02,-7.161942e+01,9.752113e-01,-1.767536e+02
10000.00000,7.943336e-01,-1.675088e+02,3.941943e-02,-7.136982e+01,3.941842e-02,-7.137091e+01,9.753577e-01,-1.770373e+02
