! ! 
! S ! 
! ! 
! # MHz  S  MA  R  50.00000
! ! ===================================================================
1.00000,9.773018e-01,-2.680389e+00,3.519912e-02,9.111903e+01,3.824488e-02,6.409882e+01,9.341200e-01,-2.092582e+00
1.09648,9.771365e-01,-2.938657e+00,3.857433e-02,9.054359e+01,4.137101e-02,6.570609e+01,9.339761e-01,-2.294156e+00
1.20226,9.769380e-01,-3.221736e+00,4.227411e-02,8.997263e+01,4.483914e-02,6.716833e+01,9.338032e-01,-2.515077e+00
1.31826,9.766995e-01,-3.531988e+00,4.632895e-02,8.940141e+01,4.867915e-02,6.848520e+01,9.335955e-01,-2.757182e+00
1.44544,9.764130e-01,-3.871989e+00,5.077206e-02,8.882519e+01,5.292351e-02,6.965758e+01,9.333460e-01,-3.022471e+00
1.58489,9.760689e-01,-4.244554e+00,5.563959e-02,8.823919e+01,5.760754e-02,7.068721e+01,9.330464e-01,-3.313127e+00
1.73780,9.756557e-01,-4.652746e+00,6.097077e-02,8.763855e+01,6.276960e-02,7.157633e+01,9.326867e-01,-3.631525e+00
1.90546,9.751598e-01,-5.099904e+00,6.680811e-02,8.701832e+01,6.845129e-02,7.232744e+01,9.322549e-01,-3.980247e+00
2.08930,9.745647e-01,-5.589655e+00,7.319759e-02,8.637343e+01,7.469768e-02,7.294300e+01,9.317367e-01,-4.362094e+00
2.29087,9.738509e-01,-6.125937e+00,8.018871e-02,8.569863e+01,8.155740e-02,7.342530e+01,9.311152e-01,-4.780099e+00
2.51189,9.729949e-01,-6.713012e+00,8.783466e-02,8.498849e+01,8.908274e-02,7.377625e+01,9.303701e-01,-5.237536e+00
2.75423,9.719692e-01,-7.355486e+00,9.619224e-02,8.423736e+01,9.732968e-02,7.399730e+01,9.294773e-01,-5.737929e+00
3.01995,9.707409e-01,-8.058315e+00,1.053218e-01,8.343938e+01,1.063578e-01,7.408937e+01,9.284083e-01,-6.285056e+00
3.31131,9.692710e-01,-8.826814e+00,1.152870e-01,8.258841e+01,1.162300e-01,7.405275e+01,9.271291e-01,-6.882944e+00
3.63078,9.675137e-01,-9.666660e+00,1.261545e-01,8.167808e+01,1.270122e-01,7.388711e+01,9.256002e-01,-7.535868e+00
3.98107,9.654152e-01,-1.058387e+01,1.379931e-01,8.070178e+01,1.387726e-01,7.359148e+01,9.237747e-01,-8.248322e+00
4.36516,9.629124e-01,-1.158480e+01,1.508728e-01,7.965263e+01,1.515807e-01,7.316429e+01,9.215980e-01,-9.024993e+00
4.78630,9.599322e-01,-1.267607e+01,1.648638e-01,7.852361e+01,1.655060e-01,7.260337e+01,9.190070e-01,-9.870709e+00
5.24807,9.563902e-01,-1.386452e+01,1.800344e-01,7.730753e+01,1.806161e-01,7.190608e+01,9.159285e-01,-1.079037e+01
5.75440,9.521898e-01,-1.515713e+01,1.964485e-01,7.599717e+01,1.969748e-01,7.106938e+01,9.122793e-01,-1.178884e+01
6.30957,9.472216e-01,-1.656087e+01,2.141629e-01,7.458540e+01,2.146382e-01,7.008997e+01,9.079653e-01,-1.287084e+01
6.91831,9.413633e-01,-1.808255e+01,2.332235e-01,7.306530e+01,2.336519e-01,6.896449e+01,9.028815e-01,-1.404075e+01
7.58578,9.344804e-01,-1.972859e+01,2.536607e-01,7.143042e+01,2.540459e-01,6.768973e+01,8.969130e-01,-1.530242e+01
8.31764,9.264279e-01,-2.150480e+01,2.754843e-01,6.967501e+01,2.758297e-01,6.626292e+01,8.899363e-01,-1.665892e+01
9.12011,9.170531e-01,-2.341603e+01,2.986779e-01,6.779433e+01,2.989865e-01,6.468206e+01,8.818225e-01,-1.811225e+01
10.00000,9.062005e-01,-2.546585e+01,3.231925e-01,6.578498e+01,3.234673e-01,6.294626e+01,8.724416e-01,-1.966298e+01
10.96478,8.937186e-01,-2.765614e+01,3.489412e-01,6.364532e+01,3.491846e-01,6.105614e+01,8.616686e-01,-2.130997e+01
12.02264,8.794684e-01,-2.998674e+01,3.757938e-01,6.137580e+01,3.760083e-01,5.901426e+01,8.493918e-01,-2.304995e+01
13.18257,8.633346e-01,-3.245503e+01,4.035735e-01,5.897937e+01,4.037612e-01,5.682548e+01,8.355225e-01,-2.487731e+01
14.45440,8.452374e-01,-3.505567e+01,4.320563e-01,5.646173e+01,4.322194e-01,5.449726e+01,8.200059e-01,-2.678382e+01
15.84893,8.251455e-01,-3.778036e+01,4.609735e-01,5.383157e+01,4.611139e-01,5.203987e+01,8.028327e-01,-2.875863e+01
17.37801,8.030878e-01,-4.061786e+01,4.900184e-01,5.110052e+01,4.901378e-01,4.946642e+01,7.840497e-01,-3.078835e+01
19.05461,7.791634e-01,-4.355410e+01,5.188573e-01,4.828303e+01,5.189576e-01,4.679266e+01,7.637680e-01,-3.285746e+01
20.89296,7.535461e-01,-4.657260e+01,5.471440e-01,4.539588e+01,5.472268e-01,4.403662e+01,7.421671e-01,-3.494894e+01
22.90868,7.264846e-01,-4.965504e+01,5.745373e-01,4.245764e+01,5.746041e-01,4.121795e+01,7.194939e-01,-3.704518e+01
25.11886,6.982956e-01,-5.278205e+01,6.007183e-01,3.948777e+01,6.007707e-01,3.835715e+01,6.960559e-01,-3.912907e+01
27.54229,6.693514e-01,-5.593404e+01,6.254070e-01,3.650576e+01,6.254464e-01,3.547461e+01,6.722090e-01,-4.118526e+01
30.19952,6.400621e-01,-5.909208e+01,6.483753e-01,3.353018e+01,6.484031e-01,3.258974e+01,6.483406e-01,-4.320145e+01
33.11311,6.108557e-01,-6.223874e+01,6.694545e-01,3.057776e+01,6.694720e-01,2.972006e+01,6.248503e-01,-4.516955e+01
36.30781,5.821575e-01,-6.535865e+01,6.885380e-01,2.766273e+01,6.885464e-01,2.688050e+01,6.021313e-01,-4.708663e+01
39.81072,5.543721e-01,-6.843895e+01,7.055779e-01,2.479628e+01,7.055783e-01,2.408287e+01,5.805527e-01,-4.895561e+01
43.65158,5.278684e-01,-7.146954e+01,7.205777e-01,2.198625e+01,7.205713e-01,2.133562e+01,5.604467e-01,-5.078542e+01
47.86301,5.029699e-01,-7.444299e+01,7.335822e-01,1.923710e+01,7.335698e-01,1.864372e+01,5.420995e-01,-5.259087e+01
52.48075,4.799492e-01,-7.735444e+01,7.446653e-01,1.655001e+01,7.446477e-01,1.600883e+01,5.257481e-01,-5.439196e+01
57.54399,4.590272e-01,-8.020131e+01,7.539184e-01,1.392311e+01,7.538964e-01,1.342956e+01,5.115802e-01,-5.621280e+01
63.09573,4.403753e-01,-8.298303e+01,7.614394e-01,1.135191e+01,7.614137e-01,1.090178e+01,4.997387e-01,-5.808022e+01
69.18310,4.241200e-01,-8.570078e+01,7.673233e-01,8.829641e+00,7.672945e-01,8.419126e+00,4.903275e-01,-6.002214e+01
75.85776,4.103485e-01,-8.835728e+01,7.716547e-01,6.347740e+00,7.716232e-01,5.973349e+00,4.834193e-01,-6.206578e+01
83.17638,3.991142e-01,-9.095673e+01,7.745015e-01,3.896249e+00,7.744678e-01,3.554805e+00,4.790625e-01,-6.423603e+01
91.20108,3.904423e-01,-9.350478e+01,7.759112e-01,1.464252e+00,7.758758e-01,1.152856e+00,4.772875e-01,-6.655394e+01
100.00000,3.843343e-01,-9.600851e+01,7.759084e-01,-9.597352e-01,7.758715e-01,-1.243727e+00,4.781111e-01,-6.903560e+01
109.64782,3.807705e-01,-9.847649e+01,7.744930e-01,-3.387365e+00,7.744550e-01,-3.646362e+00,4.815387e-01,-7.169140e+01
120.22644,3.797122e-01,-1.009187e+02,7.716405e-01,-5.830077e+00,7.716017e-01,-6.066279e+00,4.875635e-01,-7.452575e+01
131.82567,3.811013e-01,-1.033461e+02,7.673035e-01,-8.298708e+00,7.672641e-01,-8.514119e+00,4.961640e-01,-7.753723e+01
144.54398,3.848592e-01,-1.057705e+02,7.614140e-01,-1.080308e+01,7.613742e-01,-1.099953e+01,5.072985e-01,-8.071910e+01
158.48932,3.908849e-01,-1.082037e+02,7.538876e-01,-1.335161e+01,7.538477e-01,-1.353076e+01,5.208985e-01,-8.406005e+01
173.78008,3.990510e-01,-1.106571e+02,7.446295e-01,-1.595081e+01,7.445896e-01,-1.611420e+01,5.368607e-01,-8.754508e+01
190.54607,4.092015e-01,-1.131403e+02,7.335420e-01,-1.860496e+01,7.335024e-01,-1.875395e+01,5.550396e-01,-9.115631e+01
208.92961,4.211482e-01,-1.156607e+02,7.205342e-01,-2.131557e+01,7.204950e-01,-2.145144e+01,5.752412e-01,-9.487376e+01
229.08677,4.346699e-01,-1.182227e+02,7.055326e-01,-2.408112e+01,7.054939e-01,-2.420502e+01,5.972192e-01,-9.867593e+01
251.18864,4.495128e-01,-1.208270e+02,6.884931e-01,-2.689674e+01,6.884552e-01,-2.700973e+01,6.206744e-01,-1.025402e+02
275.42287,4.653940e-01,-1.234704e+02,6.694130e-01,-2.975412e+01,6.693760e-01,-2.985716e+01,6.452597e-01,-1.064432e+02
301.99517,4.820083e-01,-1.261454e+02,6.483409e-01,-3.264156e+01,6.483049e-01,-3.273551e+01,6.705887e-01,-1.103608e+02
331.13112,4.990380e-01,-1.288410e+02,6.253843e-01,-3.554426e+01,6.253495e-01,-3.562992e+01,6.962506e-01,-1.142687e+02
363.07805,5.161649e-01,-1.315425e+02,6.007128e-01,-3.844483e+01,6.006792e-01,-3.852294e+01,7.218278e-01,-1.181426e+02
398.10717,5.330847e-01,-1.342331e+02,5.745552e-01,-4.132403e+01,5.745231e-01,-4.139524e+01,7.469165e-01,-1.219586e+02
436.51583,5.495202e-01,-1.368942e+02,5.471923e-01,-4.416162e+01,5.471616e-01,-4.422654e+01,7.711463e-01,-1.256938e+02
478.63009,5.652331e-01,-1.395065e+02,5.189433e-01,-4.693728e+01,5.189143e-01,-4.699646e+01,7.941981e-01,-1.293268e+02
524.80746,5.800328e-01,-1.420515e+02,4.901501e-01,-4.963158e+01,4.901227e-01,-4.968552e+01,8.158167e-01,-1.328385e+02
575.43994,5.937812e-01,-1.445117e+02,4.611590e-01,-5.222672e+01,4.611332e-01,-5.227589e+01,8.358181e-01,-1.362126e+02
630.95734,6.063928e-01,-1.468719e+02,4.323038e-01,-5.470721e+01,4.322795e-01,-5.475201e+01,8.540902e-01,-1.394358e+02
691.83097,6.178312e-01,-1.491193e+02,4.038911e-01,-5.706022e+01,4.038685e-01,-5.710104e+01,8.705882e-01,-1.424981e+02
758.57758,6.281034e-01,-1.512438e+02,3.761897e-01,-5.927581e+01,3.761686e-01,-5.931300e+01,8.853261e-01,-1.453928e+02
831.76377,6.372516e-01,-1.532382e+02,3.494236e-01,-6.134687e+01,3.494040e-01,-6.138074e+01,8.983652e-01,-1.481164e+02
912.01084,6.453446e-01,-1.550978e+02,3.237694e-01,-6.326895e+01,3.237513e-01,-6.329979e+01,9.098025e-01,-1.506683e+02
1000.00000,6.524700e-01,-1.568205e+02,2.993575e-01,-6.503996e+01,2.993408e-01,-6.506804e+01,9.197584e-01,-1.530503e+02
1096.47820,6.587270e-01,-1.584059e+02,2.762752e-01,-6.665981e+01,2.762597e-01,-6.668535e+01,9.283670e-01,-1.552664e+02
1202.26443,6.642207e-01,-1.598553e+02,2.545714e-01,-6.813001e+01,2.545572e-01,-6.815324e+01,9.357675e-01,-1.573219e+02
1318.25674,6.690576e-01,-1.611715e+02,2.342631e-01,-6.945332e+01,2.342501e-01,-6.947444e+01,9.420973e-01,-1.592238e+02
1445.43977,6.733428e-01,-1.623581e+02,2.153409e-01,-7.063341e+01,2.153290e-01,-7.065259e+01,9.474881e-01,-1.609795e+02
1584.89319,6.771782e-01,-1.634192e+02,1.977751e-01,-7.167456e+01,1.977642e-01,-7.169196e+01,9.520622e-01,-1.625974e+02
1737.80083,6.806619e-01,-1.643597e+02,1.815204e-01,-7.258144e+01,1.815104e-01,-7.259722e+01,9.559312e-01,-1.640856e+02
1905.46072,6.838876e-01,-1.651845e+02,1.665206e-01,-7.335898e+01,1.665115e-01,-7.337328e+01,9.591950e-01,-1.654529e+02
2089.29613,6.869460e-01,-1.658986e+02,1.527124e-01,-7.401221e+01,1.527042e-01,-7.402513e+01,9.619422e-01,-1.667074e+02
2290.86765,6.899246e-01,-1.665073e+02,1.400283e-01,-7.454622e+01,1.400208e-01,-7.455789e+01,9.642502e-01,-1.678574e+02
2511.88643,6.929097e-01,-1.670158e+02,1.283987e-01,-7.496620e+01,1.283919e-01,-7.497672e+01,9.661864e-01,-1.689107e+02
2754.22870,6.959871e-01,-1.674294e+02,1.177538e-01,-7.527748e+01,1.177477e-01,-7.528694e+01,9.678085e-01,-1.698747e+02
3019.95172,6.992432e-01,-1.677535e+02,1.080251e-01,-7.548561e+01,1.080196e-01,-7.549410e+01,9.691662e-01,-1.707565e+02
3311.31121,7.027656e-01,-1.679941e+02,9.914589e-02,-7.559655e+01,9.914087e-02,-7.560414e+01,9.703018e-01,-1.715626e+02
3630.78055,7.066443e-01,-1.681572e+02,9.105196e-02,-7.561683e+01,9.104744e-02,-7.562358e+01,9.712511e-01,-1.722993e+02
3981.07171,7.109710e-01,-1.682497e+02,8.368198e-02,-7.555375e+01,8.367793e-02,-7.555974e+01,9.720444e-01,-1.729723e+02
4365.15832,7.158385e-01,-1.682792e+02,7.697757e-02,-7.541563e+01,7.697395e-02,-7.542092e+01,9.727075e-01,-1.735869e+02
4786.30092,7.213394e-01,-1.682542e+02,7.088324e-02,-7.521195e+01,7.088002e-02,-7.521660e+01,9.732619e-01,-1.741480e+02
5248.07460,7.275631e-01,-1.681846e+02,6.534634e-02,-7.495356e+01,6.534349e-02,-7.495761e+01,9.737257e-01,-1.746602e+02
5754.39937,7.345918e-01,-1.680813e+02,6.031688e-02,-7.465265e+01,6.031435e-02,-7.465616e+01,9.741141e-01,-1.751277e+02
6309.57344,7.424961e-01,-1.679564e+02,5.574735e-02,-7.432273e+01,5.574514e-02,-7.432575e+01,9.744399e-01,-1.755543e+02
6918.30971,7.513277e-01,-1.678233e+02,5.159268e-02,-7.397834e+01,5.159074e-02,-7.398091e+01,9.747137e-01,-1.759435e+02
7585.77575,7.611136e-01,-1.676961e+02,4.781010e-02,-7.363458e+01,4.780842e-02,-7.363675e+01,9.749445e-01,-1.762986e+02
8317.63771,7.718485e-01,-1.675889e+02,4.435924e-02,-7.330647e+01,4.435780e-02,-7.330828e+01,9.751397e-01,-1.766226e+02
9120.10839,7.834894e-01,-1.675159e+02,4.120229e-02,-7.300810e+01,4.120105e-02,-7.300959e+01,9.753054e-01,-1.769182e+02
10000.00000,7.959508e-01,-1.674898e+02,3.830418e-02,-7.275166e+01,3.830313e-02,-7.275287e+01,9.754467e-01,-1.771879e+02
