! ! 
! S ! 
! ! 
! # MHz  S  MA  R  50.00000
! ! ===================================================================
1.00000,9.814792e-01,-2.296126e+00,2.886243e-02,9.149927e+01,3.103282e-02,6.595866e+01,9.413805e-01,-1.708593e+00
1.09648,9.813658e-01,-2.517460e+00,3.163199e-02,9.096600e+01,3.362330e-02,6.751157e+01,9.412836e-01,-1.873256e+00
1.20226,9.812294e-01,-2.760086e+00,3.466841e-02,9.044076e+01,3.649357e-02,6.892458e+01,9.411671e-01,-2.053749e+00
1.31826,9.810656e-01,-3.026039e+00,3.799697e-02,8.991916e+01,3.966833e-02,7.019884e+01,9.410271e-01,-2.251580e+00
1.44544,9.808688e-01,-3.317545e+00,4.164522e-02,8.939685e+01,4.317454e-02,7.133647e+01,9.408589e-01,-2.468399e+00
1.58489,9.806324e-01,-3.637035e+00,4.564323e-02,8.886949e+01,4.704161e-02,7.234024e+01,9.406569e-01,-2.706007e+00
1.73780,9.803484e-01,-3.987164e+00,5.002374e-02,8.833268e+01,5.130159e-02,7.321324e+01,9.404142e-01,-2.966367e+00
1.90546,9.800073e-01,-4.370831e+00,5.482238e-02,8.778195e+01,5.598943e-02,7.395866e+01,9.401227e-01,-3.251622e+00
2.08930,9.795978e-01,-4.791193e+00,6.007781e-02,8.721275e+01,6.114310e-02,7.457958e+01,9.397728e-01,-3.564101e+00
2.29087,9.791063e-01,-5.251692e+00,6.583194e-02,8.662039e+01,6.680386e-02,7.507877e+01,9.393528e-01,-3.906337e+00
2.51189,9.785164e-01,-5.756066e+00,7.213005e-02,8.600000e+01,7.301635e-02,7.545863e+01,9.388488e-01,-4.281080e+00
2.75423,9.778088e-01,-6.308374e+00,7.902095e-02,8.534656e+01,7.982875e-02,7.572106e+01,9.382444e-01,-4.691303e+00
3.01995,9.769605e-01,-6.913013e+00,8.655699e-02,8.465481e+01,8.729287e-02,7.586736e+01,9.375197e-01,-5.140218e+00
3.31131,9.759439e-01,-7.574733e+00,9.479414e-02,8.391926e+01,9.546413e-02,7.589824e+01,9.366515e-01,-5.631282e+00
3.63078,9.747265e-01,-8.298649e+00,1.037918e-01,8.313417e+01,1.044014e-01,7.581377e+01,9.356118e-01,-6.168197e+00
3.98107,9.732698e-01,-9.090251e+00,1.136128e-01,8.229353e+01,1.141671e-01,7.561332e+01,9.343680e-01,-6.754915e+00
4.36516,9.715284e-01,-9.955400e+00,1.243225e-01,8.139105e+01,1.248260e-01,7.529565e+01,9.328814e-01,-7.395624e+00
4.78630,9.694489e-01,-1.090032e+01,1.359886e-01,8.042018e+01,1.364457e-01,7.485884e+01,9.311067e-01,-8.094728e+00
5.24807,9.669690e-01,-1.193159e+01,1.486803e-01,7.937412e+01,1.490947e-01,7.430040e+01,9.289908e-01,-8.856819e+00
5.75440,9.640164e-01,-1.305606e+01,1.624662e-01,7.824586e+01,1.628415e-01,7.361727e+01,9.264725e-01,-9.686626e+00
6.30957,9.605075e-01,-1.428085e+01,1.774135e-01,7.702825e+01,1.777527e-01,7.280593e+01,9.234811e-01,-1.058894e+01
6.91831,9.563469e-01,-1.561319e+01,1.935848e-01,7.571405e+01,1.938910e-01,7.186250e+01,9.199359e-01,-1.156853e+01
7.58578,9.514264e-01,-1.706037e+01,2.110357e-01,7.429613e+01,2.113115e-01,7.078291e+01,9.157459e-01,-1.263001e+01
8.31764,9.456256e-01,-1.862951e+01,2.298110e-01,7.276755e+01,2.300587e-01,6.956301e+01,9.108099e-01,-1.377765e+01
9.12011,9.388117e-01,-2.032738e+01,2.499399e-01,7.112181e+01,2.501617e-01,6.819891e+01,9.050170e-01,-1.501521e+01
10.00000,9.308420e-01,-2.216014e+01,2.714314e-01,6.935311e+01,2.716293e-01,6.668714e+01,8.982487e-01,-1.634570e+01
10.96478,9.215664e-01,-2.413303e+01,2.942684e-01,6.745663e+01,2.944441e-01,6.502506e+01,8.903816e-01,-1.777106e+01
12.02264,9.108326e-01,-2.625001e+01,3.184015e-01,6.542892e+01,3.185567e-01,6.321115e+01,8.812918e-01,-1.929185e+01
13.18257,8.984925e-01,-2.851338e+01,3.437440e-01,6.326821e+01,3.438801e-01,6.124548e+01,8.708611e-01,-2.090697e+01
14.45440,8.844115e-01,-3.092340e+01,3.701659e-01,6.097487e+01,3.702845e-01,5.913003e+01,8.589853e-01,-2.261329e+01
15.84893,8.684787e-01,-3.347789e+01,3.974918e-01,5.855172e+01,3.975940e-01,5.686914e+01,8.455834e-01,-2.440542e+01
17.37801,8.506196e-01,-3.617196e+01,4.254992e-01,5.600432e+01,4.255863e-01,5.446975e+01,8.306090e-01,-2.627549e+01
19.05461,8.308084e-01,-3.899775e+01,4.539217e-01,5.334120e+01,4.539947e-01,5.194161e+01,8.140609e-01,-2.821321e+01
20.89296,8.090801e-01,-4.194444e+01,4.824552e-01,5.057379e+01,4.825153e-01,4.929733e+01,7.959941e-01,-3.020597e+01
22.90868,7.855397e-01,-4.499838e+01,5.107692e-01,4.771632e+01,5.108174e-01,4.655215e+01,7.765268e-01,-3.223930e+01
25.11886,7.603674e-01,-4.814345e+01,5.385209e-01,4.478532e+01,5.385582e-01,4.372357e+01,7.558449e-01,-3.429757e+01
27.54229,7.338178e-01,-5.136164e+01,5.653721e-01,4.179903e+01,5.653994e-01,4.083070e+01,7.342002e-01,-3.636494e+01
30.19952,7.062132e-01,-5.463377e+01,5.910066e-01,3.877658e+01,5.910249e-01,3.789344e+01,7.119032e-01,-3.842648e+01
33.11311,6.779311e-01,-5.794034e+01,6.151463e-01,3.573706e+01,6.151565e-01,3.493162e+01,6.893109e-01,-4.046948e+01
36.30781,6.493861e-01,-6.126233e+01,6.375635e-01,3.269857e+01,6.375664e-01,3.196400e+01,6.668095e-01,-4.248466e+01
39.81072,6.210100e-01,-6.458197e+01,6.580885e-01,2.967738e+01,6.580849e-01,2.900744e+01,6.447954e-01,-4.446731e+01
43.65158,5.932313e-01,-6.788329e+01,6.766116e-01,2.668717e+01,6.766022e-01,2.607618e+01,6.236567e-01,-4.641814e+01
47.86301,5.664569e-01,-7.115254e+01,6.930798e-01,2.373857e+01,6.930655e-01,2.318134e+01,6.037556e-01,-4.834373e+01
52.48075,5.410575e-01,-7.437835e+01,7.074896e-01,2.083887e+01,7.074709e-01,2.033067e+01,5.854167e-01,-5.025656e+01
57.54399,5.173574e-01,-7.755169e+01,7.198762e-01,1.799193e+01,7.198536e-01,1.752845e+01,5.689179e-01,-5.217448e+01
63.09573,4.956293e-01,-8.066577e+01,7.303018e-01,1.519836e+01,7.302760e-01,1.477566e+01,5.544881e-01,-5.411983e+01
69.18310,4.760933e-01,-8.371584e+01,7.388441e-01,1.245578e+01,7.388156e-01,1.207028e+01,5.423076e-01,-5.611807e+01
75.85776,4.589185e-01,-8.669900e+01,7.455852e-01,9.759202e+00,7.455544e-01,9.407625e+00,5.325130e-01,-5.819617e+01
83.17638,4.442278e-01,-8.961411e+01,7.506023e-01,7.101487e+00,7.505696e-01,6.780848e+00,5.252028e-01,-6.038083e+01
91.20108,4.321024e-01,-9.246181e+01,7.539605e-01,4.473806e+00,7.539261e-01,4.181385e+00,5.204450e-01,-6.269679e+01
100.00000,4.225876e-01,-9.524452e+01,7.557068e-01,1.866125e+00,7.556712e-01,1.599439e+00,5.182828e-01,-6.516518e+01
109.64782,4.156971e-01,-9.796663e+01,7.558670e-01,-7.323191e-01,7.558304e-01,-9.755332e-01,5.187397e-01,-6.780234e+01
120.22644,4.114168e-01,-1.006345e+02,7.544437e-01,-3.332547e+00,7.544063e-01,-3.554354e+00,5.218218e-01,-7.061891e+01
131.82567,4.097067e-01,-1.032567e+02,7.514157e-01,-5.945369e+00,7.513778e-01,-6.147652e+00,5.275174e-01,-7.361941e+01
144.54398,4.105014e-01,-1.058432e+02,7.467403e-01,-8.580914e+00,7.467021e-01,-8.765390e+00,5.357947e-01,-7.680226e+01
158.48932,4.137100e-01,-1.084054e+02,7.403558e-01,-1.124815e+01,7.403175e-01,-1.141639e+01,5.465964e-01,-8.016012e+01
173.78008,4.192135e-01,-1.109556e+02,7.321873e-01,-1.395441e+01,7.321490e-01,-1.410784e+01,5.598332e-01,-8.368060e+01
190.54607,4.268633e-01,-1.135052e+02,7.221533e-01,-1.670492e+01,7.221152e-01,-1.684483e+01,5.753765e-01,-8.734704e+01
208.92961,4.364780e-01,-1.160647e+02,7.101747e-01,-1.950231e+01,7.101370e-01,-1.962990e+01,5.930516e-01,-9.113937e+01
229.08677,4.478430e-01,-1.186421e+02,6.961858e-01,-2.234626e+01,6.961486e-01,-2.246261e+01,6.126332e-01,-9.503493e+01
251.18864,4.607102e-01,-1.212423e+02,6.801453e-01,-2.523318e+01,6.801088e-01,-2.533928e+01,6.338433e-01,-9.900918e+01
275.42287,4.748012e-01,-1.238662e+02,6.620489e-01,-2.815601e+01,6.620132e-01,-2.825275e+01,6.563545e-01,-1.030363e+02
301.99517,4.898134e-01,-1.265108e+02,6.419393e-01,-3.110426e+01,6.419046e-01,-3.119247e+01,6.797971e-01,-1.070896e+02
331.13112,5.054289e-01,-1.291687e+02,6.199152e-01,-3.406424e+01,6.198816e-01,-3.414467e+01,7.037721e-01,-1.111420e+02
363.07805,5.213262e-01,-1.318288e+02,5.961347e-01,-3.701950e+01,5.961023e-01,-3.709284e+01,7.278680e-01,-1.151669e+02
398.10717,5.371937e-01,-1.344771e+02,5.708149e-01,-3.995153e+01,5.707839e-01,-4.001839e+01,7.516805e-01,-1.191379e+02
436.51583,5.527437e-01,-1.370971e+02,5.442253e-01,-4.284055e+01,5.441957e-01,-4.290151e+01,7.748325e-01,-1.230301e+02
478.63009,5.677240e-01,-1.396713e+02,5.166761e-01,-4.566652e+01,5.166479e-01,-4.572208e+01,7.969921e-01,-1.268203e+02
524.80746,5.819279e-01,-1.421820e+02,4.885026e-01,-4.840998e+01,4.884760e-01,-4.846062e+01,8.178871e-01,-1.304878e+02
575.43994,5.951997e-01,-1.446125e+02,4.600487e-01,-5.105293e+01,4.600236e-01,-5.109909e+01,8.373135e-01,-1.340148e+02
630.95734,6.074359e-01,-1.469477e+02,4.316488e-01,-5.357953e+01,4.316252e-01,-5.362159e+01,8.551377e-01,-1.373869e+02
691.83097,6.185832e-01,-1.491746e+02,4.036133e-01,-5.597647e+01,4.035913e-01,-5.601479e+01,8.712937e-01,-1.405931e+02
758.57758,6.286324e-01,-1.512828e+02,3.762173e-01,-5.823330e+01,3.761968e-01,-5.826821e+01,8.857755e-01,-1.436260e+02
831.76377,6.376114e-01,-1.532648e+02,3.496925e-01,-6.034238e+01,3.496735e-01,-6.037417e+01,8.986266e-01,-1.464814e+02
912.01084,6.455771e-01,-1.551153e+02,3.242244e-01,-6.229876e+01,3.242068e-01,-6.232770e+01,9.099286e-01,-1.491582e+02
1000.00000,6.526069e-01,-1.568316e+02,2.999520e-01,-6.409988e+01,2.999357e-01,-6.412621e+01,9.197891e-01,-1.516580e+02
1096.47820,6.587918e-01,-1.584130e+02,2.769710e-01,-6.574525e+01,2.769560e-01,-6.576921e+01,9.283321e-01,-1.539847e+02
1202.26443,6.642303e-01,-1.598604e+02,2.553382e-01,-6.723607e+01,2.553244e-01,-6.725786e+01,9.356886e-01,-1.561437e+02
1318.25674,6.690236e-01,-1.611761e+02,2.350775e-01,-6.857484e+01,2.350648e-01,-6.859463e+01,9.419900e-01,-1.581419e+02
1445.43977,6.732731e-01,-1.623633e+02,2.161853e-01,-6.976501e+01,2.161737e-01,-6.978299e+01,9.473632e-01,-1.599872e+02
1584.89319,6.770774e-01,-1.634262e+02,1.986368e-01,-7.081075e+01,1.986262e-01,-7.082706e+01,9.519272e-01,-1.616879e+02
1737.80083,6.805320e-01,-1.643691e+02,1.823907e-01,-7.171665e+01,1.823810e-01,-7.173143e+01,9.557910e-01,-1.632527e+02
1905.46072,6.837290e-01,-1.651969e+02,1.673942e-01,-7.248760e+01,1.673854e-01,-7.250098e+01,9.590530e-01,-1.646905e+02
2089.29613,6.867570e-01,-1.659145e+02,1.535866e-01,-7.312866e+01,1.535785e-01,-7.314075e+01,9.618006e-01,-1.660100e+02
2290.86765,6.897025e-01,-1.665269e+02,1.409021e-01,-7.364504e+01,1.408948e-01,-7.365595e+01,9.641102e-01,-1.672197e+02
2511.88643,6.926504e-01,-1.670394e+02,1.292728e-01,-7.404211e+01,1.292662e-01,-7.405193e+01,9.660487e-01,-1.683277e+02
2754.22870,6.956853e-01,-1.674570e+02,1.186301e-01,-7.432544e+01,1.186241e-01,-7.433426e+01,9.676736e-01,-1.693420e+02
3019.95172,6.988925e-01,-1.677853e+02,1.089061e-01,-7.450097e+01,1.089007e-01,-7.450888e+01,9.690342e-01,-1.702697e+02
3311.31121,7.023589e-01,-1.680297e+02,1.000346e-01,-7.457518e+01,1.000297e-01,-7.458224e+01,9.701727e-01,-1.711179e+02
3630.78055,7.061733e-01,-1.681965e+02,9.195166e-02,-7.455524e+01,9.194727e-02,-7.456152e+01,9.711250e-01,-1.718931e+02
3981.07171,7.104268e-01,-1.682923e+02,8.459597e-02,-7.444930e+01,8.459204e-02,-7.445486e+01,9.719213e-01,-1.726013e+02
4365.15832,7.152117e-01,-1.683246e+02,7.790896e-02,-7.426671e+01,7.790545e-02,-7.427161e+01,9.725873e-01,-1.732480e+02
4786.30092,7.206204e-01,-1.683017e+02,7.183478e-02,-7.401817e+01,7.183165e-02,-7.402246e+01,9.731446e-01,-1.738385e+02
5248.07460,7.267426e-01,-1.682332e+02,6.632021e-02,-7.371594e+01,6.631744e-02,-7.371967e+01,9.736115e-01,-1.743775e+02
5754.39937,7.336614e-01,-1.681299e+02,6.131455e-02,-7.337379e+01,6.131211e-02,-7.337701e+01,9.740030e-01,-1.748694e+02
6309.57344,7.414489e-01,-1.680038e+02,5.676944e-02,-7.300692e+01,5.676730e-02,-7.300968e+01,9.743321e-01,-1.753183e+02
6918.30971,7.501595e-01,-1.678680e+02,5.263878e-02,-7.263160e+01,5.263692e-02,-7.263394e+01,9.746095e-01,-1.757279e+02
7585.77575,7.598234e-01,-1.677366e+02,4.887874e-02,-7.226461e+01,4.887713e-02,-7.226658e+01,9.748441e-01,-1.761015e+02
8317.63771,7.704398e-01,-1.676237e+02,4.544781e-02,-7.192251e+01,4.544642e-02,-7.192414e+01,9.750433e-01,-1.764424e+02
9120.10839,7.819702e-01,-1.675434e+02,4.230701e-02,-7.162064e+01,4.230583e-02,-7.162198e+01,9.752134e-01,-1.767534e+02
10000.00000,7.943347e-01,-1.675088e+02,3.942026e-02,-7.137216e+01,3.941925e-02,-7.137325e+01,9.753593e-01,-1.770372e+02
