! ! 
! S ! 
! ! 
! # MHz  S  MA  R  50.00000
! ! ===================================================================
1.00000,9.152506e-01,-2.475027e+00,7.089346e+00,1.784980e+02,2.705729e-03,8.851780e+01,8.927445e-01,-9.289140e-01
1.09648,9.152237e-01,-2.713599e+00,7.088899e+00,1.783518e+02,2.966588e-03,8.837723e+01,8.927015e-01,-1.018456e+00
1.20226,9.151914e-01,-2.975169e+00,7.088361e+00,1.781916e+02,3.252555e-03,8.822292e+01,8.926497e-01,-1.116619e+00
1.31826,9.151526e-01,-3.261947e+00,7.087715e+00,1.780161e+02,3.566033e-03,8.805355e+01,8.925875e-01,-1.224230e+00
1.44544,9.151060e-01,-3.576351e+00,7.086938e+00,1.778238e+02,3.909651e-03,8.786770e+01,8.925127e-01,-1.342192e+00
1.58489,9.150499e-01,-3.921029e+00,7.086004e+00,1.776130e+02,4.286284e-03,8.766381e+01,8.924228e-01,-1.471493e+00
1.73780,9.149825e-01,-4.298881e+00,7.084882e+00,1.773822e+02,4.699075e-03,8.744018e+01,8.923148e-01,-1.613214e+00
1.90546,9.149016e-01,-4.713078e+00,7.083534e+00,1.771291e+02,5.151454e-03,8.719491e+01,8.921850e-01,-1.768535e+00
2.08930,9.148043e-01,-5.167089e+00,7.081914e+00,1.768519e+02,5.647166e-03,8.692598e+01,8.920291e-01,-1.938743e+00
2.29087,9.146875e-01,-5.664708e+00,7.079968e+00,1.765481e+02,6.190294e-03,8.663114e+01,8.918418e-01,-2.125246e+00
2.51189,9.145473e-01,-6.210076e+00,7.077631e+00,1.762153e+02,6.785282e-03,8.630794e+01,8.916168e-01,-2.329573e+00
2.75423,9.143788e-01,-6.807716e+00,7.074823e+00,1.758506e+02,7.436962e-03,8.595371e+01,8.913466e-01,-2.553391e+00
3.01995,9.141766e-01,-7.462561e+00,7.071453e+00,1.754512e+02,8.150581e-03,8.556557e+01,8.910223e-01,-2.798509e+00
3.31131,9.139340e-01,-8.179984e+00,7.067407e+00,1.750136e+02,8.931820e-03,8.514033e+01,8.906330e-01,-3.066890e+00
3.63078,9.136429e-01,-8.965831e+00,7.062552e+00,1.745345e+02,9.786815e-03,8.467456e+01,8.901659e-01,-3.360656e+00
3.98107,9.132939e-01,-9.826454e+00,7.056727e+00,1.740100e+02,1.072218e-02,8.416455e+01,8.896057e-01,-3.682098e+00
4.36516,9.128756e-01,-1.076874e+01,7.049744e+00,1.734358e+02,1.174499e-02,8.360626e+01,8.889342e-01,-4.033674e+00
4.78630,9.123747e-01,-1.180013e+01,7.041376e+00,1.728076e+02,1.286284e-02,8.299535e+01,8.881297e-01,-4.418019e+00
5.24807,9.117752e-01,-1.292866e+01,7.031355e+00,1.721205e+02,1.408374e-02,8.232715e+01,8.871666e-01,-4.837936e+00
5.75440,9.110584e-01,-1.416296e+01,7.019363e+00,1.713694e+02,1.541616e-02,8.159667e+01,8.860145e-01,-5.296388e+00
6.30957,9.102024e-01,-1.551228e+01,7.005026e+00,1.705487e+02,1.686895e-02,8.079858e+01,8.846378e-01,-5.796484e+00
6.91831,9.091814e-01,-1.698644e+01,6.987905e+00,1.696527e+02,1.845121e-02,7.992727e+01,8.829947e-01,-6.341448e+00
7.58578,9.079654e-01,-1.859587e+01,6.967487e+00,1.686752e+02,2.017220e-02,7.897684e+01,8.810364e-01,-6.934581e+00
8.31764,9.065201e-01,-2.035148e+01,6.943173e+00,1.676100e+02,2.204116e-02,7.794115e+01,8.787064e-01,-7.579203e+00
9.12011,9.048058e-01,-2.226464e+01,6.914275e+00,1.664503e+02,2.406701e-02,7.681394e+01,8.759398e-01,-8.278572e+00
10.00000,9.027779e-01,-2.434700e+01,6.880005e+00,1.651898e+02,2.625810e-02,7.558887e+01,8.726626e-01,-9.035779e+00
10.96478,9.003864e-01,-2.661033e+01,6.839469e+00,1.638217e+02,2.862171e-02,7.425969e+01,8.687916e-01,-9.853617e+00
12.02264,8.975764e-01,-2.906630e+01,6.791669e+00,1.623398e+02,3.116364e-02,7.282040e+01,8.642345e-01,-1.073440e+01
13.18257,8.942888e-01,-3.172613e+01,6.735505e+00,1.607383e+02,3.388753e-02,7.126549e+01,8.588907e-01,-1.167978e+01
14.45440,8.904614e-01,-3.460020e+01,6.669787e+00,1.590118e+02,3.679422e-02,6.959022e+01,8.526528e-01,-1.269048e+01
15.84893,8.860315e-01,-3.769757e+01,6.593264e+00,1.571565e+02,3.988094e-02,6.779089e+01,8.454101e-01,-1.376601e+01
17.37801,8.809386e-01,-4.102542e+01,6.504655e+00,1.551694e+02,4.314058e-02,6.586525e+01,8.370521e-01,-1.490440e+01
19.05461,8.751282e-01,-4.458838e+01,6.402703e+00,1.530496e+02,4.656089e-02,6.381287e+01,8.274747e-01,-1.610190e+01
20.89296,8.685571e-01,-4.838786e+01,6.286244e+00,1.507985e+02,5.012385e-02,6.163553e+01,8.165880e-01,-1.735265e+01
22.90868,8.611987e-01,-5.242131e+01,6.154288e+00,1.484196e+02,5.380535e-02,5.933758e+01,8.043243e-01,-1.864854e+01
25.11886,8.530491e-01,-5.668157e+01,6.006115e+00,1.459195e+02,5.757509e-02,5.692623e+01,7.906487e-01,-1.997909e+01
27.54229,8.441324e-01,-6.115626e+01,5.841367e+00,1.433078e+02,6.139704e-02,5.441172e+01,7.755683e-01,-2.133149e+01
30.19952,8.345052e-01,-6.582746e+01,5.660139e+00,1.405967e+02,6.523044e-02,5.180731e+01,7.591412e-01,-2.269098e+01
33.11311,8.242587e-01,-7.067154e+01,5.463046e+00,1.378016e+02,6.903136e-02,4.912904e+01,7.414821e-01,-2.404133e+01
36.30781,8.135175e-01,-7.565940e+01,5.251256e+00,1.349397e+02,7.275466e-02,4.639533e+01,7.227645e-01,-2.536571e+01
39.81072,8.024352e-01,-8.075703e+01,5.026482e+00,1.320302e+02,7.635632e-02,4.362630e+01,7.032179e-01,-2.664774e+01
43.65158,7.911868e-01,-8.592645e+01,4.790925e+00,1.290928e+02,7.979578e-02,4.084293e+01,6.831187e-01,-2.787274e+01
47.86301,7.799579e-01,-9.112698e+01,4.547168e+00,1.261472e+02,8.303808e-02,3.806616e+01,6.627777e-01,-2.902901e+01
52.48075,7.689328e-01,-9.631674e+01,4.298047e+00,1.232119e+02,8.605543e-02,3.531597e+01,6.425227e-01,-3.010912e+01
57.54399,7.582830e-01,-1.014542e+02,4.046493e+00,1.203035e+02,8.882817e-02,3.261049e+01,6.226804e-01,-3.111092e+01
63.09573,7.481570e-01,-1.064997e+02,3.795378e+00,1.174359e+02,9.134501e-02,2.996538e+01,6.035592e-01,-3.203818e+01
69.18310,7.386729e-01,-1.114170e+02,3.547386e+00,1.146200e+02,9.360252e-02,2.739330e+01,5.854334e-01,-3.290097e+01
75.85776,7.299153e-01,-1.161744e+02,3.304902e+00,1.118630e+02,9.560412e-02,2.490369e+01,5.685338e-01,-3.371534e+01
83.17638,7.219347e-01,-1.207451e+02,3.069942e+00,1.091691e+02,9.735876e-02,2.250275e+01,5.530412e-01,-3.450281e+01
91.20108,7.147501e-01,-1.251081e+02,2.844126e+00,1.065388e+02,9.887935e-02,2.019354e+01,5.390858e-01,-3.528928e+01
100.00000,7.083537e-01,-1.292481e+02,2.628669e+00,1.039696e+02,1.001814e-01,1.797630e+01,5.267513e-01,-3.610385e+01
109.64782,7.027166e-01,-1.331552e+02,2.424408e+00,1.014565e+02,1.012814e-01,1.584877e+01,5.160806e-01,-3.697744e+01
120.22644,6.977942e-01,-1.368243e+02,2.231839e+00,9.899176e+01,1.021960e-01,1.380659e+01,5.070854e-01,-3.794143e+01
131.82567,6.935324e-01,-1.402547e+02,2.051166e+00,9.656599e+01,1.029411e-01,1.184372e+01,4.997556e-01,-3.902646e+01
144.54398,6.898717e-01,-1.434494e+02,1.882354e+00,9.416800e+01,1.035307e-01,9.952761e+00,4.940684e-01,-4.026137e+01
158.48932,6.867514e-01,-1.464140e+02,1.725177e+00,9.178535e+01,1.039769e-01,8.125357e+00,4.899976e-01,-4.167241e+01
173.78008,6.841123e-01,-1.491567e+02,1.579265e+00,8.940457e+01,1.042896e-01,6.352471e+00,4.875204e-01,-4.328253e+01
190.54607,6.818988e-01,-1.516871e+02,1.444144e+00,8.701140e+01,1.044759e-01,4.624663e+00,4.866232e-01,-4.511101e+01
208.92961,6.800600e-01,-1.540158e+02,1.319272e+00,8.459110e+01,1.045403e-01,2.932331e+00,4.873053e-01,-4.717307e+01
229.08677,6.785502e-01,-1.561543e+02,1.204064e+00,8.212856e+01,1.044845e-01,1.265939e+00,4.895806e-01,-4.947964e+01
251.18864,6.773299e-01,-1.581142e+02,1.097915e+00,7.960860e+01,1.043075e-01,-3.837673e-01,4.934774e-01,-5.203715e+01
275.42287,6.763646e-01,-1.599073e+02,1.000218e+00,7.701615e+01,1.040058e-01,-2.025547e+00,4.990365e-01,-5.484745e+01
301.99517,6.756257e-01,-1.615450e+02,9.103783e-01,7.433651e+01,1.035732e-01,-3.667424e+00,5.063065e-01,-5.790768e+01
331.13112,6.750891e-01,-1.630387e+02,8.278212e-01,7.155565e+01,1.030010e-01,-5.316436e+00,5.153380e-01,-6.121031e+01
363.07805,6.747349e-01,-1.643992e+02,7.519995e-01,6.866056e+01,1.022789e-01,-6.978337e+00,5.261758e-01,-6.474332e+01
398.10717,6.745470e-01,-1.656369e+02,6.823994e-01,6.563969e+01,1.013945e-01,-8.657284e+00,5.388498e-01,-6.849040e+01
436.51583,6.745121e-01,-1.667617e+02,6.185426e-01,6.248336e+01,1.003348e-01,-1.035548e+01,5.533640e-01,-7.243142e+01
478.63009,6.746190e-01,-1.677831e+02,5.599888e-01,5.918437e+01,9.908622e-02,-1.207279e+01,5.696871e-01,-7.654293e+01
524.80746,6.748578e-01,-1.687099e+02,5.063360e-01,5.573857e+01,9.763621e-02,-1.380638e+01,5.877422e-01,-8.079880e+01
575.43994,6.752190e-01,-1.695506e+02,4.572195e-01,5.214546e+01,9.597414e-02,-1.555039e+01,6.073993e-01,-8.517082e+01
630.95734,6.756928e-01,-1.703131e+02,4.123110e-01,4.840879e+01,9.409272e-02,-1.729564e+01,6.284713e-01,-8.962938e+01
691.83097,6.762685e-01,-1.710047e+02,3.713155e-01,4.453714e+01,9.198949e-02,-1.902954e+01,6.507133e-01,-9.414397e+01
758.57758,6.769337e-01,-1.716323e+02,3.339673e-01,4.054424e+01,8.966809e-02,-2.073608e+01,6.738281e-01,-9.868378e+01
831.76377,6.776745e-01,-1.722021e+02,3.000259e-01,3.644926e+01,8.713938e-02,-2.239621e+01,6.974766e-01,-1.032181e+02
912.01084,6.784753e-01,-1.727196e+02,2.692709e-01,3.227676e+01,8.442203e-02,-2.398828e+01,7.212934e-01,-1.077170e+02
1000.00000,6.793192e-01,-1.731897e+02,2.414961e-01,2.805635e+01,8.154253e-02,-2.548894e+01,7.449054e-01,-1.121514e+02
1096.47820,6.801891e-01,-1.736165e+02,2.165052e-01,2.382214e+01,7.853451e-02,-2.687411e+01,7.679529e-01,-1.164942e+02
1202.26443,6.810680e-01,-1.740034e+02,1.941071e-01,1.961183e+01,7.543733e-02,-2.812025e+01,7.901086e-01,-1.207202e+02
1318.25674,6.819405e-01,-1.743533e+02,1.741136e-01,1.546553e+01,7.229414e-02,-2.920559e+01,8.110949e-01,-1.248072e+02
1445.43977,6.827934e-01,-1.746684e+02,1.563375e-01,1.142448e+01,6.914960e-02,-3.011147e+01,8.306948e-01,-1.287362e+02
1584.89319,6.836166e-01,-1.749503e+02,1.405930e-01,7.529522e+00,6.604747e-02,-3.082342e+01,8.487574e-01,-1.324918e+02
1737.80083,6.844033e-01,-1.752002e+02,1.266971e-01,3.819634e+00,6.302849e-02,-3.133214e+01,8.651979e-01,-1.360621e+02
1905.46072,6.851504e-01,-1.754190e+02,1.144714e-01,3.303952e-01,6.012856e-02,-3.163414e+01,8.799920e-01,-1.394393e+02
2089.29613,6.858581e-01,-1.756073e+02,1.037446e-01,-2.907383e+00,5.737747e-02,-3.173211e+01,8.931670e-01,-1.426191e+02
2290.86765,6.865299e-01,-1.757656e+02,9.435524e-02,-5.868867e+00,5.479820e-02,-3.163489e+01,9.047909e-01,-1.456002e+02
2511.88643,6.871722e-01,-1.758942e+02,8.615291e-02,-8.536161e+00,5.240672e-02,-3.135721e+01,9.149616e-01,-1.483845e+02
2754.22870,6.877938e-01,-1.759931e+02,7.899989e-02,-1.089897e+01,5.021225e-02,-3.091901e+01,9.237956e-01,-1.509763e+02
3019.95172,6.884059e-01,-1.760624e+02,7.277147e-02,-1.295494e+01,4.821783e-02,-3.034456e+01,9.314198e-01,-1.533816e+02
3311.31121,6.890215e-01,-1.761022e+02,6.735585e-02,-1.470967e+01,4.642111e-02,-2.966134e+01,9.379635e-01,-1.556079e+02
3630.78055,6.896556e-01,-1.761124e+02,6.265350e-02,-1.617632e+01,4.481530e-02,-2.889880e+01,9.435530e-01,-1.576641e+02
3981.07171,6.903251e-01,-1.760927e+02,5.857619e-02,-1.737500e+01,4.339009e-02,-2.808714e+01,9.483082e-01,-1.595592e+02
4365.15832,6.910490e-01,-1.760431e+02,5.504582e-02,-1.833176e+01,4.213264e-02,-2.725610e+01,9.523396e-01,-1.613030e+02
4786.30092,6.918487e-01,-1.759630e+02,5.199323e-02,-1.907741e+01,4.102837e-02,-2.643399e+01,9.557477e-01,-1.629052e+02
5248.07460,6.927482e-01,-1.758523e+02,4.935707e-02,-1.964614e+01,4.006174e-02,-2.564695e+01,9.586221e-01,-1.643756e+02
5754.39937,6.937750e-01,-1.757106e+02,4.708273e-02,-2.007414e+01,3.921684e-02,-2.491837e+01,9.610418e-01,-1.657234e+02
6309.57344,6.949598e-01,-1.755375e+02,4.512147e-02,-2.039815e+01,3.847787e-02,-2.426872e+01,9.630759e-01,-1.669579e+02
6918.30971,6.963382e-01,-1.753328e+02,4.342967e-02,-2.065421e+01,3.782948e-02,-2.371550e+01,9.647840e-01,-1.680876e+02
7585.77575,6.979502e-01,-1.750964e+02,4.196818e-02,-2.087664e+01,3.725697e-02,-2.327336e+01,9.662179e-01,-1.691207e+02
8317.63771,6.998414e-01,-1.748283e+02,4.070183e-02,-2.109719e+01,3.674639e-02,-2.295441e+01,9.674214e-01,-1.700651e+02
9120.10839,7.020635e-01,-1.745290e+02,3.959890e-02,-2.134456e+01,3.628458e-02,-2.276850e+01,9.684324e-01,-1.709278e+02
10000.00000,7.046740e-01,-1.741996e+02,3.863080e-02,-2.164410e+01,3.585915e-02,-2.272356e+01,9.692827e-01,-1.717156e+02
