! ! 
! S ! 
! ! 
! # MHz  S  MA  R  50.00000
! ! ===================================================================
1.00000,9.222055e-01,-2.345753e+00,6.650269e+00,1.785670e+02,2.662914e-03,8.858954e+01,8.938439e-01,-8.634744e-01
1.09648,9.221806e-01,-2.571884e+00,6.649889e+00,1.784275e+02,2.919663e-03,8.845551e+01,8.938057e-01,-9.467138e-01
1.20226,9.221506e-01,-2.819815e+00,6.649432e+00,1.782747e+02,3.201129e-03,8.830840e+01,8.937598e-01,-1.037970e+00
1.31826,9.221145e-01,-3.091643e+00,6.648884e+00,1.781072e+02,3.509681e-03,8.814695e+01,8.937046e-01,-1.138010e+00
1.44544,9.220712e-01,-3.389660e+00,6.648224e+00,1.779238e+02,3.847908e-03,8.796982e+01,8.936382e-01,-1.247676e+00
1.58489,9.220191e-01,-3.716379e+00,6.647432e+00,1.777227e+02,4.218646e-03,8.777550e+01,8.935585e-01,-1.367887e+00
1.73780,9.219565e-01,-4.074551e+00,6.646480e+00,1.775024e+02,4.624992e-03,8.756237e+01,8.934627e-01,-1.499649e+00
1.90546,9.218813e-01,-4.467185e+00,6.645335e+00,1.772610e+02,5.070331e-03,8.732864e+01,8.933475e-01,-1.644061e+00
2.08930,9.217909e-01,-4.897575e+00,6.643960e+00,1.769965e+02,5.558357e-03,8.707235e+01,8.932092e-01,-1.802323e+00
2.29087,9.216823e-01,-5.369321e+00,6.642308e+00,1.767066e+02,6.093102e-03,8.679136e+01,8.930430e-01,-1.975746e+00
2.51189,9.215519e-01,-5.886358e+00,6.640323e+00,1.763890e+02,6.678957e-03,8.648335e+01,8.928434e-01,-2.165757e+00
2.75423,9.213954e-01,-6.452984e+00,6.637939e+00,1.760409e+02,7.320701e-03,8.614576e+01,8.926036e-01,-2.373910e+00
3.01995,9.212074e-01,-7.073888e+00,6.635076e+00,1.756597e+02,8.023527e-03,8.577582e+01,8.923158e-01,-2.601897e+00
3.31131,9.209817e-01,-7.754182e+00,6.631639e+00,1.752421e+02,8.793063e-03,8.537049e+01,8.919702e-01,-2.851551e+00
3.63078,9.207110e-01,-8.499433e+00,6.627514e+00,1.747847e+02,9.635403e-03,8.492649e+01,8.915555e-01,-3.124861e+00
3.98107,9.203863e-01,-9.315692e+00,6.622565e+00,1.742839e+02,1.055712e-02,8.444025e+01,8.910580e-01,-3.423970e+00
4.36516,9.199971e-01,-1.020953e+01,6.616629e+00,1.737356e+02,1.156527e-02,8.390790e+01,8.904616e-01,-3.751192e+00
4.78630,9.195307e-01,-1.118806e+01,6.609514e+00,1.731356e+02,1.266742e-02,8.332526e+01,8.897467e-01,-4.109004e+00
5.24807,9.189724e-01,-1.225897e+01,6.600991e+00,1.724792e+02,1.387163e-02,8.268783e+01,8.888906e-01,-4.500051e+00
5.75440,9.183044e-01,-1.343054e+01,6.590786e+00,1.717614e+02,1.518641e-02,8.199079e+01,8.878661e-01,-4.927141e+00
6.30957,9.175062e-01,-1.471164e+01,6.578580e+00,1.709769e+02,1.662071e-02,8.122898e+01,8.866412e-01,-5.393231e+00
6.91831,9.165534e-01,-1.611178e+01,6.563994e+00,1.701200e+02,1.818382e-02,8.039694e+01,8.851783e-01,-5.901404e+00
7.58578,9.154177e-01,-1.764102e+01,6.546586e+00,1.691847e+02,1.988525e-02,7.948890e+01,8.834334e-01,-6.454840e+00
8.31764,9.140662e-01,-1.930998e+01,6.525838e+00,1.681649e+02,2.173461e-02,7.849884e+01,8.813554e-01,-7.056767e+00
9.12011,9.124613e-01,-2.112977e+01,6.501153e+00,1.670540e+02,2.374133e-02,7.742055e+01,8.788853e-01,-7.710393e+00
10.00000,9.105599e-01,-2.311189e+01,6.471843e+00,1.658454e+02,2.591441e-02,7.624768e+01,8.759557e-01,-8.418818e+00
10.96478,9.083135e-01,-2.526804e+01,6.437122e+00,1.645325e+02,2.826206e-02,7.497391e+01,8.724899e-01,-9.184919e+00
12.02264,9.056684e-01,-2.760997e+01,6.396109e+00,1.631087e+02,3.079117e-02,7.359306e+01,8.684027e-01,-1.001120e+01
13.18257,9.025661e-01,-3.014917e+01,6.347821e+00,1.615680e+02,3.350681e-02,7.209932e+01,8.635997e-01,-1.089960e+01
14.45440,8.989441e-01,-3.289654e+01,6.291187e+00,1.599046e+02,3.641150e-02,7.048747e+01,8.579797e-01,-1.185131e+01
15.84893,8.947378e-01,-3.586194e+01,6.225062e+00,1.581139e+02,3.950452e-02,6.875316e+01,8.514358e-01,-1.286645e+01
17.37801,8.898832e-01,-3.905367e+01,6.148252e+00,1.561921e+02,4.278103e-02,6.689331e+01,8.438598e-01,-1.394387e+01
19.05461,8.843202e-01,-4.247790e+01,6.059560e+00,1.541374e+02,4.623135e-02,6.490641e+01,8.351463e-01,-1.508079e+01
20.89296,8.779971e-01,-4.613795e+01,5.957838e+00,1.519496e+02,4.984013e-02,6.279296e+01,8.251999e-01,-1.627256e+01
22.90868,8.708762e-01,-5.003364e+01,5.842058e+00,1.496310e+02,5.358587e-02,6.055585e+01,8.139426e-01,-1.751241e+01
25.11886,8.629396e-01,-5.416053e+01,5.711396e+00,1.471865e+02,5.744066e-02,5.820068e+01,8.013234e-01,-1.879129e+01
27.54229,8.541953e-01,-5.850933e+01,5.565320e+00,1.446238e+02,6.137035e-02,5.573598e+01,7.873278e-01,-2.009788e+01
30.19952,8.446824e-01,-6.306539e+01,5.403680e+00,1.419537e+02,6.533525e-02,5.317334e+01,7.719871e-01,-2.141880e+01
33.11311,8.344746e-01,-6.780842e+01,5.226780e+00,1.391900e+02,6.929144e-02,5.052729e+01,7.553858e-01,-2.273898e+01
36.30781,8.236811e-01,-7.271252e+01,5.035432e+00,1.363486e+02,7.319257e-02,4.781499e+01,7.376655e-01,-2.404245e+01
39.81072,8.124439e-01,-7.774654e+01,4.830970e+00,1.334477e+02,7.699213e-02,4.505565e+01,7.190247e-01,-2.531319e+01
43.65158,8.009320e-01,-8.287478e+01,4.615218e+00,1.305068e+02,8.064591e-02,4.226986e+01,6.997130e-01,-2.653635e+01
47.86301,7.893316e-01,-8.805811e+01,4.390418e+00,1.275454e+02,8.411427e-02,3.947863e+01,6.800205e-01,-2.769953e+01
52.48075,7.778347e-01,-9.325529e+01,4.159119e+00,1.245828e+02,8.736422e-02,3.670250e+01,6.602628e-01,-2.879400e+01
57.54399,7.666267e-01,-9.842451e+01,3.924041e+00,1.216366e+02,9.037071e-02,3.396063e+01,6.407627e-01,-2.981585e+01
63.09573,7.558748e-01,-1.035250e+02,3.687923e+00,1.187219e+02,9.311731e-02,3.127003e+01,6.218334e-01,-3.076682e+01
69.18310,7.457191e-01,-1.085184e+02,3.453395e+00,1.158511e+02,9.559604e-02,2.864493e+01,6.037611e-01,-3.165468e+01
75.85776,7.362666e-01,-1.133703e+02,3.222856e+00,1.130334e+02,9.780667e-02,2.609646e+01,5.867931e-01,-3.249328e+01
83.17638,7.275890e-01,-1.180510e+02,2.998390e+00,1.102743e+02,9.975541e-02,2.363247e+01,5.711299e-01,-3.330201e+01
91.20108,7.197239e-01,-1.225361e+02,2.781723e+00,1.075760e+02,1.014535e-01,2.125759e+01,5.569217e-01,-3.410496e+01
100.00000,7.126784e-01,-1.268069e+02,2.574197e+00,1.049374e+02,1.029154e-01,1.897346e+01,5.442708e-01,-3.492976e+01
109.64782,7.064343e-01,-1.308504e+02,2.376788e+00,1.023545e+02,1.041577e-01,1.677900e+01,5.332363e-01,-3.580627e+01
120.22644,7.009545e-01,-1.346585e+02,2.190130e+00,9.982077e+01,1.051975e-01,1.467083e+01,5.238428e-01,-3.676524e+01
131.82567,6.961882e-01,-1.382281e+02,2.014556e+00,9.732739e+01,1.060514e-01,1.264364e+01,5.160891e-01,-3.783709e+01
144.54398,6.920770e-01,-1.415600e+02,1.850150e+00,9.486373e+01,1.067348e-01,1.069061e+01,5.099581e-01,-3.905078e+01
158.48932,6.885588e-01,-1.446582e+02,1.696791e+00,9.241771e+01,1.072609e-01,8.803740e+00,5.054258e-01,-4.043304e+01
173.78008,6.855717e-01,-1.475296e+02,1.554202e+00,8.997605e+01,1.076409e-01,6.974217e+00,5.024690e-01,-4.200761e+01
190.54607,6.830562e-01,-1.501828e+02,1.421986e+00,8.752459e+01,1.078831e-01,5.192685e+00,5.010716e-01,-4.379482e+01
208.92961,6.809571e-01,-1.526279e+02,1.299667e+00,8.504851e+01,1.079932e-01,3.449519e+00,5.012290e-01,-4.581118e+01
229.08677,6.792246e-01,-1.548760e+02,1.186714e+00,8.253260e+01,1.079739e-01,1.735072e+00,5.029502e-01,-4.806913e+01
251.18864,6.778144e-01,-1.569385e+02,1.082570e+00,7.996150e+01,1.078251e-01,3.989901e-02,5.062589e-01,-5.057682e+01
275.42287,6.766884e-01,-1.588271e+02,9.866649e-01,7.731986e+01,1.075438e-01,-1.645010e+00,5.111913e-01,-5.333793e+01
301.99517,6.758139e-01,-1.605537e+02,8.984350e-01,7.459272e+01,1.071244e-01,-3.327988e+00,5.177932e-01,-5.635154e+01
331.13112,6.751634e-01,-1.621295e+02,8.173309e-01,7.176571e+01,1.065587e-01,-5.016433e+00,5.261139e-01,-5.961206e+01
363.07805,6.747142e-01,-1.635659e+02,7.428267e-01,6.882548e+01,1.058361e-01,-6.716513e+00,5.361992e-01,-6.310930e+01
398.10717,6.744476e-01,-1.648734e+02,6.744251e-01,6.576007e+01,1.049444e-01,-8.432842e+00,5.480826e-01,-6.682858e+01
436.51583,6.743480e-01,-1.660624e+02,6.116614e-01,6.255944e+01,1.038703e-01,-1.016813e+01,5.617751e-01,-7.075111e+01
478.63009,6.744025e-01,-1.671427e+02,5.541059e-01,5.921600e+01,1.025997e-01,-1.192279e+01,5.772546e-01,-7.485439e+01
524.80746,6.745996e-01,-1.681235e+02,5.013646e-01,5.572520e+01,1.011195e-01,-1.369458e+01,5.944565e-01,-7.911277e+01
575.43994,6.749286e-01,-1.690136e+02,4.530792e-01,5.208622e+01,9.941838e-02,-1.547824e+01,6.132650e-01,-8.349813e+01
630.95734,6.753788e-01,-1.698213e+02,4.089260e-01,4.830251e+01,9.748815e-02,-1.726522e+01,6.335082e-01,-8.798047e+01
691.83097,6.759384e-01,-1.705543e+02,3.686129e-01,4.438243e+01,9.532550e-02,-1.904351e+01,6.549568e-01,-9.252861e+01
758.57758,6.765945e-01,-1.712198e+02,3.318770e-01,4.033965e+01,9.293326e-02,-2.079766e+01,6.773282e-01,-9.711075e+01
831.76377,6.773324e-01,-1.718243e+02,2.984796e-01,3.619340e+01,9.032160e-02,-2.250902e+01,7.002959e-01,-1.016951e+02
912.01084,6.781359e-01,-1.723737e+02,2.682021e-01,3.196847e+01,8.750878e-02,-2.415625e+01,7.235040e-01,-1.062503e+02
1000.00000,6.789875e-01,-1.728730e+02,2.408404e-01,2.769491e+01,8.452119e-02,-2.571608e+01,7.465855e-01,-1.107463e+02
1096.47820,6.798691e-01,-1.733269e+02,2.162007e-01,2.340744e+01,8.139282e-02,-2.716428e+01,7.691828e-01,-1.151545e+02
1202.26443,6.807630e-01,-1.737389e+02,1.940953e-01,1.914450e+01,7.816384e-02,-2.847687e+01,7.909672e-01,-1.194488e+02
1318.25674,6.816529e-01,-1.741121e+02,1.743395e-01,1.494708e+01,7.487868e-02,-2.963139e+01,8.116561e-01,-1.236058e+02
1445.43977,6.825246e-01,-1.744488e+02,1.567509e-01,1.085732e+01,7.158370e-02,-3.060813e+01,8.310254e-01,-1.276054e+02
1584.89319,6.833672e-01,-1.747510e+02,1.411486e-01,6.916942e+00,6.832474e-02,-3.139135e+01,8.489154e-01,-1.314314e+02
1737.80083,6.841729e-01,-1.750200e+02,1.273548e-01,3.165709e+00,6.514482e-02,-3.197018e+01,8.652318e-01,-1.350711e+02
1905.46072,6.849378e-01,-1.752567e+02,1.151966e-01,-3.601507e-01,6.208220e-02,-3.233942e+01,8.799411e-01,-1.385160e+02
2089.29613,6.856615e-01,-1.754620e+02,1.045081e-01,-3.629334e+00,5.916905e-02,-3.249991e+01,8.930618e-01,-1.417613e+02
2290.86765,6.863471e-01,-1.756364e+02,9.513287e-02,-6.616663e+00,5.643059e-02,-3.245866e+01,9.046546e-01,-1.448053e+02
2511.88643,6.870003e-01,-1.757801e+02,8.692538e-02,-9.304026e+00,5.388481e-02,-3.222864e+01,9.148108e-01,-1.476496e+02
2754.22870,6.876297e-01,-1.758935e+02,7.975219e-02,-1.168100e+01,5.154269e-02,-3.182827e+01,9.236419e-01,-1.502981e+02
3019.95172,6.882460e-01,-1.759767e+02,7.349242e-02,-1.374514e+01,4.940870e-02,-3.128062e+01,9.312709e-01,-1.527569e+02
3311.31121,6.888620e-01,-1.760297e+02,6.803761e-02,-1.550198e+01,4.748163e-02,-3.061239e+01,9.378239e-01,-1.550334e+02
3630.78055,6.894923e-01,-1.760526e+02,6.329103e-02,-1.696463e+01,4.575544e-02,-2.985271e+01,9.434254e-01,-1.571363e+02
3981.07171,6.901536e-01,-1.760452e+02,5.916681e-02,-1.815314e+01,4.422031e-02,-2.903194e+01,9.481935e-01,-1.590750e+02
4365.15832,6.908642e-01,-1.760074e+02,5.558874e-02,-1.909357e+01,4.286353e-02,-2.818043e+01,9.522379e-01,-1.608592e+02
4786.30092,6.916452e-01,-1.759388e+02,5.248921e-02,-1.981677e+01,4.167044e-02,-2.732749e+01,9.556584e-01,-1.624988e+02
5248.07460,6.925200e-01,-1.758393e+02,4.980800e-02,-2.035712e+01,4.062518e-02,-2.650046e+01,9.585442e-01,-1.640036e+02
5754.39937,6.935152e-01,-1.757085e+02,4.749140e-02,-2.075106e+01,3.971137e-02,-2.572418e+01,9.609742e-01,-1.653832e+02
6309.57344,6.946608e-01,-1.755461e+02,4.549128e-02,-2.103574e+01,3.891261e-02,-2.502056e+01,9.630172e-01,-1.666469e+02
6918.30971,6.959911e-01,-1.753518e+02,4.376439e-02,-2.124773e+01,3.821288e-02,-2.440850e+01,9.647332e-01,-1.678035e+02
7585.77575,6.975451e-01,-1.751255e+02,4.227183e-02,-2.142196e+01,3.759676e-02,-2.390397e+01,9.661737e-01,-1.688612e+02
8317.63771,6.993672e-01,-1.748673e+02,4.097847e-02,-2.159084e+01,3.704962e-02,-2.352020e+01,9.673829e-01,-1.698282e+02
9120.10839,7.015075e-01,-1.745776e+02,3.985262e-02,-2.178377e+01,3.655764e-02,-2.326804e+01,9.683984e-01,-1.707115e+02
10000.00000,7.040222e-01,-1.742571e+02,3.886557e-02,-2.202676e+01,3.610780e-02,-2.315622e+01,9.692524e-01,-1.715183e+02
