! ! 
! S ! 
! ! 
! # MHz  S  MA  R  50.00000
! ! ===================================================================
1.00000,9.607844e-01,-1.799832e+02,4.433743e-05,8.988684e+01,4.433743e-05,8.988684e+01,9.077331e-01,-1.361517e-01
1.09648,9.607844e-01,-1.799846e+02,4.861502e-05,8.987439e+01,4.861502e-05,8.987440e+01,9.077331e-01,-1.492857e-01
1.20226,9.607844e-01,-1.799859e+02,5.330529e-05,8.986088e+01,5.330529e-05,8.986088e+01,9.077330e-01,-1.636869e-01
1.31826,9.607844e-01,-1.799871e+02,5.844806e-05,8.984619e+01,5.844806e-05,8.984619e+01,9.077329e-01,-1.794777e-01
1.44544,9.607844e-01,-1.799882e+02,6.408699e-05,8.983019e+01,6.408699e-05,8.983019e+01,9.077328e-01,-1.967921e-01
1.58489,9.607844e-01,-1.799891e+02,7.026994e-05,8.981275e+01,7.026994e-05,8.981275e+01,9.077326e-01,-2.157770e-01
1.73780,9.607844e-01,-1.799900e+02,7.704940e-05,8.979372e+01,7.704940e-05,8.979372e+01,9.077325e-01,-2.365937e-01
1.90546,9.607844e-01,-1.799908e+02,8.448292e-05,8.977294e+01,8.448292e-05,8.977294e+01,9.077323e-01,-2.594187e-01
2.08930,9.607844e-01,-1.799915e+02,9.263358e-05,8.975023e+01,9.263358e-05,8.975023e+01,9.077320e-01,-2.844460e-01
2.29087,9.607844e-01,-1.799922e+02,1.015706e-04,8.972540e+01,1.015706e-04,8.972540e+01,9.077317e-01,-3.118878e-01
2.51189,9.607844e-01,-1.799928e+02,1.113697e-04,8.969824e+01,1.113697e-04,8.969824e+01,9.077314e-01,-3.419772e-01
2.75423,9.607845e-01,-1.799933e+02,1.221143e-04,8.966851e+01,1.221143e-04,8.966852e+01,9.077309e-01,-3.749696e-01
3.01995,9.607845e-01,-1.799938e+02,1.338953e-04,8.963598e+01,1.338953e-04,8.963598e+01,9.077304e-01,-4.111449e-01
3.31131,9.607845e-01,-1.799942e+02,1.468129e-04,8.960035e+01,1.468129e-04,8.960035e+01,9.077298e-01,-4.508104e-01
3.63078,9.607845e-01,-1.799945e+02,1.609766e-04,8.956133e+01,1.609766e-04,8.956134e+01,9.077291e-01,-4.943025e-01
3.98107,9.607845e-01,-1.799948e+02,1.765067e-04,8.951859e+01,1.765067e-04,8.951859e+01,9.077282e-01,-5.419905e-01
4.36516,9.607845e-01,-1.799951e+02,1.935348e-04,8.947176e+01,1.935348e-04,8.947176e+01,9.077271e-01,-5.942790e-01
4.78630,9.607845e-01,-1.799954e+02,2.122055e-04,8.942045e+01,2.122055e-04,8.942045e+01,9.077258e-01,-6.516120e-01
5.24807,9.607846e-01,-1.799955e+02,2.326772e-04,8.936422e+01,2.326772e-04,8.936422e+01,9.077243e-01,-7.144757e-01
5.75440,9.607846e-01,-1.799957e+02,2.551234e-04,8.930259e+01,2.551234e-04,8.930259e+01,9.077224e-01,-7.834038e-01
6.30957,9.607846e-01,-1.799958e+02,2.797345e-04,8.923505e+01,2.797345e-04,8.923505e+01,9.077202e-01,-8.589811e-01
6.91831,9.607847e-01,-1.799959e+02,3.067192e-04,8.916101e+01,3.067192e-04,8.916101e+01,9.077175e-01,-9.418487e-01
7.58578,9.607847e-01,-1.799959e+02,3.363062e-04,8.907985e+01,3.363062e-04,8.907985e+01,9.077143e-01,-1.032710e+00
8.31764,9.607848e-01,-1.799960e+02,3.687462e-04,8.899088e+01,3.687462e-04,8.899088e+01,9.077104e-01,-1.132335e+00
9.12011,9.607849e-01,-1.799959e+02,4.043139e-04,8.889335e+01,4.043139e-04,8.889335e+01,9.077057e-01,-1.241568e+00
10.00000,9.607850e-01,-1.799959e+02,4.433105e-04,8.878643e+01,4.433105e-04,8.878643e+01,9.077001e-01,-1.361337e+00
10.96478,9.607851e-01,-1.799958e+02,4.860660e-04,8.866921e+01,4.860660e-04,8.866921e+01,9.076933e-01,-1.492656e+00
12.02264,9.607852e-01,-1.799956e+02,5.329420e-04,8.854070e+01,5.329420e-04,8.854070e+01,9.076852e-01,-1.636638e+00
13.18257,9.607854e-01,-1.799955e+02,5.843344e-04,8.839981e+01,5.843344e-04,8.839981e+01,9.076755e-01,-1.794503e+00
14.45440,9.607855e-01,-1.799953e+02,6.406772e-04,8.824535e+01,6.406772e-04,8.824535e+01,9.076638e-01,-1.967587e+00
15.84893,9.607858e-01,-1.799950e+02,7.024454e-04,8.807602e+01,7.024454e-04,8.807602e+01,9.076497e-01,-2.157355e+00
17.37801,9.607860e-01,-1.799948e+02,7.701592e-04,8.789037e+01,7.701592e-04,8.789037e+01,9.076327e-01,-2.365413e+00
19.05461,9.607864e-01,-1.799944e+02,8.443879e-04,8.768684e+01,8.443879e-04,8.768684e+01,9.076124e-01,-2.593518e+00
20.89296,9.607868e-01,-1.799940e+02,9.257541e-04,8.746372e+01,9.257541e-04,8.746372e+01,9.075879e-01,-2.843596e+00
22.90868,9.607873e-01,-1.799936e+02,1.014939e-03,8.721911e+01,1.014939e-03,8.721911e+01,9.075585e-01,-3.117757e+00
25.11886,9.607878e-01,-1.799931e+02,1.112687e-03,8.695097e+01,1.112687e-03,8.695097e+01,9.075232e-01,-3.418311e+00
27.54229,9.607885e-01,-1.799926e+02,1.219811e-03,8.665703e+01,1.219811e-03,8.665703e+01,9.074808e-01,-3.747784e+00
30.19952,9.607893e-01,-1.799920e+02,1.337198e-03,8.633482e+01,1.337198e-03,8.633482e+01,9.074298e-01,-4.108943e+00
33.11311,9.607903e-01,-1.799913e+02,1.465816e-03,8.598166e+01,1.465816e-03,8.598166e+01,9.073686e-01,-4.504812e+00
36.30781,9.607915e-01,-1.799906e+02,1.606719e-03,8.559458e+01,1.606719e-03,8.559458e+01,9.072950e-01,-4.938699e+00
39.81072,9.607930e-01,-1.799898e+02,1.761051e-03,8.517037e+01,1.761051e-03,8.517037e+01,9.072068e-01,-5.414214e+00
43.65158,9.607947e-01,-1.799889e+02,1.930058e-03,8.470551e+01,1.930058e-03,8.470551e+01,9.071009e-01,-5.935301e+00
47.86301,9.607968e-01,-1.799879e+02,2.115086e-03,8.419616e+01,2.115086e-03,8.419616e+01,9.069738e-01,-6.506260e+00
52.48075,9.607993e-01,-1.799868e+02,2.317592e-03,8.363814e+01,2.317592e-03,8.363814e+01,9.068213e-01,-7.131776e+00
57.54399,9.608022e-01,-1.799856e+02,2.539145e-03,8.302691e+01,2.539145e-03,8.302691e+01,9.066386e-01,-7.816946e+00
63.09573,9.608058e-01,-1.799843e+02,2.781429e-03,8.235752e+01,2.781429e-03,8.235752e+01,9.064198e-01,-8.567306e+00
69.18310,9.608101e-01,-1.799828e+02,3.046242e-03,8.162463e+01,3.046242e-03,8.162463e+01,9.061578e-01,-9.388859e+00
75.85776,9.608152e-01,-1.799812e+02,3.335493e-03,8.082244e+01,3.335493e-03,8.082244e+01,9.058444e-01,-1.028810e+01
83.17638,9.608214e-01,-1.799795e+02,3.651197e-03,7.994470e+01,3.651197e-03,7.994470e+01,9.054700e-01,-1.127202e+01
91.20108,9.608287e-01,-1.799776e+02,3.995455e-03,7.898470e+01,3.995455e-03,7.898470e+01,9.050233e-01,-1.234816e+01
100.00000,9.608375e-01,-1.799756e+02,4.370438e-03,7.793525e+01,4.370438e-03,7.793525e+01,9.044910e-01,-1.352457e+01
109.64782,9.608479e-01,-1.799734e+02,4.778352e-03,7.678870e+01,4.778352e-03,7.678870e+01,9.038578e-01,-1.480983e+01
120.22644,9.608604e-01,-1.799709e+02,5.221393e-03,7.553694e+01,5.221393e-03,7.553694e+01,9.031065e-01,-1.621302e+01
131.82567,9.608752e-01,-1.799683e+02,5.701684e-03,7.417147e+01,5.701684e-03,7.417147e+01,9.022170e-01,-1.774367e+01
144.54398,9.608927e-01,-1.799655e+02,6.221196e-03,7.268343e+01,6.221196e-03,7.268343e+01,9.011673e-01,-1.941170e+01
158.48932,9.609134e-01,-1.799625e+02,6.781642e-03,7.106372e+01,6.781642e-03,7.106372e+01,8.999331e-01,-2.122729e+01
173.78008,9.609379e-01,-1.799593e+02,7.384343e-03,6.930313e+01,7.384343e-03,6.930313e+01,8.984883e-01,-2.320076e+01
190.54607,9.609666e-01,-1.799558e+02,8.030068e-03,6.739250e+01,8.030068e-03,6.739250e+01,8.968056e-01,-2.534234e+01
208.92961,9.610003e-01,-1.799522e+02,8.718836e-03,6.532298e+01,8.718836e-03,6.532298e+01,8.948581e-01,-2.766192e+01
229.08677,9.610394e-01,-1.799484e+02,9.449703e-03,6.308627e+01,9.449703e-03,6.308627e+01,8.926206e-01,-3.016873e+01
251.18864,9.610847e-01,-1.799444e+02,1.022051e-02,6.067499e+01,1.022051e-02,6.067499e+01,8.900722e-01,-3.287094e+01
275.42287,9.611368e-01,-1.799403e+02,1.102761e-02,5.808308e+01,1.102761e-02,5.808308e+01,8.871996e-01,-3.577522e+01
301.99517,9.611964e-01,-1.799360e+02,1.186567e-02,5.530621e+01,1.186567e-02,5.530621e+01,8.840009e-01,-3.888623e+01
331.13112,9.612638e-01,-1.799318e+02,1.272740e-02,5.234225e+01,1.272740e-02,5.234225e+01,8.804907e-01,-4.220610e+01
363.07805,9.613396e-01,-1.799275e+02,1.360345e-02,4.919172e+01,1.360345e-02,4.919172e+01,8.767042e-01,-4.573390e+01
398.10717,9.614238e-01,-1.799233e+02,1.448233e-02,4.585817e+01,1.448233e-02,4.585817e+01,8.727033e-01,-4.946520e+01
436.51583,9.615166e-01,-1.799193e+02,1.535058e-02,4.234854e+01,1.535058e-02,4.234854e+01,8.685794e-01,-5.339172e+01
478.63009,9.616175e-01,-1.799154e+02,1.619298e-02,3.867328e+01,1.619298e-02,3.867328e+01,8.644563e-01,-5.750115e+01
524.80746,9.617262e-01,-1.799119e+02,1.699303e-02,3.484640e+01,1.699303e-02,3.484640e+01,8.604891e-01,-6.177720e+01
575.43994,9.618419e-01,-1.799087e+02,1.773360e-02,3.088532e+01,1.773360e-02,3.088532e+01,8.568595e-01,-6.619991e+01
630.95734,9.619637e-01,-1.799059e+02,1.839762e-02,2.681049e+01,1.839762e-02,2.681049e+01,8.537676e-01,-7.074614e+01
691.83097,9.620906e-01,-1.799035e+02,1.896894e-02,2.264503e+01,1.896894e-02,2.264503e+01,8.514186e-01,-7.539038e+01
758.57758,9.622214e-01,-1.799016e+02,1.943313e-02,1.841415e+01,1.943313e-02,1.841415e+01,8.500075e-01,-8.010555e+01
831.76377,9.623551e-01,-1.799001e+02,1.977819e-02,1.414466e+01,1.977819e-02,1.414466e+01,8.497014e-01,-8.486391e+01
912.01084,9.624905e-01,-1.798992e+02,1.999522e-02,9.864547e+00,1.999522e-02,9.864547e+00,8.506234e-01,-8.963789e+01
1000.00000,9.626265e-01,-1.798987e+02,2.007880e-02,5.602594e+00,2.007880e-02,5.602594e+00,8.528385e-01,-9.440070e+01
1096.47820,9.627622e-01,-1.798988e+02,2.002730e-02,1.388108e+00,2.002730e-02,1.388108e+00,8.563456e-01,-9.912683e+01
1202.26443,9.628964e-01,-1.798993e+02,1.984296e-02,-2.749308e+00,1.984296e-02,-2.749308e+00,8.610750e-01,-1.037922e+02
1318.25674,9.630283e-01,-1.799003e+02,1.953178e-02,-6.779984e+00,1.953178e-02,-6.779984e+00,8.668938e-01,-1.083745e+02
1445.43977,9.631566e-01,-1.799017e+02,1.910324e-02,-1.067448e+01,1.910324e-02,-1.067448e+01,8.736162e-01,-1.128529e+02
1584.89319,9.632805e-01,-1.799035e+02,1.856984e-02,-1.440395e+01,1.856984e-02,-1.440395e+01,8.810201e-01,-1.172083e+02
1737.80083,9.633990e-01,-1.799057e+02,1.794649e-02,-1.794069e+01,1.794649e-02,-1.794069e+01,8.888653e-01,-1.214234e+02
1905.46072,9.635110e-01,-1.799082e+02,1.724975e-02,-2.125860e+01,1.724975e-02,-2.125860e+01,8.969122e-01,-1.254827e+02
2089.29613,9.636160e-01,-1.799110e+02,1.649703e-02,-2.433386e+01,1.649703e-02,-2.433386e+01,9.049381e-01,-1.293732e+02
2290.86765,9.637131e-01,-1.799140e+02,1.570579e-02,-2.714538e+01,1.570579e-02,-2.714538e+01,9.127500e-01,-1.330841e+02
2511.88643,9.638022e-01,-1.799170e+02,1.489277e-02,-2.967532e+01,1.489277e-02,-2.967532e+01,9.201924e-01,-1.366073e+02
2754.22870,9.638829e-01,-1.799202e+02,1.407343e-02,-3.190935e+01,1.407343e-02,-3.190935e+01,9.271503e-01,-1.399375e+02
3019.95172,9.639554e-01,-1.799233e+02,1.326143e-02,-3.383682e+01,1.326143e-02,-3.383682e+01,9.335487e-01,-1.430720e+02
3311.31121,9.640199e-01,-1.799262e+02,1.246845e-02,-3.545089e+01,1.246845e-02,-3.545089e+01,9.393477e-01,-1.460108e+02
3630.78055,9.640768e-01,-1.799291e+02,1.170399e-02,-3.674842e+01,1.170399e-02,-3.674842e+01,9.445376e-01,-1.487562e+02
3981.07171,9.641267e-01,-1.799317e+02,1.097550e-02,-3.772995e+01,1.097550e-02,-3.772995e+01,9.491317e-01,-1.513127e+02
4365.15832,9.641701e-01,-1.799340e+02,1.028842e-02,-3.839966e+01,1.028842e-02,-3.839966e+01,9.531599e-01,-1.536864e+02
4786.30092,9.642077e-01,-1.799361e+02,9.646462e-03,-3.876526e+01,9.646462e-03,-3.876526e+01,9.566633e-01,-1.558846e+02
5248.07460,9.642402e-01,-1.799378e+02,9.051805e-03,-3.883799e+01,9.051805e-03,-3.883799e+01,9.596892e-01,-1.579157e+02
5754.39937,9.642681e-01,-1.799391e+02,8.505339e-03,-3.863260e+01,8.505339e-03,-3.863260e+01,9.622870e-01,-1.597887e+02
6309.57344,9.642921e-01,-1.799400e+02,8.006897e-03,-3.816729e+01,8.006897e-03,-3.816729e+01,9.645060e-01,-1.615131e+02
6918.30971,9.643128e-01,-1.799406e+02,7.555465e-03,-3.746360e+01,7.555465e-03,-3.746360e+01,9.663935e-01,-1.630982e+02
7585.77575,9.643306e-01,-1.799407e+02,7.149361e-03,-3.654614e+01,7.149361e-03,-3.654614e+01,9.679930e-01,-1.645535e+02
8317.63771,9.643461e-01,-1.799403e+02,6.786397e-03,-3.544222e+01,6.786397e-03,-3.544222e+01,9.693445e-01,-1.658883e+02
9120.10839,9.643597e-01,-1.799395e+02,6.464009e-03,-3.418123e+01,6.464009e-03,-3.418123e+01,9.704835e-01,-1.671113e+02
10000.00000,9.643717e-01,-1.799383e+02,6.179377e-03,-3.279387e+01,6.179377e-03,-3.279387e+01,9.714412e-01,-1.682311e+02
