! ! 
! S ! 
! ! 
! # MHz  S  MA  R  50.00000
! ! ===================================================================
1.00000,9.188772e-01,-2.407556e+00,6.860317e+00,1.785340e+02,2.681905e-03,8.855524e+01,8.924286e-01,-8.948216e-01
1.09648,9.188513e-01,-2.639635e+00,6.859906e+00,1.783913e+02,2.940477e-03,8.841809e+01,8.923881e-01,-9.810800e-01
1.20226,9.188202e-01,-2.894087e+00,6.859412e+00,1.782349e+02,3.223939e-03,8.826752e+01,8.923395e-01,-1.075645e+00
1.31826,9.187829e-01,-3.173063e+00,6.858818e+00,1.780637e+02,3.534675e-03,8.810229e+01,8.922811e-01,-1.179312e+00
1.44544,9.187379e-01,-3.478914e+00,6.858104e+00,1.778760e+02,3.875292e-03,8.792098e+01,8.922108e-01,-1.292952e+00
1.58489,9.186840e-01,-3.814220e+00,6.857245e+00,1.776703e+02,4.248643e-03,8.772209e+01,8.921264e-01,-1.417518e+00
1.73780,9.186191e-01,-4.181802e+00,6.856214e+00,1.774449e+02,4.657845e-03,8.750393e+01,8.920249e-01,-1.554051e+00
1.90546,9.185411e-01,-4.584746e+00,6.854975e+00,1.771980e+02,5.106304e-03,8.726468e+01,8.919030e-01,-1.703690e+00
2.08930,9.184475e-01,-5.026430e+00,6.853486e+00,1.769274e+02,5.597736e-03,8.700234e+01,8.917565e-01,-1.867676e+00
2.29087,9.183350e-01,-5.510548e+00,6.851697e+00,1.766308e+02,6.136193e-03,8.671473e+01,8.915805e-01,-2.047365e+00
2.51189,9.181998e-01,-6.041132e+00,6.849548e+00,1.763059e+02,6.726092e-03,8.639945e+01,8.913691e-01,-2.244236e+00
2.75423,9.180376e-01,-6.622589e+00,6.846967e+00,1.759500e+02,7.372234e-03,8.605390e+01,8.911152e-01,-2.459896e+00
3.01995,9.178428e-01,-7.259724e+00,6.843868e+00,1.755600e+02,8.079835e-03,8.567524e+01,8.908104e-01,-2.696092e+00
3.31131,9.176090e-01,-7.957776e+00,6.840148e+00,1.751329e+02,8.854545e-03,8.526039e+01,8.904446e-01,-2.954721e+00
3.63078,9.173285e-01,-8.722444e+00,6.835683e+00,1.746651e+02,9.702476e-03,8.480597e+01,8.900056e-01,-3.237836e+00
3.98107,9.169922e-01,-9.559924e+00,6.830327e+00,1.741529e+02,1.063021e-02,8.430835e+01,8.894790e-01,-3.547651e+00
4.36516,9.165891e-01,-1.047694e+01,6.823904e+00,1.735923e+02,1.164483e-02,8.376358e+01,8.888477e-01,-3.886549e+00
4.78630,9.161061e-01,-1.148076e+01,6.816206e+00,1.729788e+02,1.275389e-02,8.316741e+01,8.880913e-01,-4.257084e+00
5.24807,9.155281e-01,-1.257924e+01,6.806985e+00,1.723077e+02,1.396544e-02,8.251525e+01,8.871855e-01,-4.661978e+00
5.75440,9.148368e-01,-1.378083e+01,6.795948e+00,1.715739e+02,1.528796e-02,8.180219e+01,8.861018e-01,-5.104114e+00
6.30957,9.140108e-01,-1.509460e+01,6.782750e+00,1.707721e+02,1.673034e-02,8.102300e+01,8.848064e-01,-5.586523e+00
6.91831,9.130253e-01,-1.653018e+01,6.766983e+00,1.698965e+02,1.830179e-02,8.017214e+01,8.832597e-01,-6.112358e+00
7.58578,9.118510e-01,-1.809783e+01,6.748172e+00,1.689410e+02,2.001170e-02,7.924377e+01,8.814157e-01,-6.684861e+00
8.31764,9.104544e-01,-1.980832e+01,6.725762e+00,1.678994e+02,2.186949e-02,7.823183e+01,8.792206e-01,-7.307304e+00
9.12011,9.087969e-01,-2.167287e+01,6.699113e+00,1.667652e+02,2.388435e-02,7.713006e+01,8.766126e-01,-7.982925e+00
10.00000,9.068346e-01,-2.370307e+01,6.667488e+00,1.655316e+02,2.606498e-02,7.593212e+01,8.735213e-01,-8.714825e+00
10.96478,9.045182e-01,-2.591067e+01,6.630052e+00,1.641922e+02,2.841913e-02,7.463171e+01,8.698670e-01,-9.505845e+00
12.02264,9.017935e-01,-2.830739e+01,6.585868e+00,1.627406e+02,3.095317e-02,7.322275e+01,8.655609e-01,-1.035841e+01
13.18257,8.986014e-01,-3.090459e+01,6.533896e+00,1.611705e+02,3.367150e-02,7.169955e+01,8.605059e-01,-1.127432e+01
14.45440,8.948797e-01,-3.371295e+01,6.473010e+00,1.594768e+02,3.657583e-02,7.005711e+01,8.545976e-01,-1.225455e+01
15.84893,8.905646e-01,-3.674197e+01,6.402011e+00,1.576549e+02,3.966447e-02,6.829139e+01,8.477274e-01,-1.329895e+01
17.37801,8.855935e-01,-3.999942e+01,6.319664e+00,1.557015e+02,4.293148e-02,6.639969e+01,8.397859e-01,-1.440598e+01
19.05461,8.799089e-01,-4.349075e+01,6.224739e+00,1.536153e+02,4.636593e-02,6.438102e+01,8.306681e-01,-1.557240e+01
20.89296,8.734631e-01,-4.721841e+01,6.116077e+00,1.513967e+02,4.995121e-02,6.223648e+01,8.202809e-01,-1.679300e+01
22.90868,8.662236e-01,-5.118107e+01,5.992666e+00,1.490487e+02,5.366453e-02,5.996966e+01,8.085513e-01,-1.806035e+01
25.11886,8.581791e-01,-5.537302e+01,5.853725e+00,1.465770e+02,5.747680e-02,5.758693e+01,7.954354e-01,-1.936472e+01
27.54229,8.493454e-01,-5.978349e+01,5.698800e+00,1.439901e+02,6.135293e-02,5.509765e+01,7.809289e-01,-2.069409e+01
30.19952,8.397702e-01,-6.439625e+01,5.527854e+00,1.412998e+02,6.525268e-02,5.251422e+01,7.650758e-01,-2.203438e+01
33.11311,8.295356e-01,-6.918940e+01,5.341335e+00,1.385202e+02,6.913207e-02,4.985193e+01,7.479747e-01,-2.336995e+01
36.30781,8.187587e-01,-7.413547e+01,5.140224e+00,1.356683e+02,7.294527e-02,4.712856e+01,7.297827e-01,-2.468439e+01
39.81072,8.075875e-01,-7.920188e+01,4.926032e+00,1.327626e+02,7.664695e-02,4.436380e+01,7.107131e-01,-2.596146e+01
43.65158,7.961943e-01,-8.435180e+01,4.700767e+00,1.298227e+02,8.019463e-02,4.157846e+01,6.910286e-01,-2.718638e+01
47.86301,7.847657e-01,-8.954528e+01,4.466836e+00,1.268685e+02,8.355094e-02,3.879355e+01,6.710297e-01,-2.834704e+01
52.48075,7.734905e-01,-9.474069e+01,4.226931e+00,1.239186e+02,8.668541e-02,3.602937e+01,6.510379e-01,-2.943532e+01
57.54399,7.625475e-01,-9.989630e+01,3.983875e+00,1.209903e+02,8.957566e-02,3.330462e+01,6.313785e-01,-3.044812e+01
63.09573,7.520953e-01,-1.049718e+02,3.740479e+00,1.180981e+02,9.220781e-02,3.063566e+01,6.123624e-01,-3.138815e+01
69.18310,7.422633e-01,-1.099299e+02,3.499404e+00,1.152538e+02,9.457615e-02,2.803597e+01,5.942705e-01,-3.226428e+01
75.85776,7.331476e-01,-1.147373e+02,3.263044e+00,1.124656e+02,9.668232e-02,2.551588e+01,5.773422e-01,-3.309144e+01
83.17638,7.248093e-01,-1.193657e+02,3.033457e+00,1.097382e+02,9.853392e-02,2.308243e+01,5.617683e-01,-3.389005e+01
91.20108,7.172769e-01,-1.237924e+02,2.812319e+00,1.070732e+02,1.001430e-01,2.073948e+01,5.476895e-01,-3.468511e+01
100.00000,7.105498e-01,-1.280004e+02,2.600913e+00,1.044687e+02,1.015248e-01,1.848798e+01,5.351988e-01,-3.550496e+01
109.64782,7.046043e-01,-1.319781e+02,2.400149e+00,1.019201e+02,1.026957e-01,1.632626e+01,5.243475e-01,-3.638000e+01
120.22644,6.993994e-01,-1.357190e+02,2.210595e+00,9.942048e+01,1.036726e-01,1.425045e+01,5.151538e-01,-3.734131e+01
131.82567,6.948824e-01,-1.392211e+02,2.032522e+00,9.696060e+01,1.044719e-01,1.225489e+01,5.076120e-01,-3.841943e+01
144.54398,6.909942e-01,-1.424863e+02,1.865956e+00,9.452960e+01,1.051081e-01,1.033245e+01,5.017023e-01,-3.964329e+01
158.48932,6.876732e-01,-1.455195e+02,1.710725e+00,9.211519e+01,1.055942e-01,8.474959e+00,4.973995e-01,-4.103940e+01
173.78008,6.848588e-01,-1.483282e+02,1.566507e+00,8.970400e+01,1.059405e-01,6.673484e+00,4.946807e-01,-4.263113e+01
190.54607,6.824933e-01,-1.509214e+02,1.432867e+00,8.728183e+01,1.061548e-01,4.918620e+00,4.935310e-01,-4.443830e+01
208.92961,6.805235e-01,-1.533097e+02,1.309297e+00,8.483388e+01,1.062422e-01,3.200751e+00,4.939478e-01,-4.647682e+01
229.08677,6.789016e-01,-1.555042e+02,1.195240e+00,8.234500e+01,1.062050e-01,1.510280e+00,4.959425e-01,-4.875838e+01
251.18864,6.775858e-01,-1.575165e+02,1.090114e+00,7.979991e+01,1.060425e-01,-1.621512e-01,4.995413e-01,-5.129032e+01
275.42287,6.765396e-01,-1.593583e+02,9.933318e-01,7.718339e+01,1.057515e-01,-1.825432e+00,5.047827e-01,-5.407541e+01
301.99517,6.757322e-01,-1.610414e+02,9.043144e-01,7.448061e+01,1.053262e-01,-3.487751e+00,5.117141e-01,-5.711177e+01
331.13112,6.751381e-01,-1.625770e+02,8.224997e-01,7.167736e+01,1.047580e-01,-5.156334e+00,5.203856e-01,-6.039288e+01
363.07805,6.747357e-01,-1.639762e+02,7.473515e-01,6.876045e+01,1.040366e-01,-6.837154e+00,5.308429e-01,-6.390760e+01
398.10717,6.745077e-01,-1.652495e+02,6.783641e-01,6.571811e+01,1.031498e-01,-8.534611e+00,5.431177e-01,-6.764048e+01
436.51583,6.744398e-01,-1.664070e+02,6.150663e-01,6.254046e+01,1.020841e-01,-1.025117e+01,5.572181e-01,-7.157202e+01
478.63009,6.745196e-01,-1.674584e+02,5.570229e-01,5.922009e+01,1.008260e-01,-1.198700e+01,5.731176e-01,-7.567925e+01
524.80746,6.747367e-01,-1.684127e+02,5.038360e-01,5.575263e+01,9.936249e-02,-1.373959e+01,5.907459e-01,-7.993626e+01
575.43994,6.750809e-01,-1.692786e+02,4.551442e-01,5.213738e+01,9.768261e-02,-1.550338e+01,6.099804e-01,-8.431488e+01
630.95734,6.755419e-01,-1.700641e+02,4.106212e-01,4.837793e+01,9.577861e-02,-1.726954e+01,6.306420e-01,-8.878530e+01
691.83097,6.761086e-01,-1.707768e+02,3.699737e-01,4.448270e+01,9.364756e-02,-1.902579e+01,6.524937e-01,-9.331667e+01
758.57758,6.767683e-01,-1.714237e+02,3.329371e-01,4.046536e+01,9.129265e-02,-2.075642e+01,6.752459e-01,-9.787770e+01
831.76377,6.775068e-01,-1.720111e+02,2.992722e-01,3.634508e+01,8.872435e-02,-2.244260e+01,6.985659e-01,-1.024372e+02
912.01084,6.783080e-01,-1.725448e+02,2.687591e-01,3.214651e+01,8.596106e-02,-2.406285e+01,7.220927e-01,-1.069644e+02
1000.00000,6.791550e-01,-1.730298e+02,2.411930e-01,2.789946e+01,8.302917e-02,-2.559385e+01,7.454562e-01,-1.114298e+02
1096.47820,6.800301e-01,-1.734703e+02,2.163788e-01,2.363834e+01,7.996245e-02,-2.701144e+01,7.682972e-01,-1.158056e+02
1202.26443,6.809159e-01,-1.738699e+02,1.941274e-01,1.940119e+01,7.680063e-02,-2.829184e+01,7.902874e-01,-1.200662e+02
1318.25674,6.817965e-01,-1.742317e+02,1.742523e-01,1.522859e+01,7.358747e-02,-2.941292e+01,8.111461e-01,-1.241887e+02
1445.43977,6.826585e-01,-1.745577e+02,1.565690e-01,1.116223e+01,7.036847e-02,-3.035545e+01,8.306520e-01,-1.281537e+02
1584.89319,6.834910e-01,-1.748499e+02,1.408943e-01,7.243426e+00,6.718846e-02,-3.110428e+01,8.486496e-01,-1.319451e+02
1737.80083,6.842869e-01,-1.751095e+02,1.270478e-01,3.511574e+00,6.408931e-02,-3.164928e+01,8.650487e-01,-1.355509e+02
1905.46072,6.850427e-01,-1.753374e+02,1.148540e-01,2.616833e-03,6.110816e-02,-3.198606e+01,8.798200e-01,-1.389627e+02
2089.29613,6.857582e-01,-1.755344e+02,1.041446e-01,-3.252348e+00,5.827599e-02,-3.211633e+01,8.929861e-01,-1.421760e+02
2290.86765,6.864367e-01,-1.757008e+02,9.476048e-02,-6.228273e+00,5.561697e-02,-3.204798e+01,9.046113e-01,-1.451895e+02
2511.88643,6.870843e-01,-1.758371e+02,8.655381e-02,-8.907114e+00,5.314809e-02,-3.179484e+01,9.147899e-01,-1.480046e+02
2754.22870,6.877096e-01,-1.759434e+02,7.938905e-02,-1.127847e+01,5.087951e-02,-3.137606e+01,9.236361e-01,-1.506256e+02
3019.95172,6.883235e-01,-1.760198e+02,7.314342e-02,-1.333992e+01,4.881500e-02,-3.081531e+01,9.312747e-01,-1.530584e+02
3311.31121,6.889390e-01,-1.760663e+02,6.770680e-02,-1.509698e+01,4.695281e-02,-3.013968e+01,9.378335e-01,-1.553107e+02
3630.78055,6.895709e-01,-1.760830e+02,6.298106e-02,-1.656279e+01,4.528653e-02,-2.937848e+01,9.434382e-01,-1.573910e+02
3981.07171,6.902357e-01,-1.760696e+02,5.887915e-02,-1.775738e+01,4.380612e-02,-2.856201e+01,9.482077e-01,-1.593086e+02
4365.15832,6.909524e-01,-1.760260e+02,5.532392e-02,-1.870681e+01,4.249881e-02,-2.772035e+01,9.522524e-01,-1.610733e+02
4786.30092,6.917421e-01,-1.759519e+02,5.224696e-02,-1.944191e+01,4.134997e-02,-2.688233e+01,9.556725e-01,-1.626948e+02
5248.07460,6.926284e-01,-1.758469e+02,4.958750e-02,-1.999695e+01,4.034391e-02,-2.607473e+01,9.585575e-01,-1.641830e+02
5754.39937,6.936383e-01,-1.757108e+02,4.729136e-02,-2.040826e+01,3.946448e-02,-2.532167e+01,9.609864e-01,-1.655472e+02
6309.57344,6.948023e-01,-1.755432e+02,4.531010e-02,-2.071278e+01,3.869559e-02,-2.464437e+01,9.630285e-01,-1.667968e+02
6918.30971,6.961551e-01,-1.753439e+02,4.360029e-02,-2.094685e+01,3.802152e-02,-2.406104e+01,9.647435e-01,-1.679404e+02
7585.77575,6.977364e-01,-1.751127e+02,4.212288e-02,-2.114509e+01,3.742724e-02,-2.358700e+01,9.661832e-01,-1.689863e+02
8317.63771,6.995910e-01,-1.748497e+02,4.084272e-02,-2.133961e+01,3.689844e-02,-2.323493e+01,9.673916e-01,-1.699423e+02
9120.10839,7.017698e-01,-1.745554e+02,3.972810e-02,-2.155946e+01,3.642164e-02,-2.301516e+01,9.684066e-01,-1.708158e+02
10000.00000,7.043297e-01,-1.742305e+02,3.875038e-02,-2.183033e+01,3.598412e-02,-2.293605e+01,9.692602e-01,-1.716133e+02
