! ! 
! S ! 
! ! 
! # MHz  S  MA  R  50.00000
! ! ===================================================================
1.00000,9.222060e-01,-2.345744e+00,6.650237e+00,1.785670e+02,2.662911e-03,8.858955e+01,8.938440e-01,-8.634699e-01
1.09648,9.221810e-01,-2.571874e+00,6.649858e+00,1.784275e+02,2.919660e-03,8.845552e+01,8.938058e-01,-9.467089e-01
1.20226,9.221510e-01,-2.819805e+00,6.649401e+00,1.782747e+02,3.201126e-03,8.830840e+01,8.937598e-01,-1.037964e+00
1.31826,9.221150e-01,-3.091631e+00,6.648853e+00,1.781072e+02,3.509677e-03,8.814696e+01,8.937046e-01,-1.138004e+00
1.44544,9.220716e-01,-3.389647e+00,6.648193e+00,1.779238e+02,3.847904e-03,8.796983e+01,8.936383e-01,-1.247670e+00
1.58489,9.220195e-01,-3.716365e+00,6.647401e+00,1.777227e+02,4.218642e-03,8.777551e+01,8.935586e-01,-1.367880e+00
1.73780,9.219570e-01,-4.074536e+00,6.646449e+00,1.775024e+02,4.624987e-03,8.756238e+01,8.934628e-01,-1.499641e+00
1.90546,9.218817e-01,-4.467168e+00,6.645304e+00,1.772610e+02,5.070325e-03,8.732865e+01,8.933476e-01,-1.644053e+00
2.08930,9.217914e-01,-4.897557e+00,6.643929e+00,1.769965e+02,5.558351e-03,8.707236e+01,8.932093e-01,-1.802314e+00
2.29087,9.216828e-01,-5.369301e+00,6.642277e+00,1.767066e+02,6.093096e-03,8.679138e+01,8.930431e-01,-1.975736e+00
2.51189,9.215524e-01,-5.886336e+00,6.640292e+00,1.763890e+02,6.678950e-03,8.648336e+01,8.928435e-01,-2.165745e+00
2.75423,9.213958e-01,-6.452959e+00,6.637908e+00,1.760410e+02,7.320694e-03,8.614578e+01,8.926037e-01,-2.373898e+00
3.01995,9.212079e-01,-7.073861e+00,6.635045e+00,1.756597e+02,8.023518e-03,8.577583e+01,8.923158e-01,-2.601883e+00
3.31131,9.209822e-01,-7.754153e+00,6.631608e+00,1.752421e+02,8.793054e-03,8.537051e+01,8.919703e-01,-2.851537e+00
3.63078,9.207115e-01,-8.499400e+00,6.627483e+00,1.747847e+02,9.635392e-03,8.492651e+01,8.915556e-01,-3.124844e+00
3.98107,9.203868e-01,-9.315657e+00,6.622534e+00,1.742839e+02,1.055710e-02,8.444027e+01,8.910581e-01,-3.423953e+00
4.36516,9.199976e-01,-1.020949e+01,6.616599e+00,1.737356e+02,1.156525e-02,8.390792e+01,8.904617e-01,-3.751172e+00
4.78630,9.195312e-01,-1.118802e+01,6.609484e+00,1.731356e+02,1.266741e-02,8.332528e+01,8.897468e-01,-4.108982e+00
5.24807,9.189729e-01,-1.225892e+01,6.600960e+00,1.724792e+02,1.387161e-02,8.268785e+01,8.888908e-01,-4.500028e+00
5.75440,9.183049e-01,-1.343049e+01,6.590756e+00,1.717614e+02,1.518640e-02,8.199082e+01,8.878662e-01,-4.927116e+00
6.30957,9.175067e-01,-1.471159e+01,6.578550e+00,1.709769e+02,1.662070e-02,8.122901e+01,8.866413e-01,-5.393203e+00
6.91831,9.165539e-01,-1.611172e+01,6.563964e+00,1.701200e+02,1.818380e-02,8.039698e+01,8.851784e-01,-5.901374e+00
7.58578,9.154182e-01,-1.764095e+01,6.546556e+00,1.691848e+02,1.988524e-02,7.948894e+01,8.834335e-01,-6.454807e+00
8.31764,9.140668e-01,-1.930990e+01,6.525809e+00,1.681649e+02,2.173459e-02,7.849888e+01,8.813555e-01,-7.056731e+00
9.12011,9.124618e-01,-2.112969e+01,6.501124e+00,1.670540e+02,2.374130e-02,7.742059e+01,8.788855e-01,-7.710354e+00
10.00000,9.105604e-01,-2.311180e+01,6.471814e+00,1.658454e+02,2.591439e-02,7.624772e+01,8.759559e-01,-8.418776e+00
10.96478,9.083140e-01,-2.526795e+01,6.437094e+00,1.645325e+02,2.826203e-02,7.497396e+01,8.724902e-01,-9.184873e+00
12.02264,9.056690e-01,-2.760987e+01,6.396080e+00,1.631088e+02,3.079115e-02,7.359312e+01,8.684029e-01,-1.001115e+01
13.18257,9.025667e-01,-3.014906e+01,6.347793e+00,1.615681e+02,3.350678e-02,7.209938e+01,8.636000e-01,-1.089955e+01
14.45440,8.989446e-01,-3.289642e+01,6.291160e+00,1.599047e+02,3.641148e-02,7.048753e+01,8.579800e-01,-1.185125e+01
15.84893,8.947384e-01,-3.586181e+01,6.225035e+00,1.581139e+02,3.950449e-02,6.875323e+01,8.514362e-01,-1.286639e+01
17.37801,8.898838e-01,-3.905353e+01,6.148226e+00,1.561922e+02,4.278101e-02,6.689338e+01,8.438602e-01,-1.394380e+01
19.05461,8.843208e-01,-4.247775e+01,6.059535e+00,1.541375e+02,4.623132e-02,6.490648e+01,8.351469e-01,-1.508072e+01
20.89296,8.779977e-01,-4.613779e+01,5.957814e+00,1.519497e+02,4.984011e-02,6.279304e+01,8.252005e-01,-1.627249e+01
22.90868,8.708769e-01,-5.003347e+01,5.842036e+00,1.496311e+02,5.358586e-02,6.055594e+01,8.139433e-01,-1.751233e+01
25.11886,8.629403e-01,-5.416035e+01,5.711375e+00,1.471865e+02,5.744066e-02,5.820077e+01,8.013241e-01,-1.879121e+01
27.54229,8.541960e-01,-5.850914e+01,5.565300e+00,1.446239e+02,6.137035e-02,5.573607e+01,7.873286e-01,-2.009780e+01
30.19952,8.446831e-01,-6.306519e+01,5.403661e+00,1.419538e+02,6.533526e-02,5.317344e+01,7.719880e-01,-2.141871e+01
33.11311,8.344754e-01,-6.780822e+01,5.226762e+00,1.391901e+02,6.929146e-02,5.052739e+01,7.553868e-01,-2.273889e+01
36.30781,8.236818e-01,-7.271231e+01,5.035416e+00,1.363487e+02,7.319260e-02,4.781509e+01,7.376665e-01,-2.404236e+01
39.81072,8.124446e-01,-7.774632e+01,4.830955e+00,1.334478e+02,7.699218e-02,4.505575e+01,7.190258e-01,-2.531309e+01
43.65158,8.009327e-01,-8.287456e+01,4.615204e+00,1.305069e+02,8.064597e-02,4.226996e+01,6.997142e-01,-2.653626e+01
47.86301,7.893322e-01,-8.805789e+01,4.390406e+00,1.275455e+02,8.411435e-02,3.947873e+01,6.800218e-01,-2.769943e+01
52.48075,7.778353e-01,-9.325507e+01,4.159109e+00,1.245829e+02,8.736431e-02,3.670260e+01,6.602640e-01,-2.879390e+01
57.54399,7.666273e-01,-9.842429e+01,3.924031e+00,1.216367e+02,9.037082e-02,3.396073e+01,6.407640e-01,-2.981576e+01
63.09573,7.558754e-01,-1.035248e+02,3.687915e+00,1.187220e+02,9.311744e-02,3.127012e+01,6.218347e-01,-3.076673e+01
69.18310,7.457196e-01,-1.085182e+02,3.453388e+00,1.158512e+02,9.559619e-02,2.864502e+01,6.037624e-01,-3.165459e+01
75.85776,7.362671e-01,-1.133701e+02,3.222849e+00,1.130335e+02,9.780683e-02,2.609654e+01,5.867944e-01,-3.249320e+01
83.17638,7.275894e-01,-1.180508e+02,2.998385e+00,1.102744e+02,9.975559e-02,2.363255e+01,5.711312e-01,-3.330193e+01
91.20108,7.197242e-01,-1.225359e+02,2.781718e+00,1.075761e+02,1.014536e-01,2.125767e+01,5.569230e-01,-3.410488e+01
100.00000,7.126787e-01,-1.268068e+02,2.574193e+00,1.049375e+02,1.029156e-01,1.897353e+01,5.442720e-01,-3.492968e+01
109.64782,7.064346e-01,-1.308502e+02,2.376785e+00,1.023546e+02,1.041579e-01,1.677907e+01,5.332375e-01,-3.580619e+01
120.22644,7.009547e-01,-1.346583e+02,2.190126e+00,9.982083e+01,1.051978e-01,1.467089e+01,5.238440e-01,-3.676516e+01
131.82567,6.961884e-01,-1.382280e+02,2.014553e+00,9.732744e+01,1.060517e-01,1.264370e+01,5.160902e-01,-3.783700e+01
144.54398,6.920772e-01,-1.415599e+02,1.850147e+00,9.486378e+01,1.067350e-01,1.069066e+01,5.099592e-01,-3.905070e+01
158.48932,6.885590e-01,-1.446581e+02,1.696789e+00,9.241776e+01,1.072611e-01,8.803789e+00,5.054269e-01,-4.043296e+01
173.78008,6.855718e-01,-1.475295e+02,1.554200e+00,8.997609e+01,1.076411e-01,6.974262e+00,5.024701e-01,-4.200753e+01
190.54607,6.830563e-01,-1.501827e+02,1.421985e+00,8.752462e+01,1.078833e-01,5.192726e+00,5.010727e-01,-4.379473e+01
208.92961,6.809572e-01,-1.526278e+02,1.299665e+00,8.504854e+01,1.079934e-01,3.449557e+00,5.012300e-01,-4.581108e+01
229.08677,6.792246e-01,-1.548759e+02,1.186713e+00,8.253263e+01,1.079741e-01,1.735106e+00,5.029512e-01,-4.806903e+01
251.18864,6.778145e-01,-1.569384e+02,1.082569e+00,7.996152e+01,1.078254e-01,3.992956e-02,5.062598e-01,-5.057672e+01
275.42287,6.766884e-01,-1.588271e+02,9.866638e-01,7.731988e+01,1.075441e-01,-1.644982e+00,5.111922e-01,-5.333782e+01
301.99517,6.758139e-01,-1.605536e+02,8.984340e-01,7.459273e+01,1.071247e-01,-3.327964e+00,5.177940e-01,-5.635143e+01
331.13112,6.751634e-01,-1.621295e+02,8.173301e-01,7.176572e+01,1.065589e-01,-5.016412e+00,5.261147e-01,-5.961195e+01
363.07805,6.747142e-01,-1.635658e+02,7.428260e-01,6.882548e+01,1.058363e-01,-6.716494e+00,5.361999e-01,-6.310918e+01
398.10717,6.744476e-01,-1.648734e+02,6.744244e-01,6.576007e+01,1.049447e-01,-8.432826e+00,5.480833e-01,-6.682847e+01
436.51583,6.743480e-01,-1.660624e+02,6.116608e-01,6.255944e+01,1.038705e-01,-1.016811e+01,5.617757e-01,-7.075100e+01
478.63009,6.744025e-01,-1.671426e+02,5.541054e-01,5.921600e+01,1.026000e-01,-1.192278e+01,5.772552e-01,-7.485427e+01
524.80746,6.745996e-01,-1.681234e+02,5.013642e-01,5.572520e+01,1.011198e-01,-1.369457e+01,5.944570e-01,-7.911266e+01
575.43994,6.749286e-01,-1.690135e+02,4.530789e-01,5.208621e+01,9.941863e-02,-1.547824e+01,6.132654e-01,-8.349801e+01
630.95734,6.753787e-01,-1.698213e+02,4.089257e-01,4.830249e+01,9.748840e-02,-1.726522e+01,6.335086e-01,-8.798036e+01
691.83097,6.759383e-01,-1.705543e+02,3.686127e-01,4.438241e+01,9.532574e-02,-1.904351e+01,6.549571e-01,-9.252849e+01
758.57758,6.765945e-01,-1.712198e+02,3.318768e-01,4.033963e+01,9.293350e-02,-2.079766e+01,6.773284e-01,-9.711064e+01
831.76377,6.773324e-01,-1.718243e+02,2.984795e-01,3.619338e+01,9.032184e-02,-2.250902e+01,7.002961e-01,-1.016950e+02
912.01084,6.781359e-01,-1.723736e+02,2.682020e-01,3.196844e+01,8.750900e-02,-2.415626e+01,7.235042e-01,-1.062502e+02
1000.00000,6.789875e-01,-1.728730e+02,2.408403e-01,2.769488e+01,8.452141e-02,-2.571610e+01,7.465857e-01,-1.107462e+02
1096.47820,6.798691e-01,-1.733269e+02,2.162007e-01,2.340740e+01,8.139303e-02,-2.716430e+01,7.691829e-01,-1.151544e+02
1202.26443,6.807630e-01,-1.737389e+02,1.940952e-01,1.914446e+01,7.816404e-02,-2.847690e+01,7.909673e-01,-1.194487e+02
1318.25674,6.816529e-01,-1.741120e+02,1.743395e-01,1.494704e+01,7.487887e-02,-2.963142e+01,8.116562e-01,-1.236057e+02
1445.43977,6.825246e-01,-1.744488e+02,1.567509e-01,1.085727e+01,7.158388e-02,-3.060817e+01,8.310254e-01,-1.276053e+02
1584.89319,6.833672e-01,-1.747510e+02,1.411486e-01,6.916893e+00,6.832491e-02,-3.139139e+01,8.489154e-01,-1.314313e+02
1737.80083,6.841729e-01,-1.750199e+02,1.273548e-01,3.165657e+00,6.514497e-02,-3.197023e+01,8.652319e-01,-1.350710e+02
1905.46072,6.849378e-01,-1.752567e+02,1.151966e-01,-3.602051e-01,6.208235e-02,-3.233947e+01,8.799411e-01,-1.385160e+02
2089.29613,6.856615e-01,-1.754620e+02,1.045081e-01,-3.629390e+00,5.916919e-02,-3.249996e+01,8.930618e-01,-1.417612e+02
2290.86765,6.863470e-01,-1.756364e+02,9.513292e-02,-6.616721e+00,5.643071e-02,-3.245872e+01,9.046546e-01,-1.448053e+02
2511.88643,6.870003e-01,-1.757801e+02,8.692543e-02,-9.304085e+00,5.388492e-02,-3.222870e+01,9.148107e-01,-1.476496e+02
2754.22870,6.876297e-01,-1.758935e+02,7.975224e-02,-1.168106e+01,5.154279e-02,-3.182834e+01,9.236419e-01,-1.502981e+02
3019.95172,6.882460e-01,-1.759767e+02,7.349247e-02,-1.374520e+01,4.940879e-02,-3.128069e+01,9.312709e-01,-1.527568e+02
3311.31121,6.888620e-01,-1.760297e+02,6.803766e-02,-1.550204e+01,4.748171e-02,-3.061246e+01,9.378239e-01,-1.550334e+02
3630.78055,6.894923e-01,-1.760526e+02,6.329108e-02,-1.696469e+01,4.575551e-02,-2.985278e+01,9.434254e-01,-1.571363e+02
3981.07171,6.901535e-01,-1.760452e+02,5.916685e-02,-1.815320e+01,4.422037e-02,-2.903201e+01,9.481935e-01,-1.590750e+02
4365.15832,6.908642e-01,-1.760074e+02,5.558878e-02,-1.909363e+01,4.286358e-02,-2.818050e+01,9.522379e-01,-1.608592e+02
4786.30092,6.916452e-01,-1.759388e+02,5.248924e-02,-1.981683e+01,4.167049e-02,-2.732755e+01,9.556584e-01,-1.624988e+02
5248.07460,6.925200e-01,-1.758393e+02,4.980804e-02,-2.035717e+01,4.062522e-02,-2.650053e+01,9.585442e-01,-1.640036e+02
5754.39937,6.935152e-01,-1.757085e+02,4.749143e-02,-2.075111e+01,3.971141e-02,-2.572424e+01,9.609742e-01,-1.653832e+02
6309.57344,6.946607e-01,-1.755461e+02,4.549130e-02,-2.103579e+01,3.891264e-02,-2.502062e+01,9.630172e-01,-1.666469e+02
6918.30971,6.959910e-01,-1.753518e+02,4.376442e-02,-2.124778e+01,3.821291e-02,-2.440855e+01,9.647332e-01,-1.678034e+02
7585.77575,6.975451e-01,-1.751255e+02,4.227185e-02,-2.142200e+01,3.759679e-02,-2.390401e+01,9.661737e-01,-1.688612e+02
8317.63771,6.993672e-01,-1.748673e+02,4.097849e-02,-2.159088e+01,3.704965e-02,-2.352025e+01,9.673829e-01,-1.698281e+02
9120.10839,7.015074e-01,-1.745776e+02,3.985263e-02,-2.178380e+01,3.655767e-02,-2.326808e+01,9.683984e-01,-1.707115e+02
10000.00000,7.040222e-01,-1.742571e+02,3.886558e-02,-2.202679e+01,3.610782e-02,-2.315625e+01,9.692524e-01,-1.715182e+02
