! ! 
! S ! 
! ! 
! # MHz  S  MA  R  50.00000
! ! ===================================================================
1.00000,9.188771e-01,-2.408407e+00,6.869949e+00,1.785334e+02,2.685670e-03,8.855465e+01,8.950856e-01,-8.946723e-01
1.09648,9.188512e-01,-2.640568e+00,6.869537e+00,1.783906e+02,2.944605e-03,8.841744e+01,8.950450e-01,-9.809163e-01
1.20226,9.188201e-01,-2.895110e+00,6.869042e+00,1.782342e+02,3.228465e-03,8.826681e+01,8.949962e-01,-1.075465e+00
1.31826,9.187827e-01,-3.174184e+00,6.868446e+00,1.780629e+02,3.539637e-03,8.810151e+01,8.949375e-01,-1.179115e+00
1.44544,9.187377e-01,-3.480144e+00,6.867731e+00,1.778751e+02,3.880732e-03,8.792013e+01,8.948670e-01,-1.292736e+00
1.58489,9.186837e-01,-3.815568e+00,6.866871e+00,1.776694e+02,4.254607e-03,8.772115e+01,8.947823e-01,-1.417281e+00
1.73780,9.186187e-01,-4.183279e+00,6.865837e+00,1.774439e+02,4.664383e-03,8.750290e+01,8.946804e-01,-1.553791e+00
1.90546,9.185407e-01,-4.586366e+00,6.864595e+00,1.771969e+02,5.113470e-03,8.726355e+01,8.945580e-01,-1.703404e+00
2.08930,9.184469e-01,-5.028206e+00,6.863103e+00,1.769261e+02,5.605591e-03,8.700111e+01,8.944110e-01,-1.867362e+00
2.29087,9.183343e-01,-5.512494e+00,6.861310e+00,1.766295e+02,6.144803e-03,8.671337e+01,8.942344e-01,-2.047021e+00
2.51189,9.181991e-01,-6.043265e+00,6.859157e+00,1.763045e+02,6.735528e-03,8.639796e+01,8.940222e-01,-2.243858e+00
2.75423,9.180367e-01,-6.624926e+00,6.856570e+00,1.759483e+02,7.382574e-03,8.605227e+01,8.937675e-01,-2.459480e+00
3.01995,9.178417e-01,-7.262285e+00,6.853464e+00,1.755582e+02,8.091164e-03,8.567346e+01,8.934616e-01,-2.695635e+00
3.31131,9.176077e-01,-7.960580e+00,6.849736e+00,1.751309e+02,8.866957e-03,8.525843e+01,8.930944e-01,-2.954219e+00
3.63078,9.173270e-01,-8.725516e+00,6.845262e+00,1.746630e+02,9.716072e-03,8.480383e+01,8.926538e-01,-3.237283e+00
3.98107,9.169903e-01,-9.563288e+00,6.839894e+00,1.741506e+02,1.064510e-02,8.430601e+01,8.921253e-01,-3.547042e+00
4.36516,9.165868e-01,-1.048062e+01,6.833457e+00,1.735897e+02,1.166113e-02,8.376102e+01,8.914917e-01,-3.885878e+00
4.78630,9.161035e-01,-1.148479e+01,6.825742e+00,1.729760e+02,1.277174e-02,8.316461e+01,8.907326e-01,-4.256344e+00
5.24807,9.155249e-01,-1.258365e+01,6.816501e+00,1.723046e+02,1.398496e-02,8.251218e+01,8.898235e-01,-4.661160e+00
5.75440,9.148329e-01,-1.378566e+01,6.805441e+00,1.715706e+02,1.530931e-02,8.179884e+01,8.887359e-01,-5.103210e+00
6.30957,9.140062e-01,-1.509987e+01,6.792214e+00,1.707685e+02,1.675369e-02,8.101934e+01,8.874359e-01,-5.585521e+00
6.91831,9.130198e-01,-1.653594e+01,6.776413e+00,1.698925e+02,1.832730e-02,8.016814e+01,8.858837e-01,-6.111247e+00
7.58578,9.118445e-01,-1.810411e+01,6.757562e+00,1.689367e+02,2.003955e-02,7.923941e+01,8.840330e-01,-6.683625e+00
8.31764,9.104467e-01,-1.981517e+01,6.735104e+00,1.678947e+02,2.189987e-02,7.822708e+01,8.818300e-01,-7.305926e+00
9.12011,9.087877e-01,-2.168033e+01,6.708398e+00,1.667600e+02,2.391746e-02,7.712488e+01,8.792128e-01,-7.981386e+00
10.00000,9.068237e-01,-2.371119e+01,6.676706e+00,1.655260e+02,2.610101e-02,7.592649e+01,8.761105e-01,-8.713100e+00
10.96478,9.045054e-01,-2.591949e+01,6.639191e+00,1.641861e+02,2.845830e-02,7.462561e+01,8.724432e-01,-9.503905e+00
12.02264,9.017784e-01,-2.831695e+01,6.594914e+00,1.627339e+02,3.099569e-02,7.321613e+01,8.681219e-01,-1.035622e+01
13.18257,8.985837e-01,-3.091494e+01,6.542835e+00,1.611634e+02,3.371757e-02,7.169240e+01,8.630491e-01,-1.127184e+01
14.45440,8.948591e-01,-3.372412e+01,6.481823e+00,1.594691e+02,3.662563e-02,7.004940e+01,8.571203e-01,-1.225173e+01
15.84893,8.905406e-01,-3.675399e+01,6.410679e+00,1.576466e+02,3.971817e-02,6.828310e+01,8.502262e-01,-1.329574e+01
17.37801,8.855658e-01,-4.001232e+01,6.328166e+00,1.556926e+02,4.298923e-02,6.639081e+01,8.422573e-01,-1.440231e+01
19.05461,8.798772e-01,-4.350454e+01,6.233052e+00,1.536058e+02,4.642785e-02,6.437154e+01,8.331085e-01,-1.556818e+01
20.89296,8.734270e-01,-4.723309e+01,6.124178e+00,1.513866e+02,5.001737e-02,6.222641e+01,8.226862e-01,-1.678814e+01
22.90868,8.661830e-01,-5.119663e+01,6.000529e+00,1.490381e+02,5.373494e-02,5.995901e+01,8.109174e-01,-1.805475e+01
25.11886,8.581338e-01,-5.538941e+01,5.861326e+00,1.465658e+02,5.755144e-02,5.757572e+01,7.977584e-01,-1.935827e+01
27.54229,8.492954e-01,-5.980066e+01,5.706116e+00,1.439784e+02,6.143170e-02,5.508592e+01,7.832049e-01,-2.068664e+01
30.19952,8.397155e-01,-6.441412e+01,5.534863e+00,1.412876e+02,6.533542e-02,5.250202e+01,7.673011e-01,-2.202579e+01
33.11311,8.294766e-01,-6.920788e+01,5.348018e+00,1.385076e+02,6.921856e-02,4.983932e+01,7.501465e-01,-2.336009e+01
36.30781,8.186958e-01,-7.415443e+01,5.146565e+00,1.356553e+02,7.303526e-02,4.711561e+01,7.318985e-01,-2.467309e+01
39.81072,8.075213e-01,-7.922119e+01,4.932022e+00,1.327494e+02,7.674014e-02,4.435058e+01,7.127714e-01,-2.594858e+01
43.65158,7.961255e-01,-8.437131e+01,4.706397e+00,1.298093e+02,8.029069e-02,4.156504e+01,6.930288e-01,-2.717178e+01
47.86301,7.846950e-01,-8.956482e+01,4.472106e+00,1.268549e+02,8.364952e-02,3.878001e+01,6.729720e-01,-2.833060e+01
52.48075,7.734187e-01,-9.476011e+01,4.231844e+00,1.239050e+02,8.678617e-02,3.601577e+01,6.529236e-01,-2.941693e+01
57.54399,7.624754e-01,-9.991543e+01,3.988438e+00,1.209767e+02,8.967827e-02,3.329102e+01,6.332096e-01,-3.042770e+01
63.09573,7.520235e-01,-1.049905e+02,3.744704e+00,1.180846e+02,9.231195e-02,3.062210e+01,6.141416e-01,-3.136566e+01
69.18310,7.421924e-01,-1.099480e+02,3.503303e+00,1.152403e+02,9.468155e-02,2.802249e+01,5.960009e-01,-3.223970e+01
75.85776,7.330781e-01,-1.147547e+02,3.266635e+00,1.124522e+02,9.678872e-02,2.550249e+01,5.790273e-01,-3.306477e+01
83.17638,7.247415e-01,-1.193824e+02,3.036756e+00,1.097249e+02,9.864108e-02,2.306912e+01,5.634118e-01,-3.386131e+01
91.20108,7.172110e-01,-1.238083e+02,2.815344e+00,1.070599e+02,1.002508e-01,2.072623e+01,5.492950e-01,-3.465432e+01
100.00000,7.104859e-01,-1.280154e+02,2.603683e+00,1.044555e+02,1.016329e-01,1.847477e+01,5.367696e-01,-3.547219e+01
109.64782,7.045424e-01,-1.319921e+02,2.402681e+00,1.019069e+02,1.028040e-01,1.631304e+01,5.258868e-01,-3.634528e+01
120.22644,6.993395e-01,-1.357320e+02,2.212906e+00,9.940720e+01,1.037810e-01,1.423717e+01,5.166643e-01,-3.730470e+01
131.82567,6.948245e-01,-1.392332e+02,2.034629e+00,9.694720e+01,1.045802e-01,1.224148e+01,5.090960e-01,-3.838096e+01
144.54398,6.909381e-01,-1.424974e+02,1.867874e+00,9.451600e+01,1.052162e-01,1.031885e+01,5.031616e-01,-3.960301e+01
158.48932,6.876190e-01,-1.455298e+02,1.712470e+00,9.210131e+01,1.057019e-01,8.461082e+00,4.988354e-01,-4.099734e+01
173.78008,6.848062e-01,-1.483375e+02,1.568091e+00,8.968976e+01,1.060477e-01,6.659247e+00,4.960939e-01,-4.258735e+01
190.54607,6.824423e-01,-1.509299e+02,1.434304e+00,8.726714e+01,1.062613e-01,4.903936e+00,4.949219e-01,-4.439287e+01
208.92961,6.804740e-01,-1.533173e+02,1.310599e+00,8.481866e+01,1.063478e-01,3.185532e+00,4.953161e-01,-4.642983e+01
229.08677,6.788536e-01,-1.555110e+02,1.196416e+00,8.232915e+01,1.063095e-01,1.494433e+00,4.972876e-01,-4.870998e+01
251.18864,6.775392e-01,-1.575226e+02,1.091175e+00,7.978334e+01,1.061457e-01,-1.787149e-01,5.008621e-01,-5.124068e+01
275.42287,6.764945e-01,-1.593637e+02,9.942866e-01,7.716602e+01,1.058532e-01,-1.842801e+00,5.060778e-01,-5.402478e+01
301.99517,6.756888e-01,-1.610461e+02,9.051714e-01,7.446235e+01,1.054260e-01,-3.506010e+00,5.129816e-01,-5.706047e+01
331.13112,6.750962e-01,-1.625811e+02,8.232665e-01,7.165813e+01,1.048557e-01,-5.175558e+00,5.216234e-01,-6.034128e+01
363.07805,6.746956e-01,-1.639797e+02,7.480351e-01,6.874019e+01,1.041318e-01,-6.857411e+00,5.320487e-01,-6.385614e+01
398.10717,6.744694e-01,-1.652525e+02,6.789711e-01,6.569676e+01,1.032421e-01,-8.555952e+00,5.442890e-01,-6.758962e+01
436.51583,6.744034e-01,-1.664095e+02,6.156027e-01,6.251800e+01,1.021731e-01,-1.027363e+01,5.583521e-01,-7.152229e+01
478.63009,6.744854e-01,-1.674604e+02,5.574945e-01,5.919650e+01,1.009113e-01,-1.201060e+01,5.742117e-01,-7.563115e+01
524.80746,6.747047e-01,-1.684143e+02,5.042481e-01,5.572792e+01,9.944377e-02,-1.376430e+01,5.917972e-01,-7.989028e+01
575.43994,6.750513e-01,-1.692798e+02,4.555020e-01,5.211160e+01,9.775940e-02,-1.552917e+01,6.109862e-01,-8.427148e+01
630.95734,6.755147e-01,-1.700650e+02,4.109297e-01,4.835114e+01,9.585057e-02,-1.729633e+01,6.315995e-01,-8.874484e+01
691.83097,6.760839e-01,-1.707774e+02,3.702376e-01,4.445502e+01,9.371436e-02,-1.905346e+01,6.534005e-01,-9.327944e+01
758.57758,6.767462e-01,-1.714240e+02,3.331611e-01,4.043694e+01,9.135406e-02,-2.078484e+01,6.760996e-01,-9.784388e+01
831.76377,6.774872e-01,-1.720113e+02,2.994606e-01,3.631610e+01,8.878022e-02,-2.247158e+01,6.993644e-01,-1.024068e+02
912.01084,6.782909e-01,-1.725448e+02,2.689163e-01,3.211717e+01,8.601134e-02,-2.409219e+01,7.228345e-01,-1.069375e+02
1000.00000,6.791402e-01,-1.730296e+02,2.413231e-01,2.786999e+01,8.307395e-02,-2.562332e+01,7.461403e-01,-1.114063e+02
1096.47820,6.800174e-01,-1.734701e+02,2.164856e-01,2.360896e+01,8.000189e-02,-2.704082e+01,7.689232e-01,-1.157853e+02
1202.26443,6.809052e-01,-1.738697e+02,1.942143e-01,1.937214e+01,7.683500e-02,-2.832089e+01,7.908558e-01,-1.200488e+02
1318.25674,6.817876e-01,-1.742314e+02,1.743226e-01,1.520009e+01,7.361714e-02,-2.944142e+01,8.116581e-01,-1.241739e+02
1445.43977,6.826510e-01,-1.745574e+02,1.566255e-01,1.113449e+01,7.039386e-02,-3.038319e+01,8.311097e-01,-1.281412e+02
1584.89319,6.834849e-01,-1.748496e+02,1.409395e-01,7.216621e+00,6.721000e-02,-3.113108e+01,8.490555e-01,-1.319347e+02
1737.80083,6.842819e-01,-1.751092e+02,1.270838e-01,3.485851e+00,6.410747e-02,-3.167500e+01,8.654060e-01,-1.355422e+02
1905.46072,6.850385e-01,-1.753371e+02,1.148827e-01,-2.191101e-02,6.112338e-02,-3.201058e+01,8.801324e-01,-1.389556e+02
2089.29613,6.857548e-01,-1.755341e+02,1.041673e-01,-3.275600e+00,5.828871e-02,-3.213958e+01,8.932576e-01,-1.421701e+02
2290.86765,6.864338e-01,-1.757006e+02,9.477854e-02,-6.250200e+00,5.562756e-02,-3.206991e+01,9.048457e-01,-1.451846e+02
2511.88643,6.870819e-01,-1.758369e+02,8.656819e-02,-8.927694e+00,5.315692e-02,-3.181542e+01,9.149913e-01,-1.480006e+02
2754.22870,6.877075e-01,-1.759432e+02,7.940052e-02,-1.129771e+01,5.088686e-02,-3.139530e+01,9.238083e-01,-1.506223e+02
3019.95172,6.883218e-01,-1.760196e+02,7.315262e-02,-1.335784e+01,4.882114e-02,-3.083322e+01,9.314214e-01,-1.530557e+02
3311.31121,6.889375e-01,-1.760662e+02,6.771422e-02,-1.511362e+01,4.695795e-02,-3.015631e+01,9.379580e-01,-1.553084e+02
3630.78055,6.895695e-01,-1.760829e+02,6.298708e-02,-1.657818e+01,4.529086e-02,-2.939388e+01,9.435434e-01,-1.573891e+02
3981.07171,6.902345e-01,-1.760695e+02,5.888408e-02,-1.777161e+01,4.380979e-02,-2.857623e+01,9.482965e-01,-1.593070e+02
4365.15832,6.909513e-01,-1.760259e+02,5.532798e-02,-1.871993e+01,4.250193e-02,-2.773346e+01,9.523271e-01,-1.610719e+02
4786.30092,6.917411e-01,-1.759518e+02,5.225035e-02,-1.945398e+01,4.135265e-02,-2.689440e+01,9.557352e-01,-1.626937e+02
5248.07460,6.926274e-01,-1.758468e+02,4.959036e-02,-2.000804e+01,4.034623e-02,-2.608582e+01,9.586100e-01,-1.641820e+02
5754.39937,6.936374e-01,-1.757107e+02,4.729379e-02,-2.041844e+01,3.946651e-02,-2.533185e+01,9.610304e-01,-1.655464e+02
6309.57344,6.948014e-01,-1.755432e+02,4.531220e-02,-2.072212e+01,3.869738e-02,-2.465371e+01,9.630652e-01,-1.667961e+02
6918.30971,6.961543e-01,-1.753438e+02,4.360212e-02,-2.095541e+01,3.802312e-02,-2.406960e+01,9.647742e-01,-1.679398e+02
7585.77575,6.977356e-01,-1.751126e+02,4.212449e-02,-2.115293e+01,3.742867e-02,-2.359484e+01,9.662087e-01,-1.689858e+02
8317.63771,6.995903e-01,-1.748496e+02,4.084416e-02,-2.134678e+01,3.689974e-02,-2.324210e+01,9.674129e-01,-1.699419e+02
9120.10839,7.017691e-01,-1.745553e+02,3.972940e-02,-2.156602e+01,3.642283e-02,-2.302172e+01,9.684242e-01,-1.708153e+02
10000.00000,7.043290e-01,-1.742305e+02,3.875156e-02,-2.183633e+01,3.598522e-02,-2.294205e+01,9.692748e-01,-1.716130e+02
