! ! 
! S ! 
! ! 
! # MHz  S  MA  R  50.00000
! ! ===================================================================
1.00000,9.167400e-01,-2.447490e+00,6.997433e+00,1.785127e+02,2.696399e-03,8.853306e+01,8.929810e-01,-9.148851e-01
1.09648,9.167135e-01,-2.683412e+00,6.997000e+00,1.783679e+02,2.956363e-03,8.839388e+01,8.929390e-01,-1.003076e+00
1.20226,9.166817e-01,-2.942078e+00,6.996480e+00,1.782092e+02,3.241349e-03,8.824109e+01,8.928885e-01,-1.099758e+00
1.31826,9.166435e-01,-3.225671e+00,6.995856e+00,1.780355e+02,3.553754e-03,8.807340e+01,8.928278e-01,-1.205746e+00
1.44544,9.165975e-01,-3.536585e+00,6.995105e+00,1.778450e+02,3.896197e-03,8.788940e+01,8.927548e-01,-1.321930e+00
1.58489,9.165423e-01,-3.877438e+00,6.994202e+00,1.776364e+02,4.271546e-03,8.768755e+01,8.926671e-01,-1.449283e+00
1.73780,9.164759e-01,-4.251099e+00,6.993118e+00,1.774077e+02,4.682932e-03,8.746614e+01,8.925618e-01,-1.588869e+00
1.90546,9.163962e-01,-4.660703e+00,6.991814e+00,1.771572e+02,5.133777e-03,8.722333e+01,8.924352e-01,-1.741852e+00
2.08930,9.163004e-01,-5.109685e+00,6.990248e+00,1.768826e+02,5.627815e-03,8.695708e+01,8.922831e-01,-1.909500e+00
2.29087,9.161854e-01,-5.601793e+00,6.988367e+00,1.765818e+02,6.169116e-03,8.666517e+01,8.921003e-01,-2.093199e+00
2.51189,9.160472e-01,-6.141129e+00,6.986107e+00,1.762522e+02,6.762114e-03,8.634520e+01,8.918809e-01,-2.294458e+00
2.75423,9.158812e-01,-6.732165e+00,6.983393e+00,1.758911e+02,7.411630e-03,8.599451e+01,8.916173e-01,-2.514919e+00
3.01995,9.156820e-01,-7.379784e+00,6.980134e+00,1.754955e+02,8.122897e-03,8.561022e+01,8.913009e-01,-2.756366e+00
3.31131,9.154430e-01,-8.089302e+00,6.976222e+00,1.750622e+02,8.901587e-03,8.518921e+01,8.909211e-01,-3.020735e+00
3.63078,9.151562e-01,-8.866508e+00,6.971528e+00,1.745877e+02,9.753826e-03,8.472807e+01,8.904654e-01,-3.310119e+00
3.98107,9.148123e-01,-9.717688e+00,6.965896e+00,1.740682e+02,1.068621e-02,8.422310e+01,8.899188e-01,-3.626777e+00
4.36516,9.144002e-01,-1.064966e+01,6.959144e+00,1.734995e+02,1.170584e-02,8.367031e+01,8.892636e-01,-3.973137e+00
4.78630,9.139065e-01,-1.166981e+01,6.951051e+00,1.728773e+02,1.282026e-02,8.306540e+01,8.884785e-01,-4.351801e+00
5.24807,9.133157e-01,-1.278608e+01,6.941359e+00,1.721967e+02,1.403753e-02,8.240372e+01,8.875386e-01,-4.765538e+00
5.75440,9.126093e-01,-1.400704e+01,6.929760e+00,1.714527e+02,1.536611e-02,8.168033e+01,8.864142e-01,-5.217279e+00
6.30957,9.117654e-01,-1.534186e+01,6.915892e+00,1.706397e+02,1.681487e-02,8.088993e+01,8.850705e-01,-5.710100e+00
6.91831,9.107587e-01,-1.680030e+01,6.899328e+00,1.697520e+02,1.839296e-02,8.002693e+01,8.834664e-01,-6.247197e+00
7.58578,9.095596e-01,-1.839269e+01,6.879570e+00,1.687835e+02,2.010970e-02,7.908547e+01,8.815543e-01,-6.831846e+00
8.31764,9.081340e-01,-2.012991e+01,6.856039e+00,1.677278e+02,2.197439e-02,7.805944e+01,8.792788e-01,-7.467348e+00
9.12011,9.064426e-01,-2.202327e+01,6.828065e+00,1.665785e+02,2.399608e-02,7.694256e+01,8.765763e-01,-8.156954e+00
10.00000,9.044412e-01,-2.408438e+01,6.794882e+00,1.653289e+02,2.618325e-02,7.572851e+01,8.733742e-01,-8.903758e+00
10.96478,9.020799e-01,-2.632502e+01,6.755619e+00,1.639725e+02,2.854339e-02,7.441101e+01,8.695907e-01,-9.710574e+00
12.02264,8.993042e-01,-2.875688e+01,6.709303e+00,1.625029e+02,3.108252e-02,7.298402e+01,8.651348e-01,-1.057976e+01
13.18257,8.960550e-01,-3.139123e+01,6.654858e+00,1.609141e+02,3.380459e-02,7.144197e+01,8.599073e-01,-1.151304e+01
14.45440,8.922700e-01,-3.423859e+01,6.591121e+00,1.592009e+02,3.671081e-02,6.977999e+01,8.538022e-01,-1.251122e+01
15.84893,8.878860e-01,-3.730820e+01,6.516860e+00,1.573591e+02,3.979884e-02,6.799426e+01,8.467092e-01,-1.357397e+01
17.37801,8.828416e-01,-4.060748e+01,6.430813e+00,1.553856e+02,4.306204e-02,6.608233e+01,8.385183e-01,-1.469949e+01
19.05461,8.770811e-01,-4.414141e+01,6.331733e+00,1.532794e+02,4.648870e-02,6.404355e+01,8.291250e-01,-1.588423e+01
20.89296,8.705594e-01,-4.791182e+01,6.218457e+00,1.510414e+02,5.006137e-02,6.187942e+01,8.184380e-01,-1.712260e+01
22.90868,8.632475e-01,-5.191667e+01,6.089985e+00,1.486749e+02,5.375645e-02,5.959397e+01,8.063872e-01,-1.840678e+01
25.11886,8.551385e-01,-5.614938e+01,5.945569e+00,1.461862e+02,5.754413e-02,5.719408e+01,7.929340e-01,-1.972658e+01
27.54229,8.462531e-01,-6.059823e+01,5.784813e+00,1.435844e+02,6.138874e-02,5.468963e+01,7.780809e-01,-2.106952e+01
30.19952,8.366443e-01,-6.524600e+01,5.607754e+00,1.408816e+02,6.524971e-02,5.209352e+01,7.618800e-01,-2.242110e+01
33.11311,8.263996e-01,-7.006975e+01,5.414941e+00,1.380925e+02,6.908305e-02,4.942152e+01,7.444398e-01,-2.376533e+01
36.30781,8.156407e-01,-7.504104e+01,5.207463e+00,1.352345e+02,7.284332e-02,4.669177e+01,7.259269e-01,-2.508555e+01
39.81072,8.045191e-01,-8.012642e+01,4.986953e+00,1.323263e+02,7.648596e-02,4.392424e+01,7.065645e-01,-2.636542e+01
43.65158,7.932089e-01,-8.528837e+01,4.755531e+00,1.293877e+02,7.996960e-02,4.113984e+01,6.866238e-01,-2.759021e+01
47.86301,7.818961e-01,-9.048650e+01,4.515713e+00,1.264384e+02,8.325829e-02,3.835955e+01,6.664113e-01,-2.874807e+01
52.48075,7.707671e-01,-9.567900e+01,4.270275e+00,1.234970e+02,8.632317e-02,3.560349e+01,6.462528e-01,-2.983127e+01
57.54399,7.599964e-01,-1.008242e+02,4.022108e+00,1.205804e+02,8.914348e-02,3.289003e+01,6.264747e-01,-3.083725e+01
63.09573,7.497366e-01,-1.058823e+02,3.774062e+00,1.177027e+02,9.170689e-02,3.023510e+01,6.073864e-01,-3.176939e+01
69.18310,7.401105e-01,-1.108165e+02,3.528810e+00,1.148752e+02,9.400906e-02,2.765172e+01,5.892654e-01,-3.263725e+01
75.85776,7.312073e-01,-1.155944e+02,3.288745e+00,1.121056e+02,9.605272e-02,2.514967e+01,5.723457e-01,-3.345644e+01
83.17638,7.230817e-01,-1.201887e+02,3.055902e+00,1.093981e+02,9.784629e-02,2.273549e+01,5.568124e-01,-3.424803e+01
91.20108,7.157565e-01,-1.245777e+02,2.831922e+00,1.067537e+02,9.940238e-02,2.041257e+01,5.428002e-01,-3.503757e+01
100.00000,7.092268e-01,-1.287454e+02,2.618050e+00,1.041702e+02,1.007363e-01,1.818143e+01,5.303961e-01,-3.585384e+01
109.64782,7.034655e-01,-1.326811e+02,2.415153e+00,1.016428e+02,1.018646e-01,1.604004e+01,5.196465e-01,-3.672757e+01
120.22644,6.984296e-01,-1.363793e+02,2.223756e+00,9.916398e+01,1.028042e-01,1.398424e+01,5.105658e-01,-3.769002e+01
131.82567,6.940654e-01,-1.398387e+02,2.044090e+00,9.672446e+01,1.035708e-01,1.200813e+01,5.031453e-01,-3.877179e+01
144.54398,6.903135e-01,-1.430619e+02,1.876146e+00,9.431318e+01,1.041790e-01,1.010442e+01,4.973635e-01,-4.000177e+01
158.48932,6.871130e-01,-1.460542e+02,1.719718e+00,9.191775e+01,1.046411e-01,8.264834e+00,4.931944e-01,-4.140629e+01
173.78008,6.844038e-01,-1.488235e+02,1.574456e+00,8.952473e+01,1.049671e-01,6.480365e+00,4.906151e-01,-4.300851e+01
190.54607,6.821296e-01,-1.513792e+02,1.439903e+00,8.711991e+01,1.051645e-01,4.741588e+00,4.896113e-01,-4.482793e+01
208.92961,6.802384e-01,-1.537319e+02,1.315528e+00,8.468849e+01,1.052379e-01,3.038895e+00,4.901815e-01,-4.688005e+01
229.08677,6.786840e-01,-1.558929e+02,1.200758e+00,8.221537e+01,1.051894e-01,1.362722e+00,4.923385e-01,-4.917612e+01
251.18864,6.774256e-01,-1.578739e+02,1.094997e+00,7.968531e+01,1.050180e-01,-2.962281e-01,4.961097e-01,-5.172297e+01
275.42287,6.764281e-01,-1.596866e+02,9.976479e-01,7.708320e+01,1.047204e-01,-1.946767e+00,5.015348e-01,-5.452281e+01
301.99517,6.756620e-01,-1.613426e+02,9.081200e-01,7.439426e+01,1.042904e-01,-3.596987e+00,5.086620e-01,-5.757320e+01
331.13112,6.751026e-01,-1.628531e+02,8.258439e-01,7.160441e+01,1.037197e-01,-5.254001e+00,5.175418e-01,-6.086704e+01
363.07805,6.747293e-01,-1.642291e+02,7.502769e-01,6.870056e+01,1.029975e-01,-6.923651e+00,5.282192e-01,-6.439268e+01
398.10717,6.745256e-01,-1.654811e+02,6.809083e-01,6.567107e+01,1.021118e-01,-8.610193e+00,5.407248e-01,-6.813414e+01
436.51583,6.744777e-01,-1.666191e+02,6.172626e-01,6.250618e+01,1.010493e-01,-1.031593e+01,5.550645e-01,-7.207156e+01
478.63009,6.745740e-01,-1.676525e+02,5.589015e-01,5.919861e+01,9.979650e-02,-1.204086e+01,5.712089e-01,-7.618169e+01
524.80746,6.748044e-01,-1.685903e+02,5.054244e-01,5.574412e+01,9.834062e-02,-1.378227e+01,5.890837e-01,-8.043847e+01
575.43994,6.751591e-01,-1.694411e+02,4.564681e-01,5.214212e+01,9.667088e-02,-1.553442e+01,6.085622e-01,-8.481369e+01
630.95734,6.756281e-01,-1.702129e+02,4.117049e-01,4.839631e+01,9.477984e-02,-1.728826e+01,6.294604e-01,-8.927764e+01
691.83097,6.762005e-01,-1.709130e+02,3.708403e-01,4.451519e+01,9.266484e-02,-1.903133e+01,6.515368e-01,-9.379967e+01
758.57758,6.768638e-01,-1.715483e+02,3.336094e-01,4.051248e+01,9.032934e-02,-2.074775e+01,6.744972e-01,-9.834875e+01
831.76377,6.776040e-01,-1.721252e+02,2.997718e-01,3.640735e+01,8.778406e-02,-2.241853e+01,6.980052e-01,-1.028939e+02
912.01084,6.784053e-01,-1.726492e+02,2.691074e-01,3.222438e+01,8.504757e-02,-2.402211e+01,7.216973e-01,-1.074050e+02
1000.00000,6.792507e-01,-1.731253e+02,2.414106e-01,2.799327e+01,8.214633e-02,-2.553513e+01,7.452015e-01,-1.118526e+02
1096.47820,6.801229e-01,-1.735576e+02,2.164854e-01,2.374825e+01,7.911404e-02,-2.693348e+01,7.681584e-01,-1.162094e+02
1202.26443,6.810049e-01,-1.739497e+02,1.941416e-01,1.952715e+01,7.599021e-02,-2.819352e+01,7.902405e-01,-1.204500e+02
1318.25674,6.818809e-01,-1.743043e+02,1.741917e-01,1.537026e+01,7.281826e-02,-2.929333e+01,8.111688e-01,-1.245519e+02
1445.43977,6.827376e-01,-1.746239e+02,1.564494e-01,1.131901e+01,6.964319e-02,-3.021401e+01,8.307246e-01,-1.284960e+02
1584.89319,6.835648e-01,-1.749099e+02,1.407299e-01,7.414429e+00,6.650920e-02,-3.094082e+01,8.487554e-01,-1.322665e+02
1737.80083,6.843554e-01,-1.751637e+02,1.268513e-01,3.695665e+00,6.345749e-02,-3.146413e+01,8.651740e-01,-1.358516e+02
1905.46072,6.851060e-01,-1.753862e+02,1.146362e-01,1.984421e-01,6.052446e-02,-3.178008e+01,8.799541e-01,-1.392432e+02
2089.29613,6.858170e-01,-1.755780e+02,1.039146e-01,-3.046310e+00,5.774037e-02,-3.189095e+01,8.931213e-01,-1.424369e+02
2290.86765,6.864915e-01,-1.757396e+02,9.452575e-02,-6.013668e+00,5.512869e-02,-3.180521e+01,9.047419e-01,-1.454314e+02
2511.88643,6.871360e-01,-1.758713e+02,8.632038e-02,-8.685672e+00,5.270581e-02,-3.153723e+01,9.149124e-01,-1.482284e+02
2754.22870,6.877591e-01,-1.759732e+02,7.916157e-02,-1.105198e+01,5.048130e-02,-3.110663e+01,9.237484e-01,-1.508323e+02
3019.95172,6.883719e-01,-1.760454e+02,7.292535e-02,-1.311021e+01,4.845849e-02,-3.053745e+01,9.313758e-01,-1.532489e+02
3311.31121,6.889875e-01,-1.760879e+02,6.750055e-02,-1.486592e+01,4.663529e-02,-2.985700e+01,9.379234e-01,-1.554859e+02
3630.78055,6.896206e-01,-1.761007e+02,6.278820e-02,-1.633226e+01,4.500504e-02,-2.909470e+01,9.435171e-01,-1.575520e+02
3981.07171,6.902881e-01,-1.760836e+02,5.870050e-02,-1.752931e+01,4.355755e-02,-2.828079e+01,9.482764e-01,-1.594564e+02
4365.15832,6.910090e-01,-1.760364e+02,5.515972e-02,-1.848311e+01,4.227998e-02,-2.744516e+01,9.523118e-01,-1.612088e+02
4786.30092,6.918045e-01,-1.759588e+02,5.209700e-02,-1.922448e+01,4.115775e-02,-2.661634e+01,9.557235e-01,-1.628189e+02
5248.07460,6.926986e-01,-1.758504e+02,4.945119e-02,-1.978765e+01,4.017524e-02,-2.582070e+01,9.586012e-01,-1.642966e+02
5754.39937,6.937183e-01,-1.757110e+02,4.716786e-02,-2.020886e+01,3.931644e-02,-2.508197e+01,9.610238e-01,-1.656512e+02
6309.57344,6.948945e-01,-1.755402e+02,4.519837e-02,-2.052494e+01,3.856544e-02,-2.442091e+01,9.630603e-01,-1.668918e+02
6918.30971,6.962623e-01,-1.753377e+02,4.349918e-02,-2.077204e+01,3.790674e-02,-2.385530e+01,9.647707e-01,-1.680272e+02
7585.77575,6.978615e-01,-1.751033e+02,4.203118e-02,-2.098461e+01,3.732549e-02,-2.340006e+01,9.662064e-01,-1.690656e+02
8317.63771,6.997376e-01,-1.748373e+02,4.075918e-02,-2.119455e+01,3.680761e-02,-2.306753e+01,9.674115e-01,-1.700148e+02
9120.10839,7.019417e-01,-1.745401e+02,3.965149e-02,-2.143070e+01,3.633981e-02,-2.286775e+01,9.684237e-01,-1.708819e+02
10000.00000,7.045312e-01,-1.742125e+02,3.867947e-02,-2.171855e+01,3.590955e-02,-2.280883e+01,9.692750e-01,-1.716737e+02
