! ! 
! S ! 
! ! 
! # MHz  S  MA  R  50.00000
! ! ===================================================================
1.00000,9.187694e-01,-2.403205e+00,6.824636e+00,1.785356e+02,2.703288e-03,8.855715e+01,8.951108e-01,-8.957745e-01
1.09648,9.187436e-01,-2.634865e+00,6.824228e+00,1.783930e+02,2.963922e-03,8.842017e+01,8.950703e-01,-9.821253e-01
1.20226,9.187125e-01,-2.888858e+00,6.823738e+00,1.782369e+02,3.249645e-03,8.826980e+01,8.950216e-01,-1.076792e+00
1.31826,9.186752e-01,-3.167330e+00,6.823149e+00,1.780657e+02,3.562860e-03,8.810477e+01,8.949631e-01,-1.180570e+00
1.44544,9.186304e-01,-3.472630e+00,6.822441e+00,1.778783e+02,3.906194e-03,8.792370e+01,8.948928e-01,-1.294332e+00
1.58489,9.185766e-01,-3.807332e+00,6.821590e+00,1.776728e+02,4.282524e-03,8.772506e+01,8.948082e-01,-1.419032e+00
1.73780,9.185118e-01,-4.174250e+00,6.820567e+00,1.774477e+02,4.694992e-03,8.750719e+01,8.947067e-01,-1.555713e+00
1.90546,9.184341e-01,-4.576469e+00,6.819339e+00,1.772010e+02,5.147030e-03,8.726825e+01,8.945847e-01,-1.705512e+00
2.08930,9.183406e-01,-5.017358e+00,6.817862e+00,1.769307e+02,5.642385e-03,8.700625e+01,8.944380e-01,-1.869676e+00
2.29087,9.182284e-01,-5.500604e+00,6.816088e+00,1.766345e+02,6.185143e-03,8.671900e+01,8.942619e-01,-2.049561e+00
2.51189,9.180936e-01,-6.030235e+00,6.813957e+00,1.763100e+02,6.779754e-03,8.640413e+01,8.940503e-01,-2.246646e+00
2.75423,9.179317e-01,-6.610648e+00,6.811398e+00,1.759544e+02,7.431060e-03,8.605902e+01,8.937962e-01,-2.462542e+00
3.01995,9.177374e-01,-7.246640e+00,6.808325e+00,1.755649e+02,8.144319e-03,8.568085e+01,8.934912e-01,-2.698998e+00
3.31131,9.175041e-01,-7.943441e+00,6.804636e+00,1.751382e+02,8.925227e-03,8.526653e+01,8.931250e-01,-2.957914e+00
3.63078,9.172243e-01,-8.706742e+00,6.800208e+00,1.746709e+02,9.779947e-03,8.481269e+01,8.926856e-01,-3.241344e+00
3.98107,9.168887e-01,-9.542728e+00,6.794897e+00,1.741593e+02,1.071512e-02,8.431570e+01,8.921586e-01,-3.551508e+00
4.36516,9.164865e-01,-1.045811e+01,6.788527e+00,1.735992e+02,1.173788e-02,8.377163e+01,8.915267e-01,-3.890792e+00
4.78630,9.160047e-01,-1.146015e+01,6.780893e+00,1.729864e+02,1.285584e-02,8.317620e+01,8.907696e-01,-4.261754e+00
5.24807,9.154279e-01,-1.255669e+01,6.771749e+00,1.723160e+02,1.407713e-02,8.252485e+01,8.898630e-01,-4.667122e+00
5.75440,9.147382e-01,-1.375617e+01,6.760803e+00,1.715830e+02,1.541031e-02,8.181268e+01,8.887782e-01,-5.109785e+00
6.30957,9.139140e-01,-1.506763e+01,6.747714e+00,1.707820e+02,1.686434e-02,8.103445e+01,8.874816e-01,-5.592781e+00
6.91831,9.129307e-01,-1.650072e+01,6.732078e+00,1.699073e+02,1.844851e-02,8.018462e+01,8.859334e-01,-6.119272e+00
7.58578,9.117590e-01,-1.806567e+01,6.713422e+00,1.689528e+02,2.017230e-02,7.925737e+01,8.840875e-01,-6.692509e+00
8.31764,9.103654e-01,-1.977323e+01,6.691196e+00,1.679122e+02,2.204522e-02,7.824662e+01,8.818901e-01,-7.315778e+00
9.12011,9.087113e-01,-2.163463e+01,6.664764e+00,1.667790e+02,2.407657e-02,7.714611e+01,8.792794e-01,-7.992330e+00
10.00000,9.067530e-01,-2.366145e+01,6.633397e+00,1.655466e+02,2.627511e-02,7.594952e+01,8.761845e-01,-8.725284e+00
10.96478,9.044413e-01,-2.586543e+01,6.596264e+00,1.642084e+02,2.864872e-02,7.465054e+01,8.725259e-01,-9.517500e+00
12.02264,9.017218e-01,-2.825828e+01,6.552434e+00,1.627579e+02,3.120386e-02,7.324306e+01,8.682144e-01,-1.037143e+01
13.18257,8.985356e-01,-3.085140e+01,6.500877e+00,1.611892e+02,3.394498e-02,7.172139e+01,8.631527e-01,-1.128890e+01
14.45440,8.948204e-01,-3.365547e+01,6.440471e+00,1.594967e+02,3.687389e-02,7.008051e+01,8.572360e-01,-1.227092e+01
15.84893,8.905123e-01,-3.668000e+01,6.370027e+00,1.576760e+02,3.998893e-02,6.831637e+01,8.503554e-01,-1.331738e+01
17.37801,8.855487e-01,-3.993282e+01,6.288314e+00,1.557238e+02,4.328419e-02,6.642622e+01,8.424008e-01,-1.442678e+01
19.05461,8.798719e-01,-4.341942e+01,6.194110e+00,1.536387e+02,4.674874e-02,6.440903e+01,8.332668e-01,-1.559594e+01
20.89296,8.734339e-01,-4.714231e+01,6.086260e+00,1.514210e+02,5.036589e-02,6.226586e+01,8.228596e-01,-1.681968e+01
22.90868,8.662018e-01,-5.110024e+01,5.963753e+00,1.490737e+02,5.411276e-02,6.000026e+01,8.111051e-01,-1.809065e+01
25.11886,8.581639e-01,-5.528759e+01,5.825807e+00,1.466024e+02,5.796009e-02,5.761852e+01,7.979589e-01,-1.939915e+01
27.54229,8.493354e-01,-5.969369e+01,5.671965e+00,1.440157e+02,6.187254e-02,5.512995e+01,7.834157e-01,-2.073322e+01
30.19952,8.397635e-01,-6.430243e+01,5.502182e+00,1.413251e+02,6.580956e-02,5.254689e+01,7.675185e-01,-2.207880e+01
33.11311,8.295297e-01,-6.909200e+01,5.316894e+00,1.385448e+02,6.972679e-02,4.988457e+01,7.503656e-01,-2.342030e+01
36.30781,8.187506e-01,-7.403505e+01,5.117068e+00,1.356916e+02,7.357799e-02,4.716072e+01,7.321132e-01,-2.474128e+01
39.81072,8.075739e-01,-7.909910e+01,4.904199e+00,1.327841e+02,7.731734e-02,4.439500e+01,7.129747e-01,-2.602550e+01
43.65158,7.961717e-01,-8.424740e+01,4.680274e+00,1.298418e+02,8.090188e-02,4.160817e+01,6.932130e-01,-2.725810e+01
47.86301,7.847304e-01,-8.944003e+01,4.447685e+00,1.268845e+02,8.429376e-02,3.882127e+01,6.731292e-01,-2.842690e+01
52.48075,7.734393e-01,-9.463541e+01,4.209103e+00,1.239310e+02,8.746209e-02,3.605457e+01,6.530462e-01,-2.952368e+01
57.54399,7.624777e-01,-9.979179e+01,3.967338e+00,1.209984e+02,9.038411e-02,3.332681e+01,6.332907e-01,-3.054521e+01
63.09573,7.520047e-01,-1.048688e+02,3.725187e+00,1.181015e+02,9.304563e-02,3.065437e+01,6.141755e-01,-3.149407e+01
69.18310,7.421505e-01,-1.098291e+02,3.485299e+00,1.152518e+02,9.544075e-02,2.805077e+01,5.959836e-01,-3.237902e+01
75.85776,7.330119e-01,-1.146394e+02,3.250063e+00,1.124576e+02,9.757097e-02,2.552638e+01,5.789566e-01,-3.321486e+01
83.17638,7.246508e-01,-1.192711e+02,3.021532e+00,1.097238e+02,9.944386e-02,2.308825e+01,5.632874e-01,-3.402194e+01
91.20108,7.170963e-01,-1.237016e+02,2.801379e+00,1.070518e+02,1.010715e-01,2.074030e+01,5.491186e-01,-3.482519e+01
100.00000,7.103483e-01,-1.279136e+02,2.590889e+00,1.044399e+02,1.024691e-01,1.848349e+01,5.365450e-01,-3.565297e+01
109.64782,7.043835e-01,-1.318955e+02,2.390971e+00,1.018834e+02,1.036533e-01,1.631617e+01,5.256192e-01,-3.653569e+01
120.22644,6.991612e-01,-1.356406e+02,2.202198e+00,9.937535e+01,1.046412e-01,1.423449e+01,5.163606e-01,-3.750450e+01
131.82567,6.946289e-01,-1.391469e+02,2.024843e+00,9.690654e+01,1.054489e-01,1.223276e+01,5.087642e-01,-3.859000e+01
144.54398,6.907275e-01,-1.424162e+02,1.858935e+00,9.446605e+01,1.060915e-01,1.030387e+01,5.028108e-01,-3.982122e+01
158.48932,6.873954e-01,-1.454534e+02,1.704308e+00,9.204159e+01,1.065818e-01,8.439625e+00,4.984756e-01,-4.122474e+01
173.78008,6.845720e-01,-1.482658e+02,1.560643e+00,8.961973e+01,1.069302e-01,6.631081e+00,4.957358e-01,-4.282402e+01
190.54607,6.821995e-01,-1.508625e+02,1.427508e+00,8.718624e+01,1.071446e-01,4.868815e+00,4.945766e-01,-4.463891e+01
208.92961,6.802247e-01,-1.532540e+02,1.304400e+00,8.472627e+01,1.072300e-01,3.143192e+00,4.949952e-01,-4.668535e+01
229.08677,6.785998e-01,-1.554515e+02,1.190764e+00,8.222465e+01,1.071887e-01,1.444596e+00,4.970029e-01,-4.897501e+01
251.18864,6.772828e-01,-1.574665e+02,1.086023e+00,7.966605e+01,1.070200e-01,-2.363411e-01,5.006256e-01,-5.151517e+01
275.42287,6.762373e-01,-1.593107e+02,9.895924e-01,7.703523e+01,1.067204e-01,-1.908517e+00,5.059011e-01,-5.430851e+01
301.99517,6.754325e-01,-1.609960e+02,9.008963e-01,7.431735e+01,1.062840e-01,-3.580115e+00,5.128762e-01,-5.735303e+01
331.13112,6.748426e-01,-1.625335e+02,8.193754e-01,7.149822e+01,1.057021e-01,-5.258345e+00,5.215998e-01,-6.064204e+01
363.07805,6.744464e-01,-1.639344e+02,7.444961e-01,6.856467e+01,1.049642e-01,-6.949147e+00,5.321161e-01,-6.416426e+01
398.10717,6.742263e-01,-1.652092e+02,6.757554e-01,6.550499e+01,1.040578e-01,-8.656867e+00,5.444550e-01,-6.790404e+01
436.51583,6.741681e-01,-1.663680e+02,6.126843e-01,6.230941e+01,1.029694e-01,-1.038390e+01,5.586220e-01,-7.184172e+01
478.63009,6.742594e-01,-1.674206e+02,5.548500e-01,5.897066e+01,1.016852e-01,-1.213031e+01,5.745878e-01,-7.595415e+01
524.80746,6.744896e-01,-1.683759e+02,5.018565e-01,5.548455e+01,1.001923e-01,-1.389346e+01,5.922788e-01,-8.021529e+01
575.43994,6.748485e-01,-1.692428e+02,4.533444e-01,5.185061e+01,9.847965e-02,-1.566765e+01,6.115689e-01,-8.459683e+01
630.95734,6.753254e-01,-1.700293e+02,4.089891e-01,4.807272e+01,9.653970e-02,-1.744389e+01,6.322751e-01,-8.906886e+01
691.83097,6.759091e-01,-1.707429e+02,3.684985e-01,4.415963e+01,9.436979e-02,-1.920971e+01,6.541573e-01,-9.360044e+01
758.57758,6.765865e-01,-1.713908e+02,3.316095e-01,4.012539e+01,9.197354e-02,-2.094925e+01,6.769226e-01,-9.816023e+01
831.76377,6.773430e-01,-1.719792e+02,2.980835e-01,3.598954e+01,8.936197e-02,-2.264348e+01,7.002363e-01,-1.027169e+02
912.01084,6.781623e-01,-1.725139e+02,2.677012e-01,3.177713e+01,8.655413e-02,-2.427080e+01,7.237364e-01,-1.072399e+02
1000.00000,6.790269e-01,-1.729999e+02,2.402580e-01,2.751835e+01,8.357715e-02,-2.580777e+01,7.470528e-01,-1.116997e+02
1096.47820,6.799188e-01,-1.734415e+02,2.155588e-01,2.324796e+01,8.046555e-02,-2.723017e+01,7.698277e-01,-1.160685e+02
1202.26443,6.808205e-01,-1.738422e+02,1.934142e-01,1.900430e+01,7.725976e-02,-2.851421e+01,7.917353e-01,-1.203207e+02
1318.25674,6.817158e-01,-1.742050e+02,1.736375e-01,1.482814e+01,7.400419e-02,-2.963776e+01,8.124982e-01,-1.244338e+02
1445.43977,6.825912e-01,-1.745321e+02,1.560439e-01,1.076130e+01,7.074486e-02,-3.058166e+01,8.318990e-01,-1.283883e+02
1584.89319,6.834357e-01,-1.748252e+02,1.404500e-01,6.845112e+00,6.752698e-02,-3.133086e+01,8.497860e-01,-1.321685e+02
1737.80083,6.842425e-01,-1.750857e+02,1.266754e-01,3.118861e+00,6.439269e-02,-3.187532e+01,8.660729e-01,-1.357626e+02
1905.46072,6.850079e-01,-1.753144e+02,1.145447e-01,-3.817137e-01,6.137922e-02,-3.221075e+01,8.807336e-01,-1.391625e+02
2089.29613,6.857321e-01,-1.755120e+02,1.038901e-01,-3.625815e+00,5.851761e-02,-3.233896e+01,8.937935e-01,-1.423636e+02
2290.86765,6.864185e-01,-1.756790e+02,9.455297e-02,-6.588775e+00,5.583193e-02,-3.226794e+01,9.053188e-01,-1.453649e+02
2511.88643,6.870733e-01,-1.758156e+02,8.638619e-02,-9.252977e+00,5.333907e-02,-3.201156e+01,9.154053e-01,-1.481682e+02
2754.22870,6.877055e-01,-1.759222e+02,7.925495e-02,-1.160848e+01,5.104901e-02,-3.158906e+01,9.241678e-01,-1.507776e+02
3019.95172,6.883262e-01,-1.759987e+02,7.303726e-02,-1.365333e+01,4.896536e-02,-3.102415e+01,9.317315e-01,-1.531993e+02
3311.31121,6.889485e-01,-1.760452e+02,6.762376e-02,-1.539348e+01,4.708615e-02,-3.034398e+01,9.382241e-01,-1.554409e+02
3630.78055,6.895874e-01,-1.760616e+02,6.291705e-02,-1.684247e+01,4.540482e-02,-2.957796e+01,9.437706e-01,-1.575110e+02
3981.07171,6.902598e-01,-1.760479e+02,5.883071e-02,-1.802070e+01,4.391111e-02,-2.875645e+01,9.484895e-01,-1.594192e+02
4365.15832,6.909849e-01,-1.760038e+02,5.528818e-02,-1.895453e+01,4.259209e-02,-2.790963e+01,9.524906e-01,-1.611749e+02
4786.30092,6.917838e-01,-1.759290e+02,5.222153e-02,-1.967501e+01,4.143295e-02,-2.706646e+01,9.558733e-01,-1.627881e+02
5248.07460,6.926808e-01,-1.758232e+02,4.957039e-02,-2.021663e+01,4.041783e-02,-2.625381e+01,9.587264e-01,-1.642686e+02
5754.39937,6.937029e-01,-1.756862e+02,4.728092e-02,-2.061583e+01,3.953042e-02,-2.549595e+01,9.611283e-01,-1.656257e+02
6309.57344,6.948811e-01,-1.755175e+02,4.530494e-02,-2.090964e+01,3.875448e-02,-2.481420e+01,9.631475e-01,-1.668686e+02
6918.30971,6.962505e-01,-1.753170e+02,4.359924e-02,-2.113444e+01,3.807416e-02,-2.422689e+01,9.648432e-01,-1.680061e+02
7585.77575,6.978510e-01,-1.750845e+02,4.212493e-02,-2.132484e+01,3.747426e-02,-2.374942e+01,9.662666e-01,-1.690464e+02
8317.63771,6.997281e-01,-1.748202e+02,4.084700e-02,-2.151295e+01,3.694037e-02,-2.339458e+01,9.674615e-01,-1.699972e+02
9120.10839,7.019330e-01,-1.745245e+02,3.973382e-02,-2.172778e+01,3.645886e-02,-2.317275e+01,9.684651e-01,-1.708659e+02
10000.00000,7.045231e-01,-1.741983e+02,3.875682e-02,-2.199496e+01,3.601692e-02,-2.309232e+01,9.693093e-01,-1.716591e+02
