! ! 
! S ! 
! ! 
! # MHz  S  MA  R  50.00000
! ! ===================================================================
1.00000,9.186425e-01,-2.397784e+00,6.778216e+00,1.785376e+02,2.727306e-03,8.855959e+01,8.970662e-01,-8.970582e-01
1.09648,9.186168e-01,-2.628922e+00,6.777812e+00,1.783953e+02,2.990256e-03,8.842284e+01,8.970258e-01,-9.835335e-01
1.20226,9.185859e-01,-2.882344e+00,6.777328e+00,1.782393e+02,3.278519e-03,8.827272e+01,8.969771e-01,-1.078336e+00
1.31826,9.185487e-01,-3.160188e+00,6.776745e+00,1.780685e+02,3.594517e-03,8.810797e+01,8.969186e-01,-1.182264e+00
1.44544,9.185040e-01,-3.464801e+00,6.776044e+00,1.778813e+02,3.940904e-03,8.792720e+01,8.968483e-01,-1.296191e+00
1.58489,9.184503e-01,-3.798749e+00,6.775203e+00,1.776761e+02,4.320581e-03,8.772889e+01,8.967639e-01,-1.421071e+00
1.73780,9.183858e-01,-4.164843e+00,6.774191e+00,1.774513e+02,4.736717e-03,8.751137e+01,8.966624e-01,-1.557950e+00
1.90546,9.183083e-01,-4.566157e+00,6.772976e+00,1.772050e+02,5.192776e-03,8.727283e+01,8.965404e-01,-1.707967e+00
2.08930,9.182151e-01,-5.006055e+00,6.771515e+00,1.769351e+02,5.692538e-03,8.701126e+01,8.963939e-01,-1.872369e+00
2.29087,9.181032e-01,-5.488216e+00,6.769760e+00,1.766393e+02,6.240127e-03,8.672450e+01,8.962178e-01,-2.052517e+00
2.51189,9.179688e-01,-6.016658e+00,6.767652e+00,1.763152e+02,6.840033e-03,8.641014e+01,8.960064e-01,-2.249890e+00
2.75423,9.178074e-01,-6.595770e+00,6.765121e+00,1.759601e+02,7.497141e-03,8.606561e+01,8.957524e-01,-2.466103e+00
3.01995,9.176137e-01,-7.230339e+00,6.762081e+00,1.755711e+02,8.216756e-03,8.568806e+01,8.954475e-01,-2.702909e+00
3.31131,9.173812e-01,-7.925582e+00,6.758431e+00,1.751451e+02,9.004630e-03,8.527442e+01,8.950815e-01,-2.962210e+00
3.63078,9.171022e-01,-8.687179e+00,6.754051e+00,1.746784e+02,9.866979e-03,8.482133e+01,8.946423e-01,-3.246065e+00
3.98107,9.167676e-01,-9.521304e+00,6.748797e+00,1.741675e+02,1.081051e-02,8.432516e+01,8.941156e-01,-3.556697e+00
4.36516,9.163666e-01,-1.043465e+01,6.742496e+00,1.736083e+02,1.184241e-02,8.378197e+01,8.934840e-01,-3.896499e+00
4.78630,9.158862e-01,-1.143447e+01,6.734944e+00,1.729963e+02,1.297040e-02,8.318751e+01,8.927272e-01,-4.268034e+00
5.24807,9.153112e-01,-1.252860e+01,6.725897e+00,1.723268e+02,1.420264e-02,8.253721e+01,8.918210e-01,-4.674037e+00
5.75440,9.146234e-01,-1.372544e+01,6.715069e+00,1.715948e+02,1.554781e-02,8.182618e+01,8.907367e-01,-5.117405e+00
6.30957,9.138017e-01,-1.503404e+01,6.702120e+00,1.707949e+02,1.701494e-02,8.104918e+01,8.894406e-01,-5.601186e+00
6.91831,9.128212e-01,-1.646402e+01,6.686650e+00,1.699213e+02,1.861342e-02,8.020069e+01,8.878930e-01,-6.128553e+00
7.58578,9.116528e-01,-1.802559e+01,6.668192e+00,1.689680e+02,2.035284e-02,7.927487e+01,8.860477e-01,-6.702770e+00
8.31764,9.102631e-01,-1.972951e+01,6.646202e+00,1.679287e+02,2.224281e-02,7.826565e+01,8.838509e-01,-7.327140e+00
9.12011,9.086137e-01,-2.158699e+01,6.620049e+00,1.667969e+02,2.429273e-02,7.716679e+01,8.812408e-01,-8.004930e+00
10.00000,9.066606e-01,-2.360959e+01,6.589011e+00,1.655660e+02,2.651150e-02,7.597194e+01,8.781466e-01,-8.739283e+00
10.96478,9.043549e-01,-2.580905e+01,6.552265e+00,1.642294e+02,2.890707e-02,7.467480e+01,8.744883e-01,-9.533086e+00
12.02264,9.016423e-01,-2.819710e+01,6.508890e+00,1.627805e+02,3.148603e-02,7.326924e+01,8.701770e-01,-1.038882e+01
13.18257,8.984639e-01,-3.078513e+01,6.457864e+00,1.612134e+02,3.425294e-02,7.174956e+01,8.651149e-01,-1.130835e+01
14.45440,8.947573e-01,-3.358384e+01,6.398074e+00,1.595226e+02,3.720967e-02,7.011072e+01,8.591973e-01,-1.229273e+01
15.84893,8.904586e-01,-3.660279e+01,6.328341e+00,1.577035e+02,4.035464e-02,6.834862e+01,8.523145e-01,-1.334189e+01
17.37801,8.855051e-01,-3.984984e+01,6.247442e+00,1.557529e+02,4.368198e-02,6.646050e+01,8.443563e-01,-1.445441e+01
19.05461,8.798388e-01,-4.333055e+01,6.154163e+00,1.536692e+02,4.718075e-02,6.444527e+01,8.352165e-01,-1.562713e+01
20.89296,8.734113e-01,-4.704750e+01,6.047355e+00,1.514529e+02,5.083423e-02,6.230394e+01,8.248007e-01,-1.685498e+01
22.90868,8.661894e-01,-5.099954e+01,5.926009e+00,1.491066e+02,5.461941e-02,6.003996e+01,8.130339e-01,-1.813066e+01
25.11886,8.581608e-01,-5.518116e+01,5.789344e+00,1.466361e+02,5.850684e-02,5.765959e+01,7.998706e-01,-1.944454e+01
27.54229,8.493400e-01,-5.958183e+01,5.636896e+00,1.440496e+02,6.246094e-02,5.517205e+01,7.853045e-01,-2.078471e+01
30.19952,8.397734e-01,-6.418555e+01,5.468611e+00,1.413588e+02,6.644081e-02,5.258959e+01,7.693775e-01,-2.213717e+01
33.11311,8.295420e-01,-6.897067e+01,5.284911e+00,1.385778e+02,7.040166e-02,4.992739e+01,7.521867e-01,-2.348635e+01
36.30781,8.187616e-01,-7.390997e+01,5.086745e+00,1.357232e+02,7.429675e-02,4.720310e+01,7.338877e-01,-2.481582e+01
39.81072,8.075793e-01,-7.897109e+01,4.875587e+00,1.328136e+02,7.807973e-02,4.443634e+01,7.146932e-01,-2.610929e+01
43.65158,7.961672e-01,-8.411736e+01,4.653399e+00,1.298685e+02,8.170707e-02,4.164786e+01,6.948661e-01,-2.735186e+01
47.86301,7.847116e-01,-8.930896e+01,4.422550e+00,1.269077e+02,8.514035e-02,3.885865e+01,6.747078e-01,-2.853123e+01
52.48075,7.734020e-01,-9.450431e+01,4.185688e+00,1.239499e+02,8.834817e-02,3.608902e+01,6.545421e-01,-2.963904e+01
57.54399,7.624184e-01,-9.966167e+01,3.945603e+00,1.210123e+02,9.130732e-02,3.335772e+01,6.346975e-01,-3.067192e+01
63.09573,7.519205e-01,-1.047407e+02,3.705074e+00,1.181096e+02,9.400324e-02,3.068118e+01,6.154885e-01,-3.163229e+01
69.18310,7.420396e-01,-1.097038e+02,3.466736e+00,1.152535e+02,9.642979e-02,2.807295e+01,5.972004e-01,-3.252873e+01
75.85776,7.328734e-01,-1.145175e+02,3.232970e+00,1.124522e+02,9.858829e-02,2.554345e+01,5.800771e-01,-3.337592e+01
83.17638,7.244847e-01,-1.191535e+02,3.005822e+00,1.097108e+02,1.004862e-01,2.309980e+01,5.643141e-01,-3.419409e+01
91.20108,7.169032e-01,-1.235887e+02,2.786962e+00,1.070305e+02,1.021358e-01,2.074594e+01,5.500563e-01,-3.500812e+01
100.00000,7.101297e-01,-1.278057e+02,2.577675e+00,1.044097e+02,1.035522e-01,1.848286e+01,5.374005e-01,-3.584634e+01
109.64782,7.041414e-01,-1.317928e+02,2.378872e+00,1.018438e+02,1.047521e-01,1.630895e+01,5.264012e-01,-3.673919e+01
120.22644,6.988977e-01,-1.355432e+02,2.191126e+00,9.932575e+01,1.057529e-01,1.422036e+01,5.170791e-01,-3.771789e+01
131.82567,6.943465e-01,-1.390548e+02,2.014719e+00,9.684635e+01,1.065708e-01,1.221141e+01,5.094306e-01,-3.881313e+01
144.54398,6.904287e-01,-1.423293e+02,1.849682e+00,9.439465e+01,1.072210e-01,1.027499e+01,5.034373e-01,-4.005406e+01
158.48932,6.870829e-01,-1.453714e+02,1.695854e+00,9.195832e+01,1.077164e-01,8.402895e+00,4.990751e-01,-4.146733e+01
173.78008,6.842482e-01,-1.481885e+02,1.552919e+00,8.952388e+01,1.080675e-01,6.586153e+00,4.963216e-01,-4.307648e+01
190.54607,6.818670e-01,-1.507897e+02,1.420455e+00,8.707706e+01,1.082822e-01,4.815326e+00,4.951623e-01,-4.490144e+01
208.92961,6.798858e-01,-1.531853e+02,1.297959e+00,8.460298e+01,1.083655e-01,3.080759e+00,4.955945e-01,-4.695812e+01
229.08677,6.782568e-01,-1.553865e+02,1.184883e+00,8.208640e+01,1.083196e-01,1.372818e+00,4.976295e-01,-4.925816e+01
251.18864,6.769380e-01,-1.574050e+02,1.080654e+00,7.951195e+01,1.081438e-01,-3.178809e-01,5.012929e-01,-5.180874e+01
275.42287,6.758928e-01,-1.592524e+02,9.846927e-01,7.686439e+01,1.078345e-01,-2.000242e+00,5.066222e-01,-5.461240e+01
301.99517,6.750905e-01,-1.609404e+02,8.964252e-01,7.412884e+01,1.073855e-01,-3.682444e+00,5.136632e-01,-5.766696e+01
331.13112,6.745054e-01,-1.624804e+02,8.152967e-01,7.129113e+01,1.067880e-01,-5.371680e+00,5.224638e-01,-6.096553e+01
363.07805,6.741160e-01,-1.638835e+02,7.407770e-01,6.833812e+01,1.060312e-01,-7.073852e+00,5.330664e-01,-6.449658e+01
398.10717,6.739049e-01,-1.651602e+02,6.723663e-01,6.525819e+01,1.051024e-01,-8.793250e+00,5.454987e-01,-6.824423e+01
436.51583,6.738577e-01,-1.663208e+02,6.095987e-01,6.204167e+01,1.039879e-01,-1.053218e+01,5.597632e-01,-7.218861e+01
478.63009,6.739621e-01,-1.673749e+02,5.520443e-01,5.868145e+01,1.026740e-01,-1.229061e+01,5.758274e-01,-7.630638e+01
524.80746,6.742072e-01,-1.683317e+02,4.993095e-01,5.517355e+01,1.011474e-01,-1.406575e+01,5.936135e-01,-8.057132e+01
575.43994,6.745828e-01,-1.691999e+02,4.510374e-01,5.151779e+01,9.939720e-02,-1.585175e+01,6.129911e-01,-8.495500e+01
630.95734,6.750780e-01,-1.699876e+02,4.069054e-01,4.771837e+01,9.741610e-02,-1.763943e+01,6.337729e-01,-8.942741e+01
691.83097,6.756811e-01,-1.707024e+02,3.666232e-01,4.378443e+01,9.520173e-02,-1.941614e+01,6.557146e-01,-9.395757e+01
758.57758,6.763787e-01,-1.713515e+02,3.299291e-01,3.973042e+01,9.275818e-02,-2.116580e+01,6.785197e-01,-9.851410e+01
831.76377,6.771559e-01,-1.719412e+02,2.965855e-01,3.557636e+01,9.009711e-02,-2.286922e+01,7.018508e-01,-1.030658e+02
912.01084,6.779958e-01,-1.724771e+02,2.663739e-01,3.134775e+01,8.723832e-02,-2.450464e+01,7.253446e-01,-1.075819e+02
1000.00000,6.788806e-01,-1.729644e+02,2.390900e-01,2.707524e+01,8.420979e-02,-2.604850e+01,7.486309e-01,-1.120332e+02
1096.47820,6.797918e-01,-1.734073e+02,2.145387e-01,2.279398e+01,8.104685e-02,-2.747652e+01,7.713533e-01,-1.163919e+02
1202.26443,6.807117e-01,-1.738093e+02,1.925306e-01,1.854266e+01,7.779076e-02,-2.876487e+01,7.931887e-01,-1.206326e+02
1318.25674,6.816239e-01,-1.741734e+02,1.728787e-01,1.436231e+01,7.448665e-02,-2.989147e+01,8.138632e-01,-1.247330e+02
1445.43977,6.825145e-01,-1.745017e+02,1.553981e-01,1.029487e+01,7.118113e-02,-3.083723e+01,8.331638e-01,-1.286739e+02
1584.89319,6.833730e-01,-1.747959e+02,1.399053e-01,6.381696e+00,6.791985e-02,-3.158717e+01,8.509430e-01,-1.324398e+02
1737.80083,6.841922e-01,-1.750574e+02,1.262201e-01,2.661952e+00,6.474522e-02,-3.213139e+01,8.671189e-01,-1.360190e+02
1905.46072,6.849687e-01,-1.752870e+02,1.141677e-01,-8.288647e-01,6.169463e-02,-3.246569e+01,8.816691e-01,-1.394038e+02
2089.29613,6.857030e-01,-1.754854e+02,1.035806e-01,-4.060312e+00,5.879913e-02,-3.259199e+01,8.946220e-01,-1.425898e+02
2290.86765,6.863985e-01,-1.756530e+02,9.430110e-02,-7.008167e+00,5.608272e-02,-3.251836e+01,9.060461e-01,-1.455761e+02
2511.88643,6.870618e-01,-1.757901e+02,8.618307e-02,-9.655323e+00,5.356217e-02,-3.225875e+01,9.160388e-01,-1.483648e+02
2754.22870,6.877021e-01,-1.758969e+02,7.909267e-02,-1.199238e+01,5.124727e-02,-3.183245e+01,9.247159e-01,-1.509600e+02
3019.95172,6.883308e-01,-1.759735e+02,7.290893e-02,-1.401791e+01,4.914143e-02,-3.126323e+01,9.322028e-01,-1.533681e+02
3311.31121,6.889611e-01,-1.760199e+02,6.752346e-02,-1.573841e+01,4.724249e-02,-3.057833e+01,9.386272e-01,-1.555968e+02
3630.78055,6.896084e-01,-1.760361e+02,6.283977e-02,-1.716787e+01,4.554365e-02,-2.980721e+01,9.441139e-01,-1.576548e+02
3981.07171,6.902900e-01,-1.760219e+02,5.877225e-02,-1.832714e+01,4.403447e-02,-2.898033e+01,9.487809e-01,-1.595515e+02
4365.15832,6.910250e-01,-1.759771e+02,5.524502e-02,-1.924290e+01,4.270178e-02,-2.812800e+01,9.527370e-01,-1.612965e+02
4786.30092,6.918352e-01,-1.759016e+02,5.219078e-02,-1.994651e+01,4.153061e-02,-2.727929e+01,9.560811e-01,-1.628997e+02
5248.07460,6.927450e-01,-1.757948e+02,4.954965e-02,-2.047265e+01,4.050490e-02,-2.646122e+01,9.589013e-01,-1.643708e+02
5754.39937,6.937820e-01,-1.756566e+02,4.726818e-02,-2.085793e+01,3.960815e-02,-2.569819e+01,9.612752e-01,-1.657193e+02
6309.57344,6.949773e-01,-1.754867e+02,4.529854e-02,-2.113946e+01,3.882394e-02,-2.501168e+01,9.632707e-01,-1.669543e+02
6918.30971,6.963667e-01,-1.752848e+02,4.359775e-02,-2.135367e+01,3.813626e-02,-2.442012e+01,9.649465e-01,-1.680845e+02
7585.77575,6.979906e-01,-1.750508e+02,4.212716e-02,-2.153520e+01,3.752975e-02,-2.393906e+01,9.663532e-01,-1.691180e+02
8317.63771,6.998949e-01,-1.747848e+02,4.085187e-02,-2.171611e+01,3.698983e-02,-2.358136e+01,9.675340e-01,-1.700627e+02
9120.10839,7.021313e-01,-1.744875e+02,3.974040e-02,-2.192536e+01,3.650276e-02,-2.335749e+01,9.685259e-01,-1.709256e+02
10000.00000,7.047580e-01,-1.741597e+02,3.876424e-02,-2.218853e+01,3.605555e-02,-2.327591e+01,9.693604e-01,-1.717136e+02
