! ! 
! S ! 
! ! 
! # MHz  S  MA  R  50.00000
! ! ===================================================================
1.00000,9.215619e-01,-2.357792e+00,6.691967e+00,1.785605e+02,2.666797e-03,8.858285e+01,8.937427e-01,-8.695241e-01
1.09648,9.215368e-01,-2.585082e+00,6.691581e+00,1.784204e+02,2.923919e-03,8.844821e+01,8.937040e-01,-9.533462e-01
1.20226,9.215066e-01,-2.834284e+00,6.691118e+00,1.782669e+02,3.205794e-03,8.830042e+01,8.936576e-01,-1.045241e+00
1.31826,9.214703e-01,-3.107504e+00,6.690560e+00,1.780987e+02,3.514792e-03,8.813823e+01,8.936017e-01,-1.145981e+00
1.44544,9.214266e-01,-3.407048e+00,6.689890e+00,1.779144e+02,3.853509e-03,8.796028e+01,8.935346e-01,-1.256414e+00
1.58489,9.213742e-01,-3.735440e+00,6.689085e+00,1.777125e+02,4.224781e-03,8.776507e+01,8.934540e-01,-1.377466e+00
1.73780,9.213111e-01,-4.095445e+00,6.688118e+00,1.774912e+02,4.631712e-03,8.755096e+01,8.933570e-01,-1.510148e+00
1.90546,9.212354e-01,-4.490088e+00,6.686955e+00,1.772487e+02,5.077689e-03,8.731615e+01,8.932406e-01,-1.655569e+00
2.08930,9.211443e-01,-4.922678e+00,6.685558e+00,1.769830e+02,5.566413e-03,8.705868e+01,8.931006e-01,-1.814936e+00
2.29087,9.210350e-01,-5.396834e+00,6.683879e+00,1.766918e+02,6.101918e-03,8.677640e+01,8.929325e-01,-1.989568e+00
2.51189,9.209037e-01,-5.916511e+00,6.681863e+00,1.763727e+02,6.688602e-03,8.646696e+01,8.927306e-01,-2.180903e+00
2.75423,9.207460e-01,-6.486027e+00,6.679441e+00,1.760232e+02,7.331248e-03,8.612782e+01,8.924881e-01,-2.390505e+00
3.01995,9.205567e-01,-7.110093e+00,6.676533e+00,1.756402e+02,8.035052e-03,8.575617e+01,8.921969e-01,-2.620077e+00
3.31131,9.203294e-01,-7.793847e+00,6.673041e+00,1.752208e+02,8.805651e-03,8.534898e+01,8.918473e-01,-2.871463e+00
3.63078,9.200568e-01,-8.542882e+00,6.668851e+00,1.747613e+02,9.649138e-03,8.490295e+01,8.914279e-01,-3.146665e+00
3.98107,9.197298e-01,-9.363277e+00,6.663824e+00,1.742583e+02,1.057209e-02,8.441448e+01,8.909247e-01,-3.447842e+00
4.36516,9.193378e-01,-1.026163e+01,6.657794e+00,1.737076e+02,1.158157e-02,8.387970e+01,8.903214e-01,-3.777317e+00
4.78630,9.188682e-01,-1.124509e+01,6.650567e+00,1.731050e+02,1.268515e-02,8.329442e+01,8.895984e-01,-4.137586e+00
5.24807,9.183060e-01,-1.232138e+01,6.641909e+00,1.724457e+02,1.389087e-02,8.265411e+01,8.887325e-01,-4.531306e+00
5.75440,9.176335e-01,-1.349880e+01,6.631544e+00,1.717248e+02,1.520726e-02,8.195394e+01,8.876964e-01,-4.961302e+00
6.30957,9.168298e-01,-1.478627e+01,6.619147e+00,1.709369e+02,1.664324e-02,8.118873e+01,8.864576e-01,-5.430543e+00
6.91831,9.158705e-01,-1.619332e+01,6.604333e+00,1.700763e+02,1.820809e-02,8.035301e+01,8.849782e-01,-5.942127e+00
7.58578,9.147273e-01,-1.773005e+01,6.586655e+00,1.691371e+02,1.991130e-02,7.944099e+01,8.832138e-01,-6.499247e+00
8.31764,9.133669e-01,-1.940712e+01,6.565587e+00,1.681130e+02,2.176243e-02,7.844665e+01,8.811128e-01,-7.105137e+00
9.12011,9.117516e-01,-2.123565e+01,6.540523e+00,1.669975e+02,2.377089e-02,7.736375e+01,8.786156e-01,-7.763013e+00
10.00000,9.098382e-01,-2.322715e+01,6.510766e+00,1.657841e+02,2.594561e-02,7.618597e+01,8.756542e-01,-8.475976e+00
10.96478,9.075780e-01,-2.539336e+01,6.475522e+00,1.644660e+02,2.829470e-02,7.490698e+01,8.721513e-01,-9.246895e+00
12.02264,9.049171e-01,-2.774600e+01,6.433896e+00,1.630368e+02,3.082498e-02,7.352062e+01,8.680208e-01,-1.007826e+01
13.18257,9.017970e-01,-3.029655e+01,6.384896e+00,1.614903e+02,3.354136e-02,7.202109e+01,8.631681e-01,-1.097198e+01
14.45440,8.981552e-01,-3.305585e+01,6.327440e+00,1.598209e+02,3.644621e-02,7.040323e+01,8.574911e-01,-1.192921e+01
15.84893,8.939272e-01,-3.603371e+01,6.260370e+00,1.580241e+02,3.953863e-02,6.866274e+01,8.508826e-01,-1.295002e+01
17.37801,8.890493e-01,-3.923834e+01,6.182487e+00,1.560961e+02,4.281356e-02,6.679660e+01,8.432341e-01,-1.403317e+01
19.05461,8.834619e-01,-4.267575e+01,6.092585e+00,1.540351e+02,4.626106e-02,6.480343e+01,8.344403e-01,-1.517581e+01
20.89296,8.771140e-01,-4.634911e+01,5.989514e+00,1.518413e+02,4.986555e-02,6.268383e+01,8.244060e-01,-1.637317e+01
22.90868,8.699689e-01,-5.025800e+01,5.872249e+00,1.495168e+02,5.360527e-02,6.044082e+01,8.130543e-01,-1.761836e+01
25.11886,8.620100e-01,-5.439774e+01,5.739972e+00,1.470669e+02,5.745205e-02,5.808015e+01,8.003354e-01,-1.890218e+01
27.54229,8.532469e-01,-5.875877e+01,5.592166e+00,1.444994e+02,6.137157e-02,5.561053e+01,7.862369e-01,-2.021319e+01
30.19952,8.437203e-01,-6.332611e+01,5.428702e+00,1.418252e+02,6.532400e-02,5.304370e+01,7.707925e-01,-2.153786e+01
33.11311,8.335056e-01,-6.807916e+01,5.249912e+00,1.390582e+02,6.926540e-02,5.039434e+01,7.540894e-01,-2.286102e+01
36.30781,8.227136e-01,-7.299171e+01,5.056642e+00,1.362146e+02,7.314951e-02,4.767973e+01,7.362723e-01,-2.416659e+01
39.81072,8.114875e-01,-7.803232e+01,4.850258e+00,1.333127e+02,7.693005e-02,4.491920e+01,7.175427e-01,-2.543851e+01
43.65158,7.999971e-01,-8.316508e+01,4.632621e+00,1.303719e+02,8.056311e-02,4.213336e+01,6.981529e-01,-2.666195e+01
47.86301,7.884288e-01,-8.835066e+01,4.406007e+00,1.274118e+02,8.400952e-02,3.934324e+01,6.783951e-01,-2.782455e+01
52.48075,7.769739e-01,-9.354776e+01,4.172992e+00,1.244516e+02,8.723677e-02,3.656934e+01,6.585861e-01,-2.891771e+01
57.54399,7.658167e-01,-9.871455e+01,3.936318e+00,1.215088e+02,9.022034e-02,3.383074e+01,6.390496e-01,-2.993767e+01
63.09573,7.551228e-01,-1.038104e+02,3.698740e+00,1.185985e+02,9.294430e-02,3.114430e+01,6.200983e-01,-3.088634e+01
69.18310,7.450301e-01,-1.087971e+02,3.462894e+00,1.157329e+02,9.540115e-02,2.852412e+01,6.020174e-01,-3.177175e+01
75.85776,7.356435e-01,-1.136404e+02,3.231178e+00,1.129209e+02,9.759102e-02,2.598118e+01,5.850529e-01,-3.260792e+01
83.17638,7.270325e-01,-1.183110e+02,3.005674e+00,1.101680e+02,9.952042e-02,2.352315e+01,5.694032e-01,-3.341447e+01
91.20108,7.192329e-01,-1.227847e+02,2.788097e+00,1.074763e+02,1.012007e-01,2.115453e+01,5.552169e-01,-3.421566e+01
100.00000,7.122504e-01,-1.270432e+02,2.579780e+00,1.048444e+02,1.026466e-01,1.887680e+01,5.425942e-01,-3.503927e+01
109.64782,7.060655e-01,-1.310738e+02,2.381683e+00,1.022683e+02,1.038747e-01,1.668878e+01,5.315929e-01,-3.591526e+01
120.22644,7.006403e-01,-1.348687e+02,2.194429e+00,9.974130e+01,1.049019e-01,1.458697e+01,5.222360e-01,-3.687446e+01
131.82567,6.959236e-01,-1.384250e+02,2.018340e+00,9.725455e+01,1.057448e-01,1.256601e+01,5.145216e-01,-3.794730e+01
144.54398,6.918569e-01,-1.417437e+02,1.853487e+00,9.479738e+01,1.064187e-01,1.061901e+01,5.084319e-01,-3.916276e+01
158.48932,6.883781e-01,-1.448292e+02,1.699739e+00,9.235763e+01,1.069367e-01,8.737925e+00,5.039425e-01,-4.054750e+01
173.78008,6.854255e-01,-1.476881e+02,1.556811e+00,8.992202e+01,1.073099e-01,6.913925e+00,5.010304e-01,-4.212521e+01
190.54607,6.829400e-01,-1.503295e+02,1.424298e+00,8.747638e+01,1.075464e-01,5.137642e+00,4.996796e-01,-4.391612e+01
208.92961,6.808668e-01,-1.527633e+02,1.301716e+00,8.500590e+01,1.076519e-01,3.399452e+00,4.998858e-01,-4.593662e+01
229.08677,6.791564e-01,-1.550007e+02,1.188532e+00,8.249537e+01,1.076289e-01,1.689715e+00,5.016585e-01,-4.819902e+01
251.18864,6.777652e-01,-1.570533e+02,1.084181e+00,7.992945e+01,1.074773e-01,-9.950119e-04,5.050218e-01,-5.071132e+01
275.42287,6.766553e-01,-1.589326e+02,9.880913e-01,7.729282e+01,1.071940e-01,-1.681666e+00,5.100124e-01,-5.347701e+01
301.99517,6.757943e-01,-1.606505e+02,8.996953e-01,7.457053e+01,1.067733e-01,-3.360604e+00,5.166763e-01,-5.649501e+01
331.13112,6.751551e-01,-1.622184e+02,8.184411e-01,7.174826e+01,1.062069e-01,-5.045170e+00,5.250630e-01,-5.975954e+01
363.07805,6.747154e-01,-1.636474e+02,7.438007e-01,6.881268e+01,1.054844e-01,-6.741496e+00,5.352184e-01,-6.326022e+01
398.10717,6.744566e-01,-1.649481e+02,6.752751e-01,6.575187e+01,1.045936e-01,-8.454154e+00,5.471755e-01,-6.698224e+01
436.51583,6.743635e-01,-1.661309e+02,6.123984e-01,6.255583e+01,1.035209e-01,-1.018580e+01,5.609447e-01,-7.090667e+01
478.63009,6.744232e-01,-1.672054e+02,5.547395e-01,5.921699e+01,1.022526e-01,-1.193681e+01,5.765033e-01,-7.501089e+01
524.80746,6.746244e-01,-1.681809e+02,5.019038e-01,5.573086e+01,1.007755e-01,-1.370488e+01,5.937855e-01,-7.926923e+01
575.43994,6.749566e-01,-1.690662e+02,4.535322e-01,5.209660e+01,9.907836e-02,-1.548469e+01,6.126741e-01,-8.365352e+01
630.95734,6.754091e-01,-1.698695e+02,4.093005e-01,4.831773e+01,9.715307e-02,-1.726763e+01,6.329959e-01,-8.813381e+01
691.83097,6.759703e-01,-1.705985e+02,3.689165e-01,4.440261e+01,9.499642e-02,-1.904164e+01,6.545201e-01,-9.267897e+01
758.57758,6.766272e-01,-1.712603e+02,3.321167e-01,4.036491e+01,9.261129e-02,-2.079121e+01,6.769628e-01,-9.725729e+01
831.76377,6.773655e-01,-1.718614e+02,2.986624e-01,3.622383e+01,9.000793e-02,-2.249767e+01,6.999962e-01,-1.018371e+02
912.01084,6.781687e-01,-1.724076e+02,2.683346e-01,3.200415e+01,8.720462e-02,-2.413964e+01,7.232635e-01,-1.063871e+02
1000.00000,6.790195e-01,-1.729041e+02,2.409293e-01,2.773586e+01,8.422777e-02,-2.569383e+01,7.463971e-01,-1.108774e+02
1096.47820,6.798999e-01,-1.733553e+02,2.162522e-01,2.345362e+01,8.111132e-02,-2.713604e+01,7.690391e-01,-1.152796e+02
1202.26443,6.807924e-01,-1.737649e+02,1.941153e-01,1.919580e+01,7.789535e-02,-2.844231e+01,7.908609e-01,-1.195675e+02
1318.25674,6.816805e-01,-1.741358e+02,1.743338e-01,1.500329e+01,7.462419e-02,-2.959025e+01,8.115802e-01,-1.237180e+02
1445.43977,6.825504e-01,-1.744704e+02,1.567245e-01,1.091815e+01,7.134401e-02,-3.056024e+01,8.309736e-01,-1.277111e+02
1584.89319,6.833911e-01,-1.747706e+02,1.411063e-01,6.982029e+00,6.810046e-02,-3.133666e+01,8.488822e-01,-1.315304e+02
1737.80083,6.841949e-01,-1.750377e+02,1.273006e-01,3.234604e+00,6.493634e-02,-3.190879e+01,8.652125e-01,-1.351637e+02
1905.46072,6.849581e-01,-1.752728e+02,1.151342e-01,-2.879477e-01,6.188968e-02,-3.227157e+01,8.799318e-01,-1.386023e+02
2089.29613,6.856802e-01,-1.754764e+02,1.044406e-01,-3.554360e+00,5.899242e-02,-3.242602e+01,8.930595e-01,-1.418415e+02
2290.86765,6.863644e-01,-1.756492e+02,9.506283e-02,-6.539481e+00,5.626956e-02,-3.237933e+01,9.046569e-01,-1.448796e+02
2511.88643,6.870165e-01,-1.757915e+02,8.685483e-02,-9.225207e+00,5.373891e-02,-3.214464e+01,9.148159e-01,-1.477183e+02
2754.22870,6.876451e-01,-1.759035e+02,7.968276e-02,-1.160112e+01,5.141128e-02,-3.174051e+01,9.236487e-01,-1.503615e+02
3019.95172,6.882609e-01,-1.759853e+02,7.342534e-02,-1.366477e+01,4.929099e-02,-3.119014e+01,9.312784e-01,-1.528153e+02
3311.31121,6.888768e-01,-1.760371e+02,6.797376e-02,-1.542169e+01,4.737673e-02,-3.052029e+01,9.378315e-01,-1.550871e+02
3630.78055,6.895074e-01,-1.760587e+02,6.323101e-02,-1.688500e+01,4.566238e-02,-2.976015e+01,9.434327e-01,-1.571857e+02
3981.07171,6.901693e-01,-1.760502e+02,5.911096e-02,-1.807474e+01,4.413807e-02,-2.894006e+01,9.482004e-01,-1.591203e+02
4365.15832,6.908811e-01,-1.760112e+02,5.553722e-02,-1.901696e+01,4.279109e-02,-2.809034e+01,9.522442e-01,-1.609007e+02
4786.30092,6.916638e-01,-1.759416e+02,5.244199e-02,-1.974251e+01,4.160677e-02,-2.724018e+01,9.556641e-01,-1.625368e+02
5248.07460,6.925408e-01,-1.758410e+02,4.976496e-02,-2.028576e+01,4.056929e-02,-2.641684e+01,9.585492e-01,-1.640384e+02
5754.39937,6.935387e-01,-1.757091e+02,4.745231e-02,-2.068311e+01,3.966231e-02,-2.564501e+01,9.609786e-01,-1.654150e+02
6309.57344,6.946878e-01,-1.755457e+02,4.545583e-02,-2.097169e+01,3.886948e-02,-2.494645e+01,9.630211e-01,-1.666760e+02
6918.30971,6.960224e-01,-1.753504e+02,4.373226e-02,-2.118801e+01,3.817486e-02,-2.433994e+01,9.647367e-01,-1.678300e+02
7585.77575,6.975817e-01,-1.751232e+02,4.224265e-02,-2.136694e+01,3.756309e-02,-2.384131e+01,9.661767e-01,-1.688855e+02
8317.63771,6.994100e-01,-1.748641e+02,4.095187e-02,-2.154084e+01,3.701961e-02,-2.346370e+01,9.673855e-01,-1.698503e+02
9120.10839,7.015576e-01,-1.745734e+02,3.982821e-02,-2.173903e+01,3.653067e-02,-2.321783e+01,9.684008e-01,-1.707318e+02
10000.00000,7.040810e-01,-1.742521e+02,3.884299e-02,-2.198748e+01,3.608330e-02,-2.311237e+01,9.692546e-01,-1.715367e+02
