! ! 
! S ! 
! ! 
! # MHz  S  MA  R  50.00000
! ! ===================================================================
1.00000,9.196336e-01,-2.388559e+00,6.778180e+00,1.785437e+02,2.690514e-03,8.856548e+01,8.934398e-01,-8.876759e-01
1.09648,9.196080e-01,-2.618810e+00,6.777780e+00,1.784019e+02,2.949918e-03,8.842926e+01,8.933999e-01,-9.732465e-01
1.20226,9.195773e-01,-2.871258e+00,6.777299e+00,1.782466e+02,3.234293e-03,8.827973e+01,8.933520e-01,-1.067058e+00
1.31826,9.195403e-01,-3.148036e+00,6.776721e+00,1.780764e+02,3.546032e-03,8.811562e+01,8.932945e-01,-1.169899e+00
1.44544,9.194959e-01,-3.451480e+00,6.776025e+00,1.778900e+02,3.887749e-03,8.793556e+01,8.932253e-01,-1.282634e+00
1.58489,9.194425e-01,-3.784146e+00,6.775190e+00,1.776857e+02,4.262308e-03,8.773804e+01,8.931421e-01,-1.406208e+00
1.73780,9.193783e-01,-4.148835e+00,6.774186e+00,1.774618e+02,4.672837e-03,8.752138e+01,8.930422e-01,-1.541655e+00
1.90546,9.193012e-01,-4.548611e+00,6.772979e+00,1.772165e+02,5.122752e-03,8.728378e+01,8.929221e-01,-1.690104e+00
2.08930,9.192086e-01,-4.986824e+00,6.771529e+00,1.769477e+02,5.615785e-03,8.702325e+01,8.927779e-01,-1.852789e+00
2.29087,9.190973e-01,-5.467139e+00,6.769788e+00,1.766531e+02,6.156002e-03,8.673761e+01,8.926045e-01,-2.031053e+00
2.51189,9.189636e-01,-5.993559e+00,6.767695e+00,1.763303e+02,6.747836e-03,8.642450e+01,8.923963e-01,-2.226365e+00
2.75423,9.188031e-01,-6.570458e+00,6.765183e+00,1.759767e+02,7.396107e-03,8.608133e+01,8.921463e-01,-2.440320e+00
3.01995,9.186104e-01,-7.202605e+00,6.762165e+00,1.755893e+02,8.106052e-03,8.570528e+01,8.918461e-01,-2.674654e+00
3.31131,9.183792e-01,-7.895199e+00,6.758542e+00,1.751649e+02,8.883347e-03,8.529326e+01,8.914858e-01,-2.931248e+00
3.63078,9.181017e-01,-8.653900e+00,6.754195e+00,1.747002e+02,9.734128e-03,8.484196e+01,8.910534e-01,-3.212142e+00
3.98107,9.177690e-01,-9.484859e+00,6.748979e+00,1.741914e+02,1.066501e-02,8.434773e+01,8.905348e-01,-3.519537e+00
4.36516,9.173702e-01,-1.039475e+01,6.742724e+00,1.736344e+02,1.168311e-02,8.380667e+01,8.899130e-01,-3.855799e+00
4.78630,9.168924e-01,-1.139080e+01,6.735227e+00,1.730248e+02,1.279603e-02,8.321453e+01,8.891679e-01,-4.223468e+00
5.24807,9.163204e-01,-1.248081e+01,6.726247e+00,1.723580e+02,1.401185e-02,8.256676e+01,8.882756e-01,-4.625250e+00
5.75440,9.156364e-01,-1.367318e+01,6.715498e+00,1.716289e+02,1.533912e-02,8.185848e+01,8.872079e-01,-5.064015e+00
6.30957,9.148190e-01,-1.497691e+01,6.702642e+00,1.708322e+02,1.678679e-02,8.108447e+01,8.859317e-01,-5.542780e+00
6.91831,9.138436e-01,-1.640161e+01,6.687283e+00,1.699620e+02,1.836415e-02,8.023921e+01,8.844077e-01,-6.064689e+00
7.58578,9.126813e-01,-1.795747e+01,6.668956e+00,1.690125e+02,2.008068e-02,7.931690e+01,8.825905e-01,-6.632976e+00
8.31764,9.112987e-01,-1.965520e+01,6.647121e+00,1.679772e+02,2.194590e-02,7.831146e+01,8.804270e-01,-7.250914e+00
9.12011,9.096575e-01,-2.150602e+01,6.621150e+00,1.668498e+02,2.396913e-02,7.721666e+01,8.778563e-01,-7.921742e+00
10.00000,9.077140e-01,-2.352147e+01,6.590326e+00,1.656235e+02,2.615921e-02,7.602616e+01,8.748085e-01,-8.648579e+00
10.96478,9.054193e-01,-2.571329e+01,6.553830e+00,1.642918e+02,2.852407e-02,7.473365e+01,8.712048e-01,-9.434289e+00
12.02264,9.027192e-01,-2.809321e+01,6.510743e+00,1.628482e+02,3.107029e-02,7.333300e+01,8.669572e-01,-1.028134e+01
13.18257,8.995548e-01,-3.067264e+01,6.460048e+00,1.612867e+02,3.380248e-02,7.181850e+01,8.619693e-01,-1.119159e+01
14.45440,8.958639e-01,-3.346232e+01,6.400637e+00,1.596016e+02,3.672262e-02,7.018506e+01,8.561374e-01,-1.216610e+01
15.84893,8.915823e-01,-3.647186e+01,6.331331e+00,1.577886e+02,3.982929e-02,6.842855e+01,8.493531e-01,-1.320481e+01
17.37801,8.866471e-01,-3.970921e+01,6.250910e+00,1.558443e+02,4.311688e-02,6.654616e+01,8.415070e-01,-1.430633e+01
19.05461,8.809999e-01,-4.318005e+01,6.158157e+00,1.537669e+02,4.657478e-02,6.453671e+01,8.324938e-01,-1.546757e+01
20.89296,8.745918e-01,-4.688708e+01,6.051920e+00,1.515569e+02,5.018665e-02,6.240114e+01,8.222194e-01,-1.668350e+01
22.90868,8.673886e-01,-5.082933e+01,5.931182e+00,1.492170e+02,5.392999e-02,6.014281e+01,8.106088e-01,-1.794690e+01
25.11886,8.593772e-01,-5.500149e+01,5.795150e+00,1.467525e+02,5.777590e-02,5.776785e+01,7.976158e-01,-1.924826e+01
27.54229,8.505708e-01,-5.939323e+01,5.643349e+00,1.441720e+02,6.168936e-02,5.528536e+01,7.832327e-01,-2.057577e+01
30.19952,8.410144e-01,-6.398882e+01,5.475703e+00,1.414866e+02,6.563008e-02,5.270750e+01,7.674996e-01,-2.191556e+01
33.11311,8.307879e-01,-6.876684e+01,5.292617e+00,1.387105e+02,6.955384e-02,5.004932e+01,7.505109e-01,-2.325214e+01
36.30781,8.200057e-01,-7.370029e+01,5.095016e+00,1.358604e+02,7.341439e-02,4.732841e+01,7.324190e-01,-2.456920e+01
39.81072,8.088143e-01,-7.875703e+01,4.884353e+00,1.329546e+02,7.716578e-02,4.456432e+01,7.134332e-01,-2.585056e+01
43.65158,7.973849e-01,-8.390056e+01,4.662574e+00,1.300128e+02,8.076474e-02,4.177778e+01,6.938126e-01,-2.708134e+01
47.86301,7.859041e-01,-8.909117e+01,4.432031e+00,1.270545e+02,8.417302e-02,3.898982e+01,6.738553e-01,-2.824931e+01
52.48075,7.745618e-01,-9.428733e+01,4.195365e+00,1.240988e+02,8.735920e-02,3.622080e+01,6.538818e-01,-2.934610e+01
57.54399,7.635389e-01,-9.944726e+01,3.955362e+00,1.211630e+02,9.029997e-02,3.348956e+01,6.342178e-01,-3.036830e+01
63.09573,7.529965e-01,-1.045305e+02,3.714805e+00,1.182617e+02,9.298059e-02,3.081264e+01,6.151756e-01,-3.131829e+01
69.18310,7.430674e-01,-1.094995e+02,3.476338e+00,1.154069e+02,9.539465e-02,2.820375e+01,5.970388e-01,-3.220456e+01
75.85776,7.338509e-01,-1.143205e+02,3.242352e+00,1.126071e+02,9.754322e-02,2.567345e+01,5.800503e-01,-3.304168e+01
83.17638,7.254114e-01,-1.189648e+02,3.014909e+00,1.098672e+02,9.943353e-02,2.322902e+01,5.644047e-01,-3.384973e+01
91.20108,7.177800e-01,-1.234093e+02,2.795695e+00,1.071889e+02,1.010775e-01,2.087453e+01,5.502465e-01,-3.465346e+01
100.00000,7.109584e-01,-1.276362e+02,2.586009e+00,1.045706e+02,1.024900e-01,1.861112e+01,5.376722e-01,-3.548102e+01
109.64782,7.049246e-01,-1.316337e+02,2.386778e+00,1.020079e+02,1.036878e-01,1.643729e+01,5.267364e-01,-3.636271e+01
120.22644,6.996386e-01,-1.353948e+02,2.198588e+00,9.949391e+01,1.046879e-01,1.434931e+01,5.174595e-01,-3.732955e+01
131.82567,6.950485e-01,-1.389172e+02,2.021730e+00,9.701946e+01,1.055067e-01,1.234159e+01,5.098379e-01,-3.841212e+01
144.54398,6.910953e-01,-1.422023e+02,1.856246e+00,9.457376e+01,1.061591e-01,1.040709e+01,5.038530e-01,-3.963944e+01
158.48932,6.877172e-01,-1.452549e+02,1.701981e+00,9.214454e+01,1.066581e-01,8.537661e+00,4.994804e-01,-4.103810e+01
173.78008,6.848532e-01,-1.480822e+02,1.558626e+00,8.971844e+01,1.070144e-01,6.724397e+00,4.966974e-01,-4.263164e+01
190.54607,6.824453e-01,-1.506932e+02,1.425761e+00,8.728123e+01,1.072360e-01,4.957893e+00,4.954891e-01,-4.444004e+01
208.92961,6.804395e-01,-1.530982e+02,1.302886e+00,8.481808e+01,1.073279e-01,3.228517e+00,4.958524e-01,-4.647934e+01
229.08677,6.787877e-01,-1.553084e+02,1.189454e+00,8.231381e+01,1.072927e-01,1.526646e+00,4.977985e-01,-4.876142e+01
251.18864,6.774472e-01,-1.573354e+02,1.084894e+00,7.975307e+01,1.071297e-01,-1.571076e-01,5.013525e-01,-5.129373e+01
275.42287,6.763813e-01,-1.591909e+02,9.886238e-01,7.712062e+01,1.068358e-01,-1.831671e+00,5.065526e-01,-5.407919e+01
301.99517,6.755586e-01,-1.608865e+02,9.000713e-01,7.440156e+01,1.064049e-01,-3.505267e+00,5.134450e-01,-5.711605e+01
331.13112,6.749529e-01,-1.624338e+02,8.186798e-01,7.158167e+01,1.058286e-01,-5.185158e+00,5.220793e-01,-6.039788e+01
363.07805,6.745427e-01,-1.638436e+02,7.439176e-01,6.864771e+01,1.050963e-01,-6.877346e+00,5.325002e-01,-6.391363e+01
398.10717,6.743100e-01,-1.651267e+02,6.752832e-01,6.558792e+01,1.041957e-01,-8.586254e+00,5.447386e-01,-6.764788e+01
436.51583,6.742403e-01,-1.662931e+02,6.123088e-01,6.239244e+01,1.031134e-01,-1.031437e+01,5.588018e-01,-7.158117e+01
478.63009,6.743211e-01,-1.673527e+02,5.545624e-01,5.905389e+01,1.018354e-01,-1.206185e+01,5.746623e-01,-7.569053e+01
524.80746,6.745416e-01,-1.683145e+02,5.016486e-01,5.556799e+01,1.003488e-01,-1.382618e+01,5.922489e-01,-7.995001e+01
575.43994,6.748913e-01,-1.691872e+02,4.532082e-01,5.193415e+01,9.864251e-02,-1.560180e+01,6.114384e-01,-8.433137e+01
630.95734,6.753598e-01,-1.699791e+02,4.089168e-01,4.815611e+01,9.670876e-02,-1.737984e+01,6.320505e-01,-8.880471e+01
691.83097,6.759357e-01,-1.706976e+02,3.684825e-01,4.424251e+01,9.454471e-02,-1.914797e+01,6.538480e-01,-9.333907e+01
758.57758,6.766059e-01,-1.713499e+02,3.316420e-01,4.020724e+01,9.215372e-02,-2.089044e+01,6.765405e-01,-9.790303e+01
831.76377,6.773559e-01,-1.719423e+02,2.981569e-01,3.606976e+01,8.954652e-02,-2.258837e+01,6.997952e-01,-1.024652e+02
912.01084,6.781694e-01,-1.724806e+02,2.678080e-01,3.185501e+01,8.674191e-02,-2.422021e+01,7.232515e-01,-1.069949e+02
1000.00000,6.790290e-01,-1.729699e+02,2.403910e-01,2.759313e+01,8.376676e-02,-2.576259e+01,7.465396e-01,-1.114625e+02
1096.47820,6.799167e-01,-1.734145e+02,2.157112e-01,2.331885e+01,8.065534e-02,-2.719129e+01,7.693016e-01,-1.158400e+02
1202.26443,6.808149e-01,-1.738180e+02,1.935798e-01,1.907051e+01,7.744798e-02,-2.848247e+01,7.912102e-01,-1.201017e+02
1318.25674,6.817075e-01,-1.741834e+02,1.738108e-01,1.488895e+01,7.418901e-02,-2.961390e+01,8.119862e-01,-1.242249e+02
1445.43977,6.825807e-01,-1.745128e+02,1.562201e-01,1.081606e+01,7.092451e-02,-3.056629e+01,8.314101e-01,-1.281900e+02
1584.89319,6.834237e-01,-1.748081e+02,1.406251e-01,6.893280e+00,6.769979e-02,-3.132438e+01,8.493276e-01,-1.319812e+02
1737.80083,6.842292e-01,-1.750706e+02,1.268462e-01,3.160043e+00,6.455721e-02,-3.187791e+01,8.656501e-01,-1.355863e+02
1905.46072,6.849937e-01,-1.753013e+02,1.147089e-01,-3.477687e-01,6.153427e-02,-3.222235e+01,8.803492e-01,-1.389972e+02
2089.29613,6.857171e-01,-1.755008e+02,1.040457e-01,-3.599202e+00,5.866227e-02,-3.235923e+01,8.934484e-01,-1.422092e+02
2290.86765,6.864027e-01,-1.756695e+02,9.469889e-02,-6.569430e+00,5.596561e-02,-3.229629e+01,9.050125e-01,-1.452211e+02
2511.88643,6.870566e-01,-1.758079e+02,8.652167e-02,-9.240681e+00,5.346148e-02,-3.204717e+01,9.151360e-01,-1.480347e+02
2754.22870,6.876877e-01,-1.759162e+02,7.937966e-02,-1.160286e+01,5.116012e-02,-3.163088e+01,9.239331e-01,-1.506539e+02
3019.95172,6.883068e-01,-1.759943e+02,7.315117e-02,-1.365386e+01,4.906539e-02,-3.107096e+01,9.315283e-01,-1.530850e+02
3311.31121,6.889271e-01,-1.760424e+02,6.772708e-02,-1.539951e+01,4.717554e-02,-3.039446e+01,9.380493e-01,-1.553355e+02
3630.78055,6.895635e-01,-1.760605e+02,6.301018e-02,-1.685321e+01,4.548414e-02,-2.963069e+01,9.436210e-01,-1.574141e+02
3981.07171,6.902327e-01,-1.760483e+02,5.891418e-02,-1.803526e+01,4.398108e-02,-2.881003e+01,9.483621e-01,-1.593300e+02
4365.15832,6.909537e-01,-1.760058e+02,5.536260e-02,-1.897192e+01,4.265349e-02,-2.796269e+01,9.523825e-01,-1.610931e+02
4786.30092,6.917477e-01,-1.759326e+02,5.228761e-02,-1.969419e+01,4.148662e-02,-2.711770e+01,9.557818e-01,-1.627131e+02
5248.07460,6.926386e-01,-1.758284e+02,4.962886e-02,-2.023652e+01,4.046463e-02,-2.630207e+01,9.586492e-01,-1.641998e+02
5754.39937,6.936534e-01,-1.756930e+02,4.733254e-02,-2.063534e+01,3.957121e-02,-2.554018e+01,9.610633e-01,-1.655627e+02
6309.57344,6.948227e-01,-1.755259e+02,4.535048e-02,-2.092772e+01,3.879007e-02,-2.485352e+01,9.630928e-01,-1.668110e+02
6918.30971,6.961815e-01,-1.753270e+02,4.363946e-02,-2.115008e+01,3.810534e-02,-2.426053e+01,9.647972e-01,-1.679534e+02
7585.77575,6.977695e-01,-1.750961e+02,4.216059e-02,-2.133712e+01,3.750178e-02,-2.377678e+01,9.662280e-01,-1.689983e+02
8317.63771,6.996318e-01,-1.748334e+02,4.087881e-02,-2.152102e+01,3.696492e-02,-2.341513e+01,9.674290e-01,-1.699533e+02
9120.10839,7.018193e-01,-1.745392e+02,3.976250e-02,-2.173089e+01,3.648112e-02,-2.318611e+01,9.684377e-01,-1.708257e+02
10000.00000,7.043891e-01,-1.742145e+02,3.878304e-02,-2.199246e+01,3.603748e-02,-2.309817e+01,9.692861e-01,-1.716225e+02
