! ! 
! S ! 
! ! 
! # MHz  S  MA  R  50.00000
! ! ===================================================================
1.00000,9.174647e-01,-2.434063e+00,6.952295e+00,1.785198e+02,2.691892e-03,8.854050e+01,8.930958e-01,-9.080622e-01
1.09648,9.174385e-01,-2.668693e+00,6.951870e+00,1.783757e+02,2.951423e-03,8.840200e+01,8.930543e-01,-9.955957e-01
1.20226,9.174069e-01,-2.925942e+00,6.951359e+00,1.782179e+02,3.235935e-03,8.824995e+01,8.930044e-01,-1.091558e+00
1.31826,9.173689e-01,-3.207983e+00,6.950744e+00,1.780449e+02,3.547821e-03,8.808309e+01,8.929445e-01,-1.196757e+00
1.44544,9.173233e-01,-3.517194e+00,6.950006e+00,1.778554e+02,3.889697e-03,8.789999e+01,8.928724e-01,-1.312076e+00
1.58489,9.172685e-01,-3.856183e+00,6.949118e+00,1.776477e+02,4.264425e-03,8.769913e+01,8.927858e-01,-1.438481e+00
1.73780,9.172027e-01,-4.227799e+00,6.948051e+00,1.774202e+02,4.675133e-03,8.747881e+01,8.926817e-01,-1.577029e+00
1.90546,9.171235e-01,-4.635165e+00,6.946770e+00,1.771709e+02,5.125237e-03,8.723719e+01,8.925567e-01,-1.728874e+00
2.08930,9.170284e-01,-5.081693e+00,6.945230e+00,1.768976e+02,5.618465e-03,8.697226e+01,8.924064e-01,-1.895277e+00
2.29087,9.169142e-01,-5.571115e+00,6.943379e+00,1.765982e+02,6.158884e-03,8.668179e+01,8.922259e-01,-2.077613e+00
2.51189,9.167771e-01,-6.107508e+00,6.941157e+00,1.762702e+02,6.750921e-03,8.636339e+01,8.920091e-01,-2.277379e+00
2.75423,9.166124e-01,-6.695324e+00,6.938488e+00,1.759108e+02,7.399391e-03,8.601442e+01,8.917487e-01,-2.496207e+00
3.01995,9.164146e-01,-7.339418e+00,6.935283e+00,1.755171e+02,8.109522e-03,8.563202e+01,8.914361e-01,-2.735869e+00
3.31131,9.161773e-01,-8.045081e+00,6.931435e+00,1.750859e+02,8.886980e-03,8.521307e+01,8.910609e-01,-2.998286e+00
3.63078,9.158927e-01,-8.818072e+00,6.926818e+00,1.746137e+02,9.737886e-03,8.475419e+01,8.906107e-01,-3.285538e+00
3.98107,9.155513e-01,-9.664647e+00,6.921279e+00,1.740966e+02,1.066884e-02,8.425168e+01,8.900707e-01,-3.599868e+00
4.36516,9.151421e-01,-1.059159e+01,6.914638e+00,1.735306e+02,1.168692e-02,8.370158e+01,8.894234e-01,-3.943691e+00
4.78630,9.146521e-01,-1.160625e+01,6.906678e+00,1.729113e+02,1.279969e-02,8.309960e+01,8.886478e-01,-4.319591e+00
5.24807,9.140655e-01,-1.271654e+01,6.897145e+00,1.722339e+02,1.401520e-02,8.244111e+01,8.877191e-01,-4.730320e+00
5.75440,9.133641e-01,-1.393100e+01,6.885735e+00,1.714933e+02,1.534193e-02,8.172118e+01,8.866081e-01,-5.178794e+00
6.30957,9.125262e-01,-1.525874e+01,6.872092e+00,1.706841e+02,1.678875e-02,8.093454e+01,8.852803e-01,-5.668074e+00
6.91831,9.115265e-01,-1.670950e+01,6.855796e+00,1.698004e+02,1.836482e-02,8.007561e+01,8.836951e-01,-6.201341e+00
7.58578,9.103357e-01,-1.829358e+01,6.836357e+00,1.688363e+02,2.007950e-02,7.913853e+01,8.818054e-01,-6.781859e+00
8.31764,9.089197e-01,-2.002182e+01,6.813203e+00,1.677853e+02,2.194213e-02,7.811722e+01,8.795563e-01,-7.412919e+00
9.12011,9.072396e-01,-2.190550e+01,6.785675e+00,1.666411e+02,2.396181e-02,7.700540e+01,8.768849e-01,-8.097768e+00
10.00000,9.052512e-01,-2.395623e+01,6.753015e+00,1.653969e+02,2.614708e-02,7.579674e+01,8.737192e-01,-8.839502e+00
10.96478,9.029048e-01,-2.618578e+01,6.714367e+00,1.640461e+02,2.850554e-02,7.448495e+01,8.699781e-01,-9.640944e+00
12.02264,9.001460e-01,-2.860584e+01,6.668766e+00,1.625825e+02,3.104332e-02,7.306400e+01,8.655714e-01,-1.050448e+01
13.18257,8.969157e-01,-3.122773e+01,6.615152e+00,1.610000e+02,3.376452e-02,7.152825e+01,8.604005e-01,-1.143184e+01
14.45440,8.931516e-01,-3.406201e+01,6.552372e+00,1.592933e+02,3.667051e-02,6.987279e+01,8.543598e-01,-1.242391e+01
15.84893,8.887903e-01,-3.711801e+01,6.479206e+00,1.574581e+02,3.975918e-02,6.809374e+01,8.473396e-01,-1.348041e+01
17.37801,8.837701e-01,-4.040328e+01,6.394399e+00,1.554914e+02,4.302413e-02,6.618856e+01,8.392301e-01,-1.459963e+01
19.05461,8.780345e-01,-4.392296e+01,6.296710e+00,1.533919e+02,4.645390e-02,6.415648e+01,8.299266e-01,-1.577812e+01
20.89296,8.715376e-01,-4.767907e+01,6.184978e+00,1.511603e+02,5.003131e-02,6.199886e+01,8.193371e-01,-1.701043e+01
22.90868,8.642492e-01,-5.166982e+01,6.058197e+00,1.488000e+02,5.373304e-02,5.971960e+01,8.073904e-01,-1.828886e+01
25.11886,8.561609e-01,-5.588893e+01,5.915609e+00,1.463169e+02,5.752951e-02,5.732539e+01,7.940462e-01,-1.960336e+01
27.54229,8.472917e-01,-6.032500e+01,5.756797e+00,1.437200e+02,6.138522e-02,5.482595e+01,7.793047e-01,-2.094163e+01
30.19952,8.376930e-01,-6.496113e+01,5.581773e+00,1.410213e+02,6.525972e-02,5.223401e+01,7.632152e-01,-2.228929e+01
33.11311,8.274505e-01,-6.977473e+01,5.391052e+00,1.382353e+02,6.910900e-02,4.956517e+01,7.458829e-01,-2.363049e+01
36.30781,8.166842e-01,-7.473769e+01,5.185686e+00,1.353793e+02,7.288748e-02,4.683747e+01,7.274714e-01,-2.494862e+01
39.81072,8.055447e-01,-7.981685e+01,4.967267e+00,1.324718e+02,7.655033e-02,4.407078e+01,7.082005e-01,-2.622739e+01
43.65158,7.942054e-01,-8.497492e+01,4.737879e+00,1.295327e+02,8.005580e-02,4.128597e+01,6.883388e-01,-2.745206e+01
47.86301,7.828526e-01,-9.017163e+01,4.500001e+00,1.265817e+02,8.336746e-02,3.850405e+01,6.681909e-01,-2.861067e+01
52.48075,7.716735e-01,-9.536525e+01,4.256382e+00,1.236374e+02,8.645590e-02,3.574519e+01,6.480813e-01,-2.969536e+01
57.54399,7.608442e-01,-1.005141e+02,4.009891e+00,1.207168e+02,8.929982e-02,3.302788e+01,6.283361e-01,-3.070342e+01
63.09573,7.505192e-01,-1.055781e+02,3.763365e+00,1.178342e+02,9.188639e-02,3.036819e+01,6.092654e-01,-3.163797e+01
69.18310,7.408236e-01,-1.105204e+02,3.519475e+00,1.150010e+02,9.421081e-02,2.777929e+01,5.911478e-01,-3.250836e+01
75.85776,7.318489e-01,-1.153083e+02,3.280614e+00,1.122251e+02,9.627544e-02,2.527116e+01,5.742194e-01,-3.332997e+01
83.17638,7.236520e-01,-1.199141e+02,3.048825e+00,1.095110e+02,9.808845e-02,2.285049e+01,5.586671e-01,-3.412365e+01
91.20108,7.162573e-01,-1.243158e+02,2.825763e+00,1.068596e+02,9.966228e-02,2.052083e+01,5.446276e-01,-3.491476e+01
100.00000,7.096616e-01,-1.284970e+02,2.612684e+00,1.042691e+02,1.010122e-01,1.828283e+01,5.321900e-01,-3.573197e+01
109.64782,7.038388e-01,-1.324467e+02,2.410470e+00,1.017346e+02,1.021547e-01,1.613461e+01,5.214023e-01,-3.660586e+01
120.22644,6.987465e-01,-1.361592e+02,2.219661e+00,9.924879e+01,1.031067e-01,1.407208e+01,5.122799e-01,-3.756764e+01
131.82567,6.943314e-01,-1.396329e+02,2.040502e+00,9.680245e+01,1.038842e-01,1.208943e+01,5.048153e-01,-3.864791e+01
144.54398,6.905342e-01,-1.428701e+02,1.872994e+00,9.438455e+01,1.045017e-01,1.017941e+01,4.989874e-01,-3.987556e+01
158.48932,6.872936e-01,-1.458761e+02,1.716944e+00,9.198275e+01,1.049717e-01,8.333792e+00,4.947704e-01,-4.127698e+01
173.78008,6.845495e-01,-1.486585e+02,1.572010e+00,8.958363e+01,1.053044e-01,6.543583e+00,4.921412e-01,-4.287542e+01
190.54607,6.822450e-01,-1.512267e+02,1.437743e+00,8.717297e+01,1.055073e-01,4.799367e+00,4.910855e-01,-4.469047e+01
208.92961,6.803278e-01,-1.535913e+02,1.313619e+00,8.473599e+01,1.055853e-01,3.091532e+00,4.916011e-01,-4.673777e+01
229.08677,6.787510e-01,-1.557634e+02,1.199071e+00,8.225756e+01,1.055404e-01,1.410503e+00,4.937005e-01,-4.902876e+01
251.18864,6.774736e-01,-1.577548e+02,1.093508e+00,7.972243e+01,1.053719e-01,-2.530392e-01,4.974105e-01,-5.157040e+01
275.42287,6.764601e-01,-1.595772e+02,9.963342e-01,7.711545e+01,1.050763e-01,-1.907932e+00,5.027704e-01,-5.436514e+01
301.99517,6.756804e-01,-1.612422e+02,9.069642e-01,7.442182e+01,1.046477e-01,-3.562298e+00,5.098281e-01,-5.741072e+01
331.13112,6.751095e-01,-1.627611e+02,8.248306e-01,7.162743e+01,1.040775e-01,-5.223290e+00,5.186339e-01,-6.070024e+01
363.07805,6.747268e-01,-1.641448e+02,7.493927e-01,6.871915e+01,1.033553e-01,-6.896792e+00,5.292331e-01,-6.422222e+01
398.10717,6.745152e-01,-1.654039e+02,6.801416e-01,6.568529e+01,1.024690e-01,-8.587108e+00,5.416567e-01,-6.796088e+01
436.51583,6.744608e-01,-1.665483e+02,6.166029e-01,6.251606e+01,1.014051e-01,-1.029660e+01,5.559112e-01,-7.189649e+01
478.63009,6.745519e-01,-1.675877e+02,5.583396e-01,5.920414e+01,1.001501e-01,-1.202530e+01,5.719682e-01,-7.600587e+01
524.80746,6.747781e-01,-1.685310e+02,5.049517e-01,5.574524e+01,9.869123e-02,-1.377058e+01,5.897549e-01,-8.026301e+01
575.43994,6.751295e-01,-1.693868e+02,4.560767e-01,5.213874e+01,9.701763e-02,-1.552676e+01,6.091459e-01,-8.463973e+01
630.95734,6.755961e-01,-1.701631e+02,4.113873e-01,4.838831e+01,9.512174e-02,-1.728485e+01,6.299588e-01,-8.910624e+01
691.83097,6.761669e-01,-1.708674e+02,3.705894e-01,4.450241e+01,9.300083e-02,-1.903244e+01,6.519537e-01,-9.363184e+01
758.57758,6.768293e-01,-1.715066e+02,3.334181e-01,4.049477e+01,9.065828e-02,-2.075373e+01,6.748381e-01,-9.818538e+01
831.76377,6.775691e-01,-1.720870e+02,2.996334e-01,3.638454e+01,8.810471e-02,-2.242976e+01,6.982768e-01,-1.027358e+02
912.01084,6.783707e-01,-1.726143e+02,2.690153e-01,3.219633e+01,8.535865e-02,-2.403899e+01,7.219070e-01,-1.072527e+02
1000.00000,6.792169e-01,-1.730933e+02,2.413584e-01,2.795989e+01,8.244657e-02,-2.555808e+01,7.453577e-01,-1.117068e+02
1096.47820,6.800903e-01,-1.735283e+02,2.164671e-01,2.370949e+01,7.940218e-02,-2.696291e+01,7.682695e-01,-1.160704e+02
1202.26443,6.809738e-01,-1.739230e+02,1.941513e-01,1.948304e+01,7.626509e-02,-2.822978e+01,7.903146e-01,-1.203181e+02
1318.25674,6.818515e-01,-1.742800e+02,1.742240e-01,1.532093e+01,7.307884e-02,-2.933669e+01,8.112135e-01,-1.244273e+02
1445.43977,6.827102e-01,-1.746017e+02,1.564993e-01,1.126467e+01,6.988859e-02,-3.026465e+01,8.307470e-01,-1.283787e+02
1584.89319,6.835393e-01,-1.748898e+02,1.407930e-01,7.355391e+00,6.673877e-02,-3.099877e+01,8.487612e-01,-1.321565e+02
1737.80083,6.843318e-01,-1.751455e+02,1.269237e-01,3.632309e+00,6.367081e-02,-3.152926e+01,8.651683e-01,-1.357489e+02
1905.46072,6.850842e-01,-1.753699e+02,1.147145e-01,1.312256e-01,6.072133e-02,-3.185208e+01,8.799408e-01,-1.391475e+02
2089.29613,6.857968e-01,-1.755634e+02,1.039960e-01,-3.116875e+00,5.792088e-02,-3.196932e+01,8.931034e-01,-1.423479e+02
2290.86765,6.864727e-01,-1.757266e+02,9.460791e-02,-6.087030e+00,5.529311e-02,-3.188927e+01,9.047218e-01,-1.453490e+02
2511.88643,6.871183e-01,-1.758598e+02,8.640144e-02,-8.761250e+00,5.285463e-02,-3.162611e+01,9.148916e-01,-1.481522e+02
2754.22870,6.877421e-01,-1.759632e+02,7.924010e-02,-1.112918e+01,5.061520e-02,-3.119930e+01,9.237281e-01,-1.507619e+02
3019.95172,6.883554e-01,-1.760369e+02,7.300029e-02,-1.318841e+01,4.857831e-02,-3.063276e+01,9.313567e-01,-1.531841e+02
3311.31121,6.889709e-01,-1.760808e+02,6.757118e-02,-1.494450e+01,4.674194e-02,-2.995375e+01,9.379058e-01,-1.554264e+02
3630.78055,6.896036e-01,-1.760949e+02,6.285407e-02,-1.641058e+01,4.509955e-02,-2.919164e+01,9.435012e-01,-1.574973e+02
3981.07171,6.902702e-01,-1.760790e+02,5.876138e-02,-1.760674e+01,4.364098e-02,-2.837669e+01,9.482623e-01,-1.594062e+02
4365.15832,6.909897e-01,-1.760330e+02,5.521557e-02,-1.855899e+01,4.235341e-02,-2.753886e+01,9.522994e-01,-1.611628e+02
4786.30092,6.917831e-01,-1.759566e+02,5.214794e-02,-1.929818e+01,4.122223e-02,-2.670679e+01,9.557127e-01,-1.627768e+02
5248.07460,6.926745e-01,-1.758494e+02,4.949744e-02,-1.985855e+01,4.023181e-02,-2.590698e+01,9.585918e-01,-1.642580e+02
5754.39937,6.936909e-01,-1.757110e+02,4.720972e-02,-2.027636e+01,3.936609e-02,-2.516330e+01,9.610157e-01,-1.656159e+02
6309.57344,6.948630e-01,-1.755413e+02,4.523622e-02,-2.058849e+01,3.860909e-02,-2.449665e+01,9.630534e-01,-1.668596e+02
6918.30971,6.962256e-01,-1.753399e+02,4.353341e-02,-2.083114e+01,3.794525e-02,-2.392497e+01,9.647647e-01,-1.679978e+02
7585.77575,6.978188e-01,-1.751066e+02,4.206221e-02,-2.103883e+01,3.735963e-02,-2.346330e+01,9.662012e-01,-1.690387e+02
8317.63771,6.996875e-01,-1.748416e+02,4.078744e-02,-2.124352e+01,3.683810e-02,-2.312411e+01,9.674069e-01,-1.699902e+02
9120.10839,7.018830e-01,-1.745454e+02,3.967740e-02,-2.147412e+01,3.636729e-02,-2.291752e+01,9.684197e-01,-1.708594e+02
10000.00000,7.044624e-01,-1.742187e+02,3.870345e-02,-2.175620e+01,3.593461e-02,-2.285174e+01,9.692715e-01,-1.716532e+02
