! ! 
! S ! 
! ! 
! # MHz  S  MA  R  50.00000
! ! ===================================================================
1.00000,9.174645e-01,-2.434066e+00,6.952306e+00,1.785198e+02,2.691893e-03,8.854050e+01,8.930958e-01,-9.080639e-01
1.09648,9.174383e-01,-2.668697e+00,6.951881e+00,1.783757e+02,2.951424e-03,8.840199e+01,8.930543e-01,-9.955976e-01
1.20226,9.174067e-01,-2.925946e+00,6.951370e+00,1.782179e+02,3.235936e-03,8.824995e+01,8.930044e-01,-1.091560e+00
1.31826,9.173688e-01,-3.207987e+00,6.950755e+00,1.780449e+02,3.547822e-03,8.808309e+01,8.929444e-01,-1.196759e+00
1.44544,9.173232e-01,-3.517199e+00,6.950017e+00,1.778554e+02,3.889699e-03,8.789999e+01,8.928724e-01,-1.312078e+00
1.58489,9.172683e-01,-3.856188e+00,6.949129e+00,1.776477e+02,4.264427e-03,8.769913e+01,8.927858e-01,-1.438483e+00
1.73780,9.172025e-01,-4.227805e+00,6.948063e+00,1.774202e+02,4.675135e-03,8.747881e+01,8.926817e-01,-1.577032e+00
1.90546,9.171233e-01,-4.635171e+00,6.946781e+00,1.771709e+02,5.125239e-03,8.723719e+01,8.925566e-01,-1.728877e+00
2.08930,9.170283e-01,-5.081699e+00,6.945241e+00,1.768976e+02,5.618468e-03,8.697225e+01,8.924064e-01,-1.895280e+00
2.29087,9.169140e-01,-5.571122e+00,6.943391e+00,1.765982e+02,6.158887e-03,8.668179e+01,8.922259e-01,-2.077616e+00
2.51189,9.167769e-01,-6.107516e+00,6.941168e+00,1.762702e+02,6.750924e-03,8.636338e+01,8.920091e-01,-2.277383e+00
2.75423,9.166122e-01,-6.695333e+00,6.938499e+00,1.759108e+02,7.399394e-03,8.601442e+01,8.917487e-01,-2.496212e+00
3.01995,9.164144e-01,-7.339428e+00,6.935294e+00,1.755171e+02,8.109525e-03,8.563202e+01,8.914361e-01,-2.735874e+00
3.31131,9.161771e-01,-8.045092e+00,6.931447e+00,1.750859e+02,8.886983e-03,8.521307e+01,8.910609e-01,-2.998292e+00
3.63078,9.158925e-01,-8.818084e+00,6.926829e+00,1.746137e+02,9.737890e-03,8.475418e+01,8.906107e-01,-3.285544e+00
3.98107,9.155511e-01,-9.664660e+00,6.921291e+00,1.740966e+02,1.066884e-02,8.425167e+01,8.900707e-01,-3.599875e+00
4.36516,9.151420e-01,-1.059161e+01,6.914649e+00,1.735306e+02,1.168692e-02,8.370157e+01,8.894234e-01,-3.943699e+00
4.78630,9.146519e-01,-1.160626e+01,6.906689e+00,1.729113e+02,1.279970e-02,8.309959e+01,8.886477e-01,-4.319599e+00
5.24807,9.140653e-01,-1.271656e+01,6.897156e+00,1.722339e+02,1.401521e-02,8.244110e+01,8.877191e-01,-4.730329e+00
5.75440,9.133639e-01,-1.393102e+01,6.885746e+00,1.714933e+02,1.534194e-02,8.172117e+01,8.866081e-01,-5.178804e+00
6.30957,9.125260e-01,-1.525876e+01,6.872103e+00,1.706841e+02,1.678875e-02,8.093452e+01,8.852802e-01,-5.668085e+00
6.91831,9.115263e-01,-1.670952e+01,6.855807e+00,1.698004e+02,1.836483e-02,8.007559e+01,8.836950e-01,-6.201352e+00
7.58578,9.103355e-01,-1.829360e+01,6.836368e+00,1.688363e+02,2.007951e-02,7.913852e+01,8.818053e-01,-6.781871e+00
8.31764,9.089195e-01,-2.002184e+01,6.813214e+00,1.677853e+02,2.194214e-02,7.811720e+01,8.795563e-01,-7.412933e+00
9.12011,9.072394e-01,-2.190553e+01,6.785685e+00,1.666410e+02,2.396182e-02,7.700538e+01,8.768849e-01,-8.097783e+00
10.00000,9.052510e-01,-2.395626e+01,6.753026e+00,1.653968e+02,2.614709e-02,7.579672e+01,8.737191e-01,-8.839518e+00
10.96478,9.029046e-01,-2.618581e+01,6.714377e+00,1.640461e+02,2.850555e-02,7.448494e+01,8.699780e-01,-9.640961e+00
12.02264,9.001458e-01,-2.860588e+01,6.668777e+00,1.625825e+02,3.104333e-02,7.306398e+01,8.655713e-01,-1.050449e+01
13.18257,8.969155e-01,-3.122777e+01,6.615162e+00,1.610000e+02,3.376453e-02,7.152822e+01,8.604003e-01,-1.143186e+01
14.45440,8.931514e-01,-3.406206e+01,6.552382e+00,1.592933e+02,3.667052e-02,6.987277e+01,8.543596e-01,-1.242393e+01
15.84893,8.887901e-01,-3.711806e+01,6.479215e+00,1.574581e+02,3.975919e-02,6.809372e+01,8.473395e-01,-1.348043e+01
17.37801,8.837698e-01,-4.040333e+01,6.394408e+00,1.554914e+02,4.302414e-02,6.618853e+01,8.392299e-01,-1.459966e+01
19.05461,8.780343e-01,-4.392301e+01,6.296719e+00,1.533918e+02,4.645391e-02,6.415645e+01,8.299264e-01,-1.577815e+01
20.89296,8.715373e-01,-4.767913e+01,6.184987e+00,1.511603e+02,5.003132e-02,6.199883e+01,8.193369e-01,-1.701046e+01
22.90868,8.642489e-01,-5.166988e+01,6.058205e+00,1.487999e+02,5.373305e-02,5.971957e+01,8.073902e-01,-1.828888e+01
25.11886,8.561606e-01,-5.588899e+01,5.915617e+00,1.463168e+02,5.752951e-02,5.732536e+01,7.940460e-01,-1.960340e+01
27.54229,8.472915e-01,-6.032506e+01,5.756804e+00,1.437200e+02,6.138522e-02,5.482591e+01,7.793044e-01,-2.094166e+01
30.19952,8.376927e-01,-6.496120e+01,5.581780e+00,1.410212e+02,6.525972e-02,5.223398e+01,7.632149e-01,-2.228932e+01
33.11311,8.274502e-01,-6.977481e+01,5.391058e+00,1.382353e+02,6.910899e-02,4.956514e+01,7.458825e-01,-2.363052e+01
36.30781,8.166840e-01,-7.473777e+01,5.185691e+00,1.353792e+02,7.288747e-02,4.683744e+01,7.274710e-01,-2.494865e+01
39.81072,8.055444e-01,-7.981693e+01,4.967272e+00,1.324718e+02,7.655031e-02,4.407074e+01,7.082001e-01,-2.622743e+01
43.65158,7.942051e-01,-8.497499e+01,4.737883e+00,1.295327e+02,8.005578e-02,4.128593e+01,6.883384e-01,-2.745209e+01
47.86301,7.828523e-01,-9.017171e+01,4.500005e+00,1.265816e+02,8.336743e-02,3.850402e+01,6.681905e-01,-2.861070e+01
52.48075,7.716733e-01,-9.536532e+01,4.256386e+00,1.236373e+02,8.645586e-02,3.574516e+01,6.480808e-01,-2.969540e+01
57.54399,7.608440e-01,-1.005142e+02,4.009894e+00,1.207167e+02,8.929978e-02,3.302785e+01,6.283356e-01,-3.070345e+01
63.09573,7.505190e-01,-1.055782e+02,3.763368e+00,1.178342e+02,9.188634e-02,3.036816e+01,6.092649e-01,-3.163800e+01
69.18310,7.408235e-01,-1.105205e+02,3.519477e+00,1.150010e+02,9.421076e-02,2.777926e+01,5.911473e-01,-3.250839e+01
75.85776,7.318487e-01,-1.153083e+02,3.280616e+00,1.122251e+02,9.627539e-02,2.527113e+01,5.742189e-01,-3.333000e+01
83.17638,7.236518e-01,-1.199141e+02,3.048827e+00,1.095109e+02,9.808839e-02,2.285046e+01,5.586667e-01,-3.412368e+01
91.20108,7.162572e-01,-1.243158e+02,2.825764e+00,1.068596e+02,9.966221e-02,2.052080e+01,5.446272e-01,-3.491479e+01
100.00000,7.096615e-01,-1.284970e+02,2.612685e+00,1.042691e+02,1.010121e-01,1.828281e+01,5.321895e-01,-3.573200e+01
109.64782,7.038387e-01,-1.324468e+02,2.410471e+00,1.017346e+02,1.021546e-01,1.613459e+01,5.214018e-01,-3.660589e+01
120.22644,6.987465e-01,-1.361593e+02,2.219662e+00,9.924877e+01,1.031066e-01,1.407206e+01,5.122795e-01,-3.756767e+01
131.82567,6.943314e-01,-1.396330e+02,2.040503e+00,9.680243e+01,1.038841e-01,1.208940e+01,5.048149e-01,-3.864794e+01
144.54398,6.905342e-01,-1.428702e+02,1.872995e+00,9.438453e+01,1.045016e-01,1.017939e+01,4.989870e-01,-3.987559e+01
158.48932,6.872936e-01,-1.458761e+02,1.716945e+00,9.198274e+01,1.049716e-01,8.333775e+00,4.947700e-01,-4.127701e+01
173.78008,6.845495e-01,-1.486585e+02,1.572011e+00,8.958362e+01,1.053043e-01,6.543567e+00,4.921408e-01,-4.287545e+01
190.54607,6.822450e-01,-1.512267e+02,1.437743e+00,8.717296e+01,1.055072e-01,4.799353e+00,4.910851e-01,-4.469050e+01
208.92961,6.803277e-01,-1.535913e+02,1.313620e+00,8.473598e+01,1.055852e-01,3.091519e+00,4.916007e-01,-4.673781e+01
229.08677,6.787510e-01,-1.557634e+02,1.199072e+00,8.225755e+01,1.055403e-01,1.410491e+00,4.937001e-01,-4.902879e+01
251.18864,6.774736e-01,-1.577549e+02,1.093508e+00,7.972242e+01,1.053718e-01,-2.530499e-01,4.974102e-01,-5.157044e+01
275.42287,6.764601e-01,-1.595772e+02,9.963346e-01,7.711544e+01,1.050762e-01,-1.907941e+00,5.027701e-01,-5.436518e+01
301.99517,6.756804e-01,-1.612422e+02,9.069645e-01,7.442181e+01,1.046476e-01,-3.562307e+00,5.098278e-01,-5.741076e+01
331.13112,6.751095e-01,-1.627611e+02,8.248308e-01,7.162742e+01,1.040774e-01,-5.223297e+00,5.186337e-01,-6.070028e+01
363.07805,6.747268e-01,-1.641448e+02,7.493929e-01,6.871914e+01,1.033553e-01,-6.896799e+00,5.292329e-01,-6.422226e+01
398.10717,6.745152e-01,-1.654039e+02,6.801417e-01,6.568528e+01,1.024689e-01,-8.587113e+00,5.416565e-01,-6.796093e+01
436.51583,6.744608e-01,-1.665483e+02,6.166031e-01,6.251606e+01,1.014050e-01,-1.029660e+01,5.559110e-01,-7.189653e+01
478.63009,6.745519e-01,-1.675877e+02,5.583397e-01,5.920414e+01,1.001500e-01,-1.202531e+01,5.719680e-01,-7.600591e+01
524.80746,6.747781e-01,-1.685310e+02,5.049518e-01,5.574524e+01,9.869114e-02,-1.377058e+01,5.897547e-01,-8.026306e+01
575.43994,6.751295e-01,-1.693868e+02,4.560768e-01,5.213874e+01,9.701754e-02,-1.552676e+01,6.091457e-01,-8.463977e+01
630.95734,6.755961e-01,-1.701632e+02,4.113874e-01,4.838831e+01,9.512166e-02,-1.728485e+01,6.299587e-01,-8.910629e+01
691.83097,6.761669e-01,-1.708675e+02,3.705894e-01,4.450242e+01,9.300075e-02,-1.903244e+01,6.519536e-01,-9.363188e+01
758.57758,6.768293e-01,-1.715067e+02,3.334181e-01,4.049477e+01,9.065819e-02,-2.075373e+01,6.748381e-01,-9.818542e+01
831.76377,6.775691e-01,-1.720870e+02,2.996334e-01,3.638455e+01,8.810463e-02,-2.242976e+01,6.982767e-01,-1.027359e+02
912.01084,6.783707e-01,-1.726143e+02,2.690154e-01,3.219634e+01,8.535858e-02,-2.403899e+01,7.219070e-01,-1.072528e+02
1000.00000,6.792169e-01,-1.730933e+02,2.413585e-01,2.795990e+01,8.244650e-02,-2.555808e+01,7.453577e-01,-1.117068e+02
1096.47820,6.800903e-01,-1.735284e+02,2.164671e-01,2.370950e+01,7.940211e-02,-2.696290e+01,7.682694e-01,-1.160704e+02
1202.26443,6.809738e-01,-1.739230e+02,1.941513e-01,1.948305e+01,7.626502e-02,-2.822977e+01,7.903145e-01,-1.203181e+02
1318.25674,6.818515e-01,-1.742800e+02,1.742240e-01,1.532095e+01,7.307877e-02,-2.933668e+01,8.112135e-01,-1.244274e+02
1445.43977,6.827102e-01,-1.746017e+02,1.564993e-01,1.126469e+01,6.988853e-02,-3.026464e+01,8.307470e-01,-1.283787e+02
1584.89319,6.835393e-01,-1.748898e+02,1.407930e-01,7.355406e+00,6.673871e-02,-3.099876e+01,8.487612e-01,-1.321566e+02
1737.80083,6.843318e-01,-1.751455e+02,1.269237e-01,3.632325e+00,6.367075e-02,-3.152925e+01,8.651683e-01,-1.357489e+02
1905.46072,6.850842e-01,-1.753699e+02,1.147145e-01,1.312425e-01,6.072128e-02,-3.185206e+01,8.799408e-01,-1.391475e+02
2089.29613,6.857968e-01,-1.755634e+02,1.039960e-01,-3.116857e+00,5.792083e-02,-3.196930e+01,8.931034e-01,-1.423480e+02
2290.86765,6.864727e-01,-1.757266e+02,9.460789e-02,-6.087011e+00,5.529307e-02,-3.188925e+01,9.047218e-01,-1.453490e+02
2511.88643,6.871183e-01,-1.758598e+02,8.640142e-02,-8.761231e+00,5.285459e-02,-3.162608e+01,9.148916e-01,-1.481523e+02
2754.22870,6.877422e-01,-1.759632e+02,7.924008e-02,-1.112916e+01,5.061517e-02,-3.119928e+01,9.237281e-01,-1.507620e+02
3019.95172,6.883554e-01,-1.760369e+02,7.300027e-02,-1.318839e+01,4.857828e-02,-3.063274e+01,9.313567e-01,-1.531841e+02
3311.31121,6.889709e-01,-1.760808e+02,6.757117e-02,-1.494448e+01,4.674192e-02,-2.995373e+01,9.379058e-01,-1.554264e+02
3630.78055,6.896036e-01,-1.760949e+02,6.285405e-02,-1.641057e+01,4.509953e-02,-2.919161e+01,9.435012e-01,-1.574973e+02
3981.07171,6.902702e-01,-1.760790e+02,5.876136e-02,-1.760672e+01,4.364096e-02,-2.837667e+01,9.482623e-01,-1.594062e+02
4365.15832,6.909897e-01,-1.760330e+02,5.521556e-02,-1.855897e+01,4.235339e-02,-2.753884e+01,9.522994e-01,-1.611628e+02
4786.30092,6.917832e-01,-1.759566e+02,5.214793e-02,-1.929816e+01,4.122221e-02,-2.670677e+01,9.557127e-01,-1.627768e+02
5248.07460,6.926746e-01,-1.758494e+02,4.949743e-02,-1.985853e+01,4.023180e-02,-2.590696e+01,9.585918e-01,-1.642580e+02
5754.39937,6.936909e-01,-1.757110e+02,4.720971e-02,-2.027635e+01,3.936608e-02,-2.516328e+01,9.610157e-01,-1.656159e+02
6309.57344,6.948630e-01,-1.755413e+02,4.523621e-02,-2.058847e+01,3.860908e-02,-2.449663e+01,9.630534e-01,-1.668596e+02
6918.30971,6.962256e-01,-1.753399e+02,4.353340e-02,-2.083113e+01,3.794524e-02,-2.392495e+01,9.647647e-01,-1.679978e+02
7585.77575,6.978188e-01,-1.751066e+02,4.206220e-02,-2.103881e+01,3.735962e-02,-2.346329e+01,9.662012e-01,-1.690387e+02
8317.63771,6.996875e-01,-1.748416e+02,4.078743e-02,-2.124351e+01,3.683809e-02,-2.312409e+01,9.674069e-01,-1.699902e+02
9120.10839,7.018830e-01,-1.745454e+02,3.967739e-02,-2.147411e+01,3.636728e-02,-2.291751e+01,9.684197e-01,-1.708594e+02
10000.00000,7.044624e-01,-1.742187e+02,3.870345e-02,-2.175619e+01,3.593461e-02,-2.285173e+01,9.692715e-01,-1.716532e+02
