! ! 
! S ! 
! ! 
! # MHz  S  MA  R  50.00000
! ! ===================================================================
1.00000,9.189770e-01,-2.412152e+00,6.899084e+00,1.785321e+02,2.664741e-03,8.855308e+01,8.915418e-01,-8.939116e-01
1.09648,9.189511e-01,-2.644674e+00,6.898669e+00,1.783892e+02,2.921658e-03,8.841572e+01,8.915013e-01,-9.800817e-01
1.20226,9.189199e-01,-2.899611e+00,6.898170e+00,1.782327e+02,3.203305e-03,8.826494e+01,8.914526e-01,-1.074550e+00
1.31826,9.188824e-01,-3.179118e+00,6.897571e+00,1.780612e+02,3.512051e-03,8.809946e+01,8.913941e-01,-1.178111e+00
1.44544,9.188374e-01,-3.485553e+00,6.896850e+00,1.778732e+02,3.850487e-03,8.791789e+01,8.913237e-01,-1.291634e+00
1.58489,9.187832e-01,-3.821498e+00,6.895984e+00,1.776673e+02,4.221447e-03,8.771870e+01,8.912392e-01,-1.416072e+00
1.73780,9.187182e-01,-4.189779e+00,6.894944e+00,1.774417e+02,4.628027e-03,8.750022e+01,8.911375e-01,-1.552465e+00
1.90546,9.186400e-01,-4.593490e+00,6.893693e+00,1.771944e+02,5.073611e-03,8.726062e+01,8.910154e-01,-1.701948e+00
2.08930,9.185461e-01,-5.036015e+00,6.892191e+00,1.769234e+02,5.561893e-03,8.699790e+01,8.908687e-01,-1.865765e+00
2.29087,9.184333e-01,-5.521052e+00,6.890385e+00,1.766265e+02,6.096897e-03,8.670986e+01,8.906925e-01,-2.045268e+00
2.51189,9.182978e-01,-6.052645e+00,6.888217e+00,1.763012e+02,6.683011e-03,8.639412e+01,8.904808e-01,-2.241933e+00
2.75423,9.181351e-01,-6.635205e+00,6.885612e+00,1.759448e+02,7.325005e-03,8.604806e+01,8.902266e-01,-2.457366e+00
3.01995,9.179397e-01,-7.273547e+00,6.882485e+00,1.755543e+02,8.028059e-03,8.566885e+01,8.899213e-01,-2.693313e+00
3.31131,9.177053e-01,-7.972919e+00,6.878731e+00,1.751266e+02,8.797789e-03,8.525339e+01,8.895549e-01,-2.951668e+00
3.63078,9.174241e-01,-8.739031e+00,6.874225e+00,1.746583e+02,9.640263e-03,8.479831e+01,8.891153e-01,-3.234479e+00
3.98107,9.170868e-01,-9.578089e+00,6.868820e+00,1.741454e+02,1.056202e-02,8.429997e+01,8.885880e-01,-3.543958e+00
4.36516,9.166825e-01,-1.049683e+01,6.862339e+00,1.735841e+02,1.157010e-02,8.375441e+01,8.879558e-01,-3.882485e+00
4.78630,9.161983e-01,-1.150253e+01,6.854571e+00,1.729698e+02,1.267199e-02,8.315738e+01,8.871983e-01,-4.252609e+00
5.24807,9.156187e-01,-1.260306e+01,6.845266e+00,1.722979e+02,1.387569e-02,8.250429e+01,8.862913e-01,-4.657045e+00
5.75440,9.149255e-01,-1.380689e+01,6.834129e+00,1.715632e+02,1.518963e-02,8.179021e+01,8.852061e-01,-5.098672e+00
6.30957,9.140973e-01,-1.512308e+01,6.820812e+00,1.707604e+02,1.662262e-02,8.100993e+01,8.839090e-01,-5.580511e+00
6.91831,9.131091e-01,-1.656130e+01,6.804903e+00,1.698838e+02,1.818381e-02,8.015789e+01,8.823603e-01,-6.105709e+00
7.58578,9.119318e-01,-1.813180e+01,6.785922e+00,1.689272e+02,1.988251e-02,7.922825e+01,8.805139e-01,-6.677495e+00
8.31764,9.105316e-01,-1.984537e+01,6.763312e+00,1.678844e+02,2.172807e-02,7.821494e+01,8.783161e-01,-7.299131e+00
9.12011,9.088699e-01,-2.171325e+01,6.736424e+00,1.667488e+02,2.372959e-02,7.711170e+01,8.757050e-01,-7.973838e+00
10.00000,9.069027e-01,-2.374702e+01,6.704518e+00,1.655139e+02,2.589568e-02,7.591221e+01,8.726101e-01,-8.704699e+00
10.96478,9.045807e-01,-2.595844e+01,6.666752e+00,1.641731e+02,2.823402e-02,7.461017e+01,8.689518e-01,-9.494534e+00
12.02264,9.018496e-01,-2.835922e+01,6.622180e+00,1.627199e+02,3.075090e-02,7.319949e+01,8.646414e-01,-1.034574e+01
13.18257,8.986503e-01,-3.096073e+01,6.569756e+00,1.611484e+02,3.345062e-02,7.167452e+01,8.595816e-01,-1.126009e+01
14.45440,8.949206e-01,-3.377361e+01,6.508345e+00,1.594531e+02,3.633484e-02,7.003025e+01,8.536683e-01,-1.223852e+01
15.84893,8.905966e-01,-3.680734e+01,6.436741e+00,1.576296e+02,3.940180e-02,6.826269e+01,8.467931e-01,-1.328085e+01
17.37801,8.856160e-01,-4.006966e+01,6.353701e+00,1.556748e+02,4.264553e-02,6.636916e+01,8.388468e-01,-1.438547e+01
19.05461,8.799214e-01,-4.356596e+01,6.257989e+00,1.535872e+02,4.605509e-02,6.434872e+01,8.297249e-01,-1.554911e+01
20.89296,8.734654e-01,-4.729861e+01,6.148443e+00,1.513673e+02,4.961389e-02,6.220251e+01,8.193348e-01,-1.676649e+01
22.90868,8.662159e-01,-5.126623e+01,6.024046e+00,1.490183e+02,5.329920e-02,5.993418e+01,8.076040e-01,-1.803013e+01
25.11886,8.581621e-01,-5.546298e+01,5.884020e+00,1.465457e+02,5.708207e-02,5.755016e+01,7.944896e-01,-1.933024e+01
27.54229,8.493204e-01,-5.987799e+01,5.727915e+00,1.439584e+02,6.092758e-02,5.505988e+01,7.799883e-01,-2.065474e+01
30.19952,8.397389e-01,-6.449494e+01,5.555702e+00,1.412680e+02,6.479574e-02,5.247581e+01,7.641449e-01,-2.198952e+01
33.11311,8.295006e-01,-6.929178e+01,5.367842e+00,1.384888e+02,6.864287e-02,4.981327e+01,7.470591e-01,-2.331893e+01
36.30781,8.187230e-01,-7.424094e+01,5.165331e+00,1.356378e+02,7.242351e-02,4.709012e+01,7.288887e-01,-2.462653e+01
39.81072,8.075546e-01,-7.930975e+01,4.949701e+00,1.327336e+02,7.609274e-02,4.432608e+01,7.098477e-01,-2.589613e+01
43.65158,7.961680e-01,-8.446129e+01,4.722976e+00,1.297958e+02,7.960850e-02,4.154198e+01,6.901993e-01,-2.711299e+01
47.86301,7.847497e-01,-8.965555e+01,4.487586e+00,1.268443e+02,8.293384e-02,3.875885e+01,6.702435e-01,-2.826510e+01
52.48075,7.734883e-01,-9.485088e+01,4.246241e+00,1.238977e+02,8.603870e-02,3.599696e+01,6.503017e-01,-2.934444e+01
57.54399,7.625623e-01,-1.000056e+02,4.001782e+00,1.209733e+02,8.890105e-02,3.327500e+01,6.306980e-01,-3.034804e+01
63.09573,7.521294e-01,-1.050794e+02,3.757035e+00,1.180856e+02,9.150729e-02,3.060929e+01,6.117420e-01,-3.127875e+01
69.18310,7.423184e-01,-1.100350e+02,3.514669e+00,1.152463e+02,9.385192e-02,2.801328e+01,5.937130e-01,-3.214558e+01
75.85776,7.332246e-01,-1.148392e+02,3.277088e+00,1.124636e+02,9.593670e-02,2.549723e+01,5.768484e-01,-3.296357e+01
83.17638,7.249084e-01,-1.194640e+02,3.046355e+00,1.097422e+02,9.776930e-02,2.306816e+01,5.613374e-01,-3.375322e+01
91.20108,7.173976e-01,-1.238868e+02,2.824146e+00,1.070835e+02,9.936181e-02,2.072988e+01,5.473188e-01,-3.453959e+01
100.00000,7.106910e-01,-1.280904e+02,2.611746e+00,1.044859e+02,1.007292e-01,1.848331e+01,5.348839e-01,-3.535103e+01
109.64782,7.047646e-01,-1.320636e+02,2.410062e+00,1.019446e+02,1.018881e-01,1.632677e+01,5.240825e-01,-3.621793e+01
120.22644,6.995770e-01,-1.358000e+02,2.219659e+00,9.945262e+01,1.028551e-01,1.425636e+01,5.149316e-01,-3.717130e+01
131.82567,6.950754e-01,-1.392976e+02,2.040806e+00,9.700086e+01,1.036465e-01,1.226642e+01,5.074245e-01,-3.824161e+01
144.54398,6.912006e-01,-1.425583e+02,1.873524e+00,9.457841e+01,1.042768e-01,1.034981e+01,5.015405e-01,-3.945773e+01
158.48932,6.878910e-01,-1.455873e+02,1.717636e+00,9.217304e+01,1.047588e-01,8.498386e+00,4.972540e-01,-4.084605e+01
173.78008,6.850860e-01,-1.483919e+02,1.572816e+00,8.977139e+01,1.051028e-01,6.703208e+00,4.945415e-01,-4.242991e+01
190.54607,6.827280e-01,-1.509813e+02,1.438626e+00,8.735929e+01,1.053165e-01,4.954894e+00,4.933878e-01,-4.422908e+01
208.92961,6.807638e-01,-1.533660e+02,1.314553e+00,8.492199e+01,1.054051e-01,3.243842e+00,4.937900e-01,-4.625947e+01
229.08677,6.791458e-01,-1.555572e+02,1.200035e+00,8.244438e+01,1.053708e-01,1.560470e+00,4.957597e-01,-4.853282e+01
251.18864,6.778320e-01,-1.575665e+02,1.094488e+00,7.991118e+01,1.052132e-01,-1.045660e-01,4.993229e-01,-5.105653e+01
275.42287,6.767863e-01,-1.594057e+02,9.973216e-01,7.730723e+01,1.049290e-01,-1.760150e+00,5.045185e-01,-5.383350e+01
301.99517,6.759778e-01,-1.610863e+02,9.079523e-01,7.461768e+01,1.045125e-01,-3.414470e+00,5.113942e-01,-5.686201e+01
331.13112,6.753808e-01,-1.626197e+02,8.258155e-01,7.182834e+01,1.039554e-01,-5.074761e+00,5.200012e-01,-6.013569e+01
363.07805,6.749740e-01,-1.640169e+02,7.503720e-01,6.892600e+01,1.032474e-01,-6.747021e+00,5.303861e-01,-6.364362e+01
398.10717,6.747401e-01,-1.652885e+02,6.811137e-01,6.589882e+01,1.023765e-01,-8.435687e+00,5.425825e-01,-6.737050e+01
436.51583,6.746646e-01,-1.664444e+02,6.175668e-01,6.273688e+01,1.013294e-01,-1.014328e+01,5.566003e-01,-7.129704e+01
478.63009,6.747355e-01,-1.674944e+02,5.592940e-01,5.943262e+01,1.000927e-01,-1.187005e+01,5.724158e-01,-7.540040e+01
524.80746,6.749421e-01,-1.684474e+02,5.058952e-01,5.598153e+01,9.865336e-02,-1.361357e+01,5.899616e-01,-7.965482e+01
575.43994,6.752746e-01,-1.693121e+02,4.570070e-01,5.238272e+01,9.700046e-02,-1.536842e+01,6.091185e-01,-8.403220e+01
630.95734,6.757227e-01,-1.700965e+02,4.123017e-01,4.863954e+01,9.512615e-02,-1.712587e+01,6.297105e-01,-8.850279e+01
691.83097,6.762756e-01,-1.708082e+02,3.714843e-01,4.476014e+01,9.302726e-02,-1.887379e+01,6.515041e-01,-9.303577e+01
758.57758,6.769209e-01,-1.714541e+02,3.342894e-01,4.075787e+01,9.070666e-02,-2.059662e+01,6.742125e-01,-9.759985e+01
831.76377,6.776445e-01,-1.720405e+02,3.004765e-01,3.665158e+01,8.817437e-02,-2.227566e+01,6.975051e-01,-1.021637e+02
912.01084,6.784309e-01,-1.725731e+02,2.698254e-01,3.246556e+01,8.544826e-02,-2.388954e+01,7.210223e-01,-1.066968e+02
1000.00000,6.792633e-01,-1.730570e+02,2.421308e-01,2.822929e+01,8.255414e-02,-2.541504e+01,7.443942e-01,-1.111693e+02
1096.47820,6.801243e-01,-1.734965e+02,2.171976e-01,2.397685e+01,7.952514e-02,-2.682806e+01,7.672608e-01,-1.155533e+02
1202.26443,6.809968e-01,-1.738952e+02,1.948365e-01,1.974604e+01,7.640041e-02,-2.810483e+01,7.892922e-01,-1.198232e+02
1318.25674,6.818652e-01,-1.742559e+02,1.748614e-01,1.557722e+01,7.322317e-02,-2.922321e+01,8.102049e-01,-1.239558e+02
1445.43977,6.827158e-01,-1.745810e+02,1.570876e-01,1.151196e+01,7.003849e-02,-3.016394e+01,8.297748e-01,-1.279316e+02
1584.89319,6.835381e-01,-1.748723e+02,1.413319e-01,7.591539e+00,6.689083e-02,-3.091179e+01,8.478431e-01,-1.317344e+02
1737.80083,6.843249e-01,-1.751311e+02,1.274138e-01,3.855423e+00,6.382185e-02,-3.145658e+01,8.643164e-01,-1.353518e+02
1905.46072,6.850723e-01,-1.753583e+02,1.151575e-01,3.397144e-01,6.086855e-02,-3.179382e+01,8.791626e-01,-1.387756e+02
2089.29613,6.857804e-01,-1.755547e+02,1.043941e-01,-2.924241e+00,5.806190e-02,-3.192518e+01,8.924021e-01,-1.420007e+02
2290.86765,6.864520e-01,-1.757206e+02,9.496380e-02,-5.911076e+00,5.542607e-02,-3.185848e+01,9.040972e-01,-1.450258e+02
2511.88643,6.870932e-01,-1.758565e+02,8.671809e-02,-8.602371e+00,5.297816e-02,-3.160750e+01,9.143411e-01,-1.478523e+02
2754.22870,6.877124e-01,-1.759626e+02,7.952061e-02,-1.098733e+01,5.072842e-02,-3.119136e+01,9.232471e-01,-1.504843e+02
3019.95172,6.883204e-01,-1.760389e+02,7.324778e-02,-1.306310e+01,4.868078e-02,-3.063366e+01,9.309396e-01,-1.529277e+02
3311.31121,6.889299e-01,-1.760856e+02,6.778868e-02,-1.483483e+01,4.683361e-02,-2.996146e+01,9.375465e-01,-1.551899e+02
3630.78055,6.895554e-01,-1.761024e+02,6.304448e-02,-1.631526e+01,4.518069e-02,-2.920401e+01,9.431934e-01,-1.572797e+02
3981.07171,6.902135e-01,-1.760894e+02,5.892747e-02,-1.752414e+01,4.371210e-02,-2.839153e+01,9.479998e-01,-1.592062e+02
4365.15832,6.909227e-01,-1.760462e+02,5.535995e-02,-1.848721e+01,4.241522e-02,-2.755401e+01,9.520764e-01,-1.609792e+02
4786.30092,6.917040e-01,-1.759727e+02,5.227302e-02,-1.923509e+01,4.127558e-02,-2.672018e+01,9.555239e-01,-1.626085e+02
5248.07460,6.925807e-01,-1.758684e+02,4.960552e-02,-1.980189e+01,4.027763e-02,-2.591670e+01,9.584324e-01,-1.641038e+02
5754.39937,6.935796e-01,-1.757332e+02,4.730293e-02,-2.022381e+01,3.940535e-02,-2.516760e+01,9.608813e-01,-1.654748e+02
6309.57344,6.947308e-01,-1.755666e+02,4.531656e-02,-2.053771e+01,3.864277e-02,-2.449397e+01,9.629403e-01,-1.667305e+02
6918.30971,6.960687e-01,-1.753683e+02,4.360275e-02,-2.077989e+01,3.797433e-02,-2.391392e+01,9.646696e-01,-1.678798e+02
7585.77575,6.976326e-01,-1.751383e+02,4.212231e-02,-2.098495e+01,3.738509e-02,-2.344268e+01,9.661212e-01,-1.689309e+02
8317.63771,6.994670e-01,-1.748765e+02,4.083996e-02,-2.118503e+01,3.686088e-02,-2.309285e+01,9.673396e-01,-1.698917e+02
9120.10839,7.016222e-01,-1.745834e+02,3.972389e-02,-2.140920e+01,3.638831e-02,-2.287471e+01,9.683629e-01,-1.707695e+02
10000.00000,7.041548e-01,-1.742598e+02,3.874539e-02,-2.168321e+01,3.595478e-02,-2.279656e+01,9.692235e-01,-1.715711e+02
