! ! 
! S ! 
! ! 
! # MHz  S  MA  R  50.00000
! ! ===================================================================
1.00000,9.186438e-01,-2.397838e+00,6.778680e+00,1.785376e+02,2.727065e-03,8.855957e+01,8.970475e-01,-8.970449e-01
1.09648,9.186181e-01,-2.628981e+00,6.778277e+00,1.783952e+02,2.989992e-03,8.842281e+01,8.970071e-01,-9.835189e-01
1.20226,9.185871e-01,-2.882408e+00,6.777792e+00,1.782393e+02,3.278229e-03,8.827269e+01,8.969584e-01,-1.078320e+00
1.31826,9.185500e-01,-3.160259e+00,6.777209e+00,1.780684e+02,3.594200e-03,8.810794e+01,8.968999e-01,-1.182247e+00
1.44544,9.185053e-01,-3.464879e+00,6.776509e+00,1.778812e+02,3.940557e-03,8.792716e+01,8.968297e-01,-1.296172e+00
1.58489,9.184516e-01,-3.798834e+00,6.775667e+00,1.776761e+02,4.320199e-03,8.772885e+01,8.967452e-01,-1.421050e+00
1.73780,9.183870e-01,-4.164936e+00,6.774655e+00,1.774513e+02,4.736298e-03,8.751133e+01,8.966437e-01,-1.557926e+00
1.90546,9.183095e-01,-4.566259e+00,6.773439e+00,1.772050e+02,5.192317e-03,8.727279e+01,8.965217e-01,-1.707941e+00
2.08930,9.182164e-01,-5.006167e+00,6.771979e+00,1.769350e+02,5.692036e-03,8.701122e+01,8.963752e-01,-1.872341e+00
2.29087,9.181045e-01,-5.488339e+00,6.770224e+00,1.766392e+02,6.239576e-03,8.672444e+01,8.961991e-01,-2.052486e+00
2.51189,9.179701e-01,-6.016793e+00,6.768115e+00,1.763151e+02,6.839429e-03,8.641008e+01,8.959877e-01,-2.249857e+00
2.75423,9.178087e-01,-6.595917e+00,6.765584e+00,1.759601e+02,7.496479e-03,8.606555e+01,8.957337e-01,-2.466067e+00
3.01995,9.176149e-01,-7.230500e+00,6.762543e+00,1.755711e+02,8.216031e-03,8.568799e+01,8.954288e-01,-2.702869e+00
3.31131,9.173824e-01,-7.925759e+00,6.758893e+00,1.751450e+02,9.003835e-03,8.527434e+01,8.950628e-01,-2.962166e+00
3.63078,9.171034e-01,-8.687373e+00,6.754513e+00,1.746784e+02,9.866107e-03,8.482125e+01,8.946236e-01,-3.246016e+00
3.98107,9.167688e-01,-9.521516e+00,6.749258e+00,1.741675e+02,1.080955e-02,8.432507e+01,8.940969e-01,-3.556643e+00
4.36516,9.163678e-01,-1.043488e+01,6.742956e+00,1.736082e+02,1.184137e-02,8.378187e+01,8.934653e-01,-3.896440e+00
4.78630,9.158874e-01,-1.143473e+01,6.735403e+00,1.729962e+02,1.296925e-02,8.318740e+01,8.927085e-01,-4.267969e+00
5.24807,9.153123e-01,-1.252887e+01,6.726356e+00,1.723267e+02,1.420139e-02,8.253709e+01,8.918023e-01,-4.673965e+00
5.75440,9.146246e-01,-1.372575e+01,6.715527e+00,1.715947e+02,1.554643e-02,8.182604e+01,8.907180e-01,-5.117326e+00
6.30957,9.138028e-01,-1.503437e+01,6.702576e+00,1.707947e+02,1.701343e-02,8.104904e+01,8.894219e-01,-5.601099e+00
6.91831,9.128223e-01,-1.646438e+01,6.687105e+00,1.699211e+02,1.861177e-02,8.020053e+01,8.878743e-01,-6.128457e+00
7.58578,9.116539e-01,-1.802599e+01,6.668645e+00,1.689678e+02,2.035103e-02,7.927469e+01,8.860290e-01,-6.702664e+00
8.31764,9.102642e-01,-1.972995e+01,6.646652e+00,1.679286e+02,2.224083e-02,7.826546e+01,8.838322e-01,-7.327022e+00
9.12011,9.086146e-01,-2.158746e+01,6.620496e+00,1.667968e+02,2.429057e-02,7.716659e+01,8.812221e-01,-8.004800e+00
10.00000,9.066615e-01,-2.361010e+01,6.589455e+00,1.655658e+02,2.650913e-02,7.597172e+01,8.781278e-01,-8.739138e+00
10.96478,9.043558e-01,-2.580961e+01,6.552706e+00,1.642292e+02,2.890448e-02,7.467456e+01,8.744696e-01,-9.532925e+00
12.02264,9.016431e-01,-2.819771e+01,6.509326e+00,1.627803e+02,3.148320e-02,7.326898e+01,8.701582e-01,-1.038864e+01
13.18257,8.984646e-01,-3.078579e+01,6.458294e+00,1.612132e+02,3.424985e-02,7.174929e+01,8.650961e-01,-1.130815e+01
14.45440,8.947579e-01,-3.358455e+01,6.398499e+00,1.595223e+02,3.720630e-02,7.011042e+01,8.591785e-01,-1.229250e+01
15.84893,8.904592e-01,-3.660356e+01,6.328758e+00,1.577032e+02,4.035097e-02,6.834831e+01,8.522958e-01,-1.334164e+01
17.37801,8.855055e-01,-3.985066e+01,6.247851e+00,1.557526e+02,4.367799e-02,6.646016e+01,8.443376e-01,-1.445412e+01
19.05461,8.798391e-01,-4.333143e+01,6.154563e+00,1.536689e+02,4.717643e-02,6.444491e+01,8.351979e-01,-1.562681e+01
20.89296,8.734115e-01,-4.704844e+01,6.047745e+00,1.514525e+02,5.082954e-02,6.230356e+01,8.247821e-01,-1.685462e+01
22.90868,8.661895e-01,-5.100054e+01,5.926387e+00,1.491063e+02,5.461433e-02,6.003957e+01,8.130154e-01,-1.813025e+01
25.11886,8.581608e-01,-5.518222e+01,5.789709e+00,1.466357e+02,5.850137e-02,5.765918e+01,7.998523e-01,-1.944408e+01
27.54229,8.493400e-01,-5.958294e+01,5.637247e+00,1.440493e+02,6.245505e-02,5.517163e+01,7.852864e-01,-2.078418e+01
30.19952,8.397734e-01,-6.418670e+01,5.468947e+00,1.413585e+02,6.643449e-02,5.258917e+01,7.693597e-01,-2.213658e+01
33.11311,8.295419e-01,-6.897187e+01,5.285232e+00,1.385774e+02,7.039490e-02,4.992697e+01,7.521693e-01,-2.348568e+01
36.30781,8.187615e-01,-7.391121e+01,5.087049e+00,1.357229e+02,7.428955e-02,4.720269e+01,7.338707e-01,-2.481506e+01
39.81072,8.075793e-01,-7.897235e+01,4.875874e+00,1.328133e+02,7.807210e-02,4.443594e+01,7.146767e-01,-2.610844e+01
43.65158,7.961672e-01,-8.411865e+01,4.653669e+00,1.298683e+02,8.169900e-02,4.164747e+01,6.948503e-01,-2.735091e+01
47.86301,7.847118e-01,-8.931026e+01,4.422803e+00,1.269075e+02,8.513188e-02,3.885828e+01,6.746927e-01,-2.853017e+01
52.48075,7.734024e-01,-9.450561e+01,4.185924e+00,1.239497e+02,8.833930e-02,3.608868e+01,6.545279e-01,-2.963787e+01
57.54399,7.624190e-01,-9.966296e+01,3.945821e+00,1.210121e+02,9.129807e-02,3.335742e+01,6.346841e-01,-3.067064e+01
63.09573,7.519214e-01,-1.047419e+02,3.705276e+00,1.181095e+02,9.399365e-02,3.068091e+01,6.154760e-01,-3.163089e+01
69.18310,7.420407e-01,-1.097050e+02,3.466923e+00,1.152534e+02,9.641988e-02,2.807274e+01,5.971889e-01,-3.252721e+01
75.85776,7.328748e-01,-1.145187e+02,3.233142e+00,1.124523e+02,9.857810e-02,2.554329e+01,5.800666e-01,-3.337429e+01
83.17638,7.244863e-01,-1.191547e+02,3.005980e+00,1.097109e+02,1.004758e-01,2.309969e+01,5.643045e-01,-3.419235e+01
91.20108,7.169052e-01,-1.235898e+02,2.787107e+00,1.070307e+02,1.021251e-01,2.074589e+01,5.500476e-01,-3.500627e+01
100.00000,7.101319e-01,-1.278068e+02,2.577808e+00,1.044100e+02,1.035413e-01,1.848287e+01,5.373925e-01,-3.584438e+01
109.64782,7.041438e-01,-1.317938e+02,2.378993e+00,1.018442e+02,1.047411e-01,1.630903e+01,5.263939e-01,-3.673713e+01
120.22644,6.989004e-01,-1.355442e+02,2.191238e+00,9.932626e+01,1.057417e-01,1.422051e+01,5.170725e-01,-3.771573e+01
131.82567,6.943493e-01,-1.390557e+02,2.014821e+00,9.684696e+01,1.065596e-01,1.221163e+01,5.094245e-01,-3.881088e+01
144.54398,6.904317e-01,-1.423302e+02,1.849775e+00,9.439538e+01,1.072097e-01,1.027528e+01,5.034316e-01,-4.005170e+01
158.48932,6.870860e-01,-1.453723e+02,1.695939e+00,9.195916e+01,1.077050e-01,8.403264e+00,4.990697e-01,-4.146487e+01
173.78008,6.842515e-01,-1.481893e+02,1.552997e+00,8.952485e+01,1.080561e-01,6.586603e+00,4.963163e-01,-4.307393e+01
190.54607,6.818703e-01,-1.507904e+02,1.420526e+00,8.707816e+01,1.082708e-01,4.815862e+00,4.951569e-01,-4.489879e+01
208.92961,6.798892e-01,-1.531860e+02,1.298024e+00,8.460422e+01,1.083541e-01,3.081384e+00,4.955890e-01,-4.695536e+01
229.08677,6.782603e-01,-1.553872e+02,1.184942e+00,8.208779e+01,1.083083e-01,1.373536e+00,4.976238e-01,-4.925530e+01
251.18864,6.769414e-01,-1.574056e+02,1.080709e+00,7.951350e+01,1.081326e-01,-3.170659e-01,5.012867e-01,-5.180577e+01
275.42287,6.758963e-01,-1.592530e+02,9.847421e-01,7.686611e+01,1.078234e-01,-1.999325e+00,5.066155e-01,-5.460933e+01
301.99517,6.750940e-01,-1.609409e+02,8.964702e-01,7.413073e+01,1.073745e-01,-3.681422e+00,5.136558e-01,-5.766379e+01
331.13112,6.745087e-01,-1.624809e+02,8.153377e-01,7.129321e+01,1.067771e-01,-5.370548e+00,5.224556e-01,-6.096226e+01
363.07805,6.741193e-01,-1.638840e+02,7.408144e-01,6.834040e+01,1.060205e-01,-7.072607e+00,5.330573e-01,-6.449322e+01
398.10717,6.739081e-01,-1.651607e+02,6.724004e-01,6.526067e+01,1.050919e-01,-8.791888e+00,5.454886e-01,-6.824080e+01
436.51583,6.738608e-01,-1.663213e+02,6.096298e-01,6.204436e+01,1.039778e-01,-1.053070e+01,5.597522e-01,-7.218512e+01
478.63009,6.739650e-01,-1.673753e+02,5.520725e-01,5.868435e+01,1.026641e-01,-1.228901e+01,5.758154e-01,-7.630283e+01
524.80746,6.742101e-01,-1.683321e+02,4.993351e-01,5.517667e+01,1.011378e-01,-1.406403e+01,5.936005e-01,-8.056773e+01
575.43994,6.745854e-01,-1.692003e+02,4.510605e-01,5.152113e+01,9.938802e-02,-1.584992e+01,6.129772e-01,-8.495139e+01
630.95734,6.750805e-01,-1.699880e+02,4.069263e-01,4.772193e+01,9.740734e-02,-1.763748e+01,6.337583e-01,-8.942380e+01
691.83097,6.756833e-01,-1.707028e+02,3.666420e-01,4.378819e+01,9.519341e-02,-1.941408e+01,6.556993e-01,-9.395397e+01
758.57758,6.763808e-01,-1.713519e+02,3.299460e-01,3.973438e+01,9.275034e-02,-2.116364e+01,6.785040e-01,-9.851054e+01
831.76377,6.771578e-01,-1.719415e+02,2.966005e-01,3.558050e+01,9.008976e-02,-2.286697e+01,7.018350e-01,-1.030622e+02
912.01084,6.779975e-01,-1.724775e+02,2.663872e-01,3.135205e+01,8.723149e-02,-2.450231e+01,7.253288e-01,-1.075785e+02
1000.00000,6.788821e-01,-1.729647e+02,2.391017e-01,2.707968e+01,8.420347e-02,-2.604611e+01,7.486154e-01,-1.120298e+02
1096.47820,6.797931e-01,-1.734076e+02,2.145489e-01,2.279853e+01,8.104104e-02,-2.747407e+01,7.713383e-01,-1.163886e+02
1202.26443,6.807128e-01,-1.738096e+02,1.925394e-01,1.854728e+01,7.778546e-02,-2.876238e+01,7.931744e-01,-1.206295e+02
1318.25674,6.816248e-01,-1.741737e+02,1.728863e-01,1.436697e+01,7.448183e-02,-2.988895e+01,8.138498e-01,-1.247300e+02
1445.43977,6.825153e-01,-1.745020e+02,1.554045e-01,1.029954e+01,7.117678e-02,-3.083469e+01,8.331513e-01,-1.286711e+02
1584.89319,6.833736e-01,-1.747962e+02,1.399107e-01,6.386330e+00,6.791592e-02,-3.158462e+01,8.509316e-01,-1.324371e+02
1737.80083,6.841927e-01,-1.750577e+02,1.262247e-01,2.666520e+00,6.474170e-02,-3.212884e+01,8.671086e-01,-1.360165e+02
1905.46072,6.849691e-01,-1.752873e+02,1.141714e-01,-8.243955e-01,6.169148e-02,-3.246316e+01,8.816598e-01,-1.394013e+02
2089.29613,6.857032e-01,-1.754857e+02,1.035836e-01,-4.055971e+00,5.879632e-02,-3.258948e+01,8.946138e-01,-1.425875e+02
2290.86765,6.863987e-01,-1.756533e+02,9.430361e-02,-7.003978e+00,5.608022e-02,-3.251587e+01,9.060389e-01,-1.455740e+02
2511.88643,6.870619e-01,-1.757904e+02,8.618509e-02,-9.651305e+00,5.355994e-02,-3.225629e+01,9.160325e-01,-1.483628e+02
2754.22870,6.877022e-01,-1.758972e+02,7.909429e-02,-1.198855e+01,5.124529e-02,-3.183002e+01,9.247105e-01,-1.509582e+02
3019.95172,6.883307e-01,-1.759738e+02,7.291021e-02,-1.401427e+01,4.913967e-02,-3.126086e+01,9.321981e-01,-1.533664e+02
3311.31121,6.889610e-01,-1.760202e+02,6.752446e-02,-1.573497e+01,4.724093e-02,-3.057600e+01,9.386233e-01,-1.555953e+02
3630.78055,6.896082e-01,-1.760364e+02,6.284053e-02,-1.716463e+01,4.554226e-02,-2.980493e+01,9.441106e-01,-1.576534e+02
3981.07171,6.902897e-01,-1.760222e+02,5.877282e-02,-1.832409e+01,4.403324e-02,-2.897811e+01,9.487780e-01,-1.595501e+02
4365.15832,6.910246e-01,-1.759774e+02,5.524545e-02,-1.924003e+01,4.270069e-02,-2.812583e+01,9.527346e-01,-1.612953e+02
4786.30092,6.918347e-01,-1.759018e+02,5.219109e-02,-1.994380e+01,4.152963e-02,-2.727717e+01,9.560791e-01,-1.628986e+02
5248.07460,6.927444e-01,-1.757951e+02,4.954985e-02,-2.047010e+01,4.050402e-02,-2.645915e+01,9.588996e-01,-1.643698e+02
5754.39937,6.937812e-01,-1.756569e+02,4.726830e-02,-2.085551e+01,3.960737e-02,-2.569618e+01,9.612738e-01,-1.657184e+02
6309.57344,6.949764e-01,-1.754870e+02,4.529860e-02,-2.113717e+01,3.882324e-02,-2.500971e+01,9.632695e-01,-1.669535e+02
6918.30971,6.963656e-01,-1.752851e+02,4.359776e-02,-2.135148e+01,3.813563e-02,-2.441819e+01,9.649455e-01,-1.680837e+02
7585.77575,6.979892e-01,-1.750511e+02,4.212713e-02,-2.153310e+01,3.752919e-02,-2.393717e+01,9.663523e-01,-1.691173e+02
8317.63771,6.998932e-01,-1.747852e+02,4.085182e-02,-2.171408e+01,3.698934e-02,-2.357949e+01,9.675333e-01,-1.700620e+02
9120.10839,7.021293e-01,-1.744879e+02,3.974033e-02,-2.192338e+01,3.650232e-02,-2.335565e+01,9.685253e-01,-1.709250e+02
10000.00000,7.047557e-01,-1.741601e+02,3.876416e-02,-2.218659e+01,3.605516e-02,-2.327408e+01,9.693599e-01,-1.717131e+02
