! ! 
! S ! 
! ! 
! # MHz  S  MA  R  50.00000
! ! ===================================================================
1.00000,9.187184e-01,-2.401023e+00,6.806075e+00,1.785364e+02,2.712885e-03,8.855813e+01,8.959147e-01,-8.962763e-01
1.09648,9.186927e-01,-2.632473e+00,6.805670e+00,1.783939e+02,2.974444e-03,8.842124e+01,8.958743e-01,-9.826759e-01
1.20226,9.186617e-01,-2.886236e+00,6.805182e+00,1.782379e+02,3.261182e-03,8.827097e+01,8.958256e-01,-1.077396e+00
1.31826,9.186244e-01,-3.164456e+00,6.804595e+00,1.780668e+02,3.575509e-03,8.810606e+01,8.957671e-01,-1.181232e+00
1.44544,9.185797e-01,-3.469479e+00,6.803890e+00,1.778795e+02,3.920063e-03,8.792511e+01,8.956968e-01,-1.295059e+00
1.58489,9.185259e-01,-3.803878e+00,6.803043e+00,1.776742e+02,4.297730e-03,8.772661e+01,8.956123e-01,-1.419830e+00
1.73780,9.184612e-01,-4.170464e+00,6.802025e+00,1.774492e+02,4.711664e-03,8.750888e+01,8.955108e-01,-1.556587e+00
1.90546,9.183835e-01,-4.572319e+00,6.800801e+00,1.772026e+02,5.165308e-03,8.727010e+01,8.953888e-01,-1.706472e+00
2.08930,9.182902e-01,-5.012809e+00,6.799331e+00,1.769325e+02,5.662425e-03,8.700827e+01,8.952422e-01,-1.870729e+00
2.29087,9.181781e-01,-5.495619e+00,6.797565e+00,1.766364e+02,6.207113e-03,8.672122e+01,8.950661e-01,-2.050717e+00
2.51189,9.180435e-01,-6.024771e+00,6.795443e+00,1.763121e+02,6.803840e-03,8.640655e+01,8.948545e-01,-2.247915e+00
2.75423,9.178818e-01,-6.604660e+00,6.792895e+00,1.759567e+02,7.457464e-03,8.606168e+01,8.946005e-01,-2.463934e+00
3.01995,9.176877e-01,-7.240079e+00,6.789835e+00,1.755674e+02,8.173262e-03,8.568376e+01,8.942955e-01,-2.700528e+00
3.31131,9.174548e-01,-7.936254e+00,6.786162e+00,1.751410e+02,8.956954e-03,8.526971e+01,8.939294e-01,-2.959594e+00
3.63078,9.171753e-01,-8.698869e+00,6.781754e+00,1.746740e+02,9.814722e-03,8.481618e+01,8.934901e-01,-3.243191e+00
3.98107,9.168401e-01,-9.534106e+00,6.776465e+00,1.741626e+02,1.075323e-02,8.431952e+01,8.929631e-01,-3.553538e+00
4.36516,9.164384e-01,-1.044867e+01,6.770123e+00,1.736029e+02,1.177965e-02,8.377580e+01,8.923314e-01,-3.893024e+00
4.78630,9.159571e-01,-1.144982e+01,6.762522e+00,1.729904e+02,1.290162e-02,8.318076e+01,8.915744e-01,-4.264211e+00
5.24807,9.153811e-01,-1.254538e+01,6.753417e+00,1.723204e+02,1.412728e-02,8.252984e+01,8.906679e-01,-4.669828e+00
5.75440,9.146921e-01,-1.374380e+01,6.742519e+00,1.715878e+02,1.546525e-02,8.181812e+01,8.895833e-01,-5.112767e+00
6.30957,9.138690e-01,-1.505411e+01,6.729486e+00,1.707872e+02,1.692451e-02,8.104039e+01,8.882869e-01,-5.596071e+00
6.91831,9.128868e-01,-1.648595e+01,6.713916e+00,1.699129e+02,1.851440e-02,8.019110e+01,8.867390e-01,-6.122906e+00
7.58578,9.117164e-01,-1.804954e+01,6.695340e+00,1.689589e+02,2.024444e-02,7.926443e+01,8.848933e-01,-6.696528e+00
8.31764,9.103244e-01,-1.975564e+01,6.673208e+00,1.679189e+02,2.212417e-02,7.825429e+01,8.826961e-01,-7.320229e+00
9.12011,9.086722e-01,-2.161546e+01,6.646889e+00,1.667862e+02,2.416294e-02,7.715445e+01,8.800855e-01,-7.997268e+00
10.00000,9.067160e-01,-2.364058e+01,6.615653e+00,1.655544e+02,2.636957e-02,7.595857e+01,8.769909e-01,-8.730772e+00
10.96478,9.044067e-01,-2.584274e+01,6.578676e+00,1.642169e+02,2.875196e-02,7.466032e+01,8.733324e-01,-9.523614e+00
12.02264,9.016900e-01,-2.823366e+01,6.535029e+00,1.627671e+02,3.131661e-02,7.325362e+01,8.690209e-01,-1.037825e+01
13.18257,8.985070e-01,-3.082474e+01,6.483685e+00,1.611990e+02,3.406804e-02,7.173275e+01,8.639590e-01,-1.129654e+01
14.45440,8.947952e-01,-3.362665e+01,6.423526e+00,1.595071e+02,3.700807e-02,7.009270e+01,8.580419e-01,-1.227949e+01
15.84893,8.904910e-01,-3.664893e+01,6.353367e+00,1.576871e+02,4.013507e-02,6.832938e+01,8.511603e-01,-1.332702e+01
17.37801,8.855315e-01,-3.989943e+01,6.271981e+00,1.557356e+02,4.344315e-02,6.644004e+01,8.432041e-01,-1.443765e+01
19.05461,8.798589e-01,-4.338366e+01,6.178149e+00,1.536510e+02,4.692138e-02,6.442365e+01,8.340677e-01,-1.560822e+01
20.89296,8.734252e-01,-4.710416e+01,6.070717e+00,1.514339e+02,5.055305e-02,6.228122e+01,8.236568e-01,-1.683359e+01
22.90868,8.661972e-01,-5.105973e+01,5.948675e+00,1.490870e+02,5.431523e-02,6.001627e+01,8.118972e-01,-1.810643e+01
25.11886,8.581631e-01,-5.524478e+01,5.811243e+00,1.466160e+02,5.817859e-02,5.763508e+01,7.987440e-01,-1.941707e+01
27.54229,8.493378e-01,-5.964869e+01,5.657960e+00,1.440295e+02,6.210769e-02,5.514693e+01,7.841914e-01,-2.075356e+01
30.19952,8.397680e-01,-6.425541e+01,5.488777e+00,1.413387e+02,6.606184e-02,5.256412e+01,7.682820e-01,-2.210189e+01
33.11311,8.295353e-01,-6.904320e+01,5.304126e+00,1.385581e+02,6.999651e-02,4.990184e+01,7.511136e-01,-2.344644e+01
36.30781,8.187556e-01,-7.398474e+01,5.104964e+00,1.357044e+02,7.386526e-02,4.717782e+01,7.328423e-01,-2.477080e+01
39.81072,8.075767e-01,-7.904762e+01,4.892781e+00,1.327961e+02,7.762205e-02,4.441168e+01,7.136809e-01,-2.605871e+01
43.65158,7.961705e-01,-8.419510e+01,4.669552e+00,1.298527e+02,8.122370e-02,4.162419e+01,6.938927e-01,-2.729528e+01
47.86301,7.847236e-01,-8.938733e+01,4.437659e+00,1.268940e+02,8.463214e-02,3.883636e+01,6.737787e-01,-2.846829e+01
52.48075,7.734251e-01,-9.458271e+01,4.199765e+00,1.239387e+02,8.781625e-02,3.606849e+01,6.536622e-01,-2.956946e+01
57.54399,7.624547e-01,-9.973948e+01,3.958671e+00,1.210041e+02,9.075311e-02,3.333931e+01,6.338706e-01,-3.059551e+01
63.09573,7.519717e-01,-1.048173e+02,3.717168e+00,1.181049e+02,9.342839e-02,3.066521e+01,6.147175e-01,-3.154896e+01
69.18310,7.421068e-01,-1.097787e+02,3.477899e+00,1.152526e+02,9.583607e-02,2.805976e+01,5.964867e-01,-3.243848e+01
75.85776,7.329571e-01,-1.145904e+02,3.243250e+00,1.124556e+02,9.797760e-02,2.553331e+01,5.794208e-01,-3.327884e+01
83.17638,7.245850e-01,-1.192239e+02,3.015271e+00,1.097188e+02,9.986051e-02,2.309297e+01,5.637137e-01,-3.409033e+01
91.20108,7.170197e-01,-1.236562e+02,2.795635e+00,1.070434e+02,1.014969e-01,2.074265e+01,5.495089e-01,-3.489787e+01
100.00000,7.102615e-01,-1.278703e+02,2.585624e+00,1.044280e+02,1.029020e-01,1.848332e+01,5.369021e-01,-3.572980e+01
109.64782,7.042872e-01,-1.318542e+02,2.386151e+00,1.018677e+02,1.040926e-01,1.631335e+01,5.259466e-01,-3.661655e+01
120.22644,6.990564e-01,-1.356015e+02,2.197788e+00,9.935567e+01,1.050855e-01,1.422890e+01,5.166622e-01,-3.758929e+01
131.82567,6.945164e-01,-1.391099e+02,2.020810e+00,9.688262e+01,1.058974e-01,1.222427e+01,5.090447e-01,-3.867866e+01
144.54398,6.906085e-01,-1.423813e+02,1.855250e+00,9.443766e+01,1.065430e-01,1.029236e+01,5.030751e-01,-3.991373e+01
158.48932,6.872709e-01,-1.454205e+02,1.700941e+00,9.200844e+01,1.070353e-01,8.424967e+00,4.987288e-01,-4.132112e+01
173.78008,6.844430e-01,-1.482348e+02,1.557567e+00,8.958156e+01,1.073848e-01,6.613135e+00,4.959832e-01,-4.292432e+01
190.54607,6.820669e-01,-1.508333e+02,1.424699e+00,8.714274e+01,1.075994e-01,4.847436e+00,4.948237e-01,-4.474322e+01
208.92961,6.800896e-01,-1.532264e+02,1.301835e+00,8.467713e+01,1.076840e-01,3.118226e+00,4.952474e-01,-4.679373e+01
229.08677,6.784630e-01,-1.554254e+02,1.188422e+00,8.216953e+01,1.076408e-01,1.415882e+00,4.972658e-01,-4.908752e+01
251.18864,6.771453e-01,-1.574418e+02,1.083885e+00,7.960459e+01,1.074693e-01,-2.689700e-01,5.009044e-01,-5.163183e+01
275.42287,6.760999e-01,-1.592873e+02,9.876407e-01,7.696709e+01,1.071658e-01,-1.945230e+00,5.062011e-01,-5.442929e+01
301.99517,6.752960e-01,-1.609737e+02,8.991152e-01,7.424215e+01,1.067244e-01,-3.621081e+00,5.132021e-01,-5.747781e+01
331.13112,6.747080e-01,-1.625122e+02,8.177504e-01,7.141559e+01,1.061363e-01,-5.303725e+00,5.219561e-01,-6.077065e+01
363.07805,6.743145e-01,-1.639140e+02,7.430142e-01,6.847426e+01,1.053909e-01,-6.999087e+00,5.325065e-01,-6.429640e+01
398.10717,6.740980e-01,-1.651896e+02,6.744048e-01,6.540649e+01,1.044755e-01,-8.711492e+00,5.448824e-01,-6.803934e+01
436.51583,6.740441e-01,-1.663491e+02,6.114544e-01,6.220255e+01,1.033767e-01,-1.044330e+01,5.590880e-01,-7.197972e+01
478.63009,6.741407e-01,-1.674023e+02,5.537314e-01,5.885521e+01,1.020807e-01,-1.219453e+01,5.750927e-01,-7.609432e+01
524.80746,6.743768e-01,-1.683582e+02,5.008408e-01,5.536039e+01,1.005743e-01,-1.396249e+01,5.928213e-01,-8.035701e+01
575.43994,6.747423e-01,-1.692256e+02,4.524242e-01,5.171772e+01,9.884672e-02,-1.574143e+01,6.121460e-01,-8.473945e+01
630.95734,6.752265e-01,-1.700126e+02,4.081577e-01,4.793122e+01,9.689035e-02,-1.752227e+01,6.328821e-01,-8.921167e+01
691.83097,6.758179e-01,-1.707267e+02,3.677500e-01,4.400978e+01,9.470269e-02,-1.929246e+01,6.547877e-01,-9.374273e+01
758.57758,6.765034e-01,-1.713751e+02,3.309386e-01,3.996763e+01,9.228755e-02,-2.103607e+01,6.775686e-01,-9.830127e+01
831.76377,6.772681e-01,-1.719640e+02,2.974852e-01,3.582448e+01,8.965621e-02,-2.273400e+01,7.008889e-01,-1.028560e+02
912.01084,6.780957e-01,-1.724992e+02,2.671708e-01,3.160557e+01,8.682801e-02,-2.436458e+01,7.243861e-01,-1.073763e+02
1000.00000,6.789683e-01,-1.729857e+02,2.397911e-01,2.734128e+01,8.383043e-02,-2.590433e+01,7.476901e-01,-1.118327e+02
1096.47820,6.798680e-01,-1.734278e+02,2.151509e-01,2.306651e+01,8.069829e-02,-2.732900e+01,7.704436e-01,-1.161975e+02
1202.26443,6.807769e-01,-1.738291e+02,1.930606e-01,1.881976e+01,7.747238e-02,-2.861478e+01,7.923220e-01,-1.204452e+02
1318.25674,6.816790e-01,-1.741924e+02,1.733338e-01,1.464189e+01,7.419739e-02,-2.973956e+01,8.130491e-01,-1.245533e+02
1445.43977,6.825604e-01,-1.745199e+02,1.557853e-01,1.057478e+01,7.091957e-02,-3.068422e+01,8.324095e-01,-1.285024e+02
1584.89319,6.834106e-01,-1.748135e+02,1.402318e-01,6.659753e+00,6.768432e-02,-3.143372e+01,8.502530e-01,-1.322769e+02
1737.80083,6.842223e-01,-1.750744e+02,1.264929e-01,2.936069e+00,6.453387e-02,-3.197809e+01,8.664950e-01,-1.358651e+02
1905.46072,6.849922e-01,-1.753035e+02,1.143936e-01,-5.606369e-01,6.150553e-02,-3.231307e+01,8.811111e-01,-1.392589e+02
2089.29613,6.857204e-01,-1.755014e+02,1.037659e-01,-3.799708e+00,5.863035e-02,-3.244052e+01,8.941279e-01,-1.424540e+02
2290.86765,6.864104e-01,-1.756686e+02,9.445191e-02,-6.756652e+00,5.593235e-02,-3.236844e+01,9.056123e-01,-1.454494e+02
2511.88643,6.870687e-01,-1.758054e+02,8.630465e-02,-9.414057e+00,5.342840e-02,-3.211076e+01,9.156610e-01,-1.482468e+02
2754.22870,6.877041e-01,-1.759121e+02,7.918978e-02,-1.176220e+01,5.112839e-02,-3.168673e+01,9.243891e-01,-1.508505e+02
3019.95172,6.883280e-01,-1.759886e+02,7.298570e-02,-1.379933e+01,4.903584e-02,-3.112008e+01,9.319218e-01,-1.532668e+02
3311.31121,6.889535e-01,-1.760351e+02,6.758344e-02,-1.553162e+01,4.714873e-02,-3.043800e+01,9.383868e-01,-1.555032e+02
3630.78055,6.895957e-01,-1.760514e+02,6.288596e-02,-1.697280e+01,4.546038e-02,-2.966992e+01,9.439092e-01,-1.575685e+02
3981.07171,6.902718e-01,-1.760375e+02,5.880717e-02,-1.814345e+01,4.396048e-02,-2.884624e+01,9.486072e-01,-1.594721e+02
4365.15832,6.910008e-01,-1.759931e+02,5.527079e-02,-1.907004e+01,4.263598e-02,-2.799720e+01,9.525901e-01,-1.612235e+02
4786.30092,6.918042e-01,-1.759180e+02,5.220912e-02,-1.978376e+01,4.147202e-02,-2.715178e+01,9.559572e-01,-1.628328e+02
5248.07460,6.927063e-01,-1.758119e+02,4.956199e-02,-2.031918e+01,4.045265e-02,-2.633694e+01,9.587970e-01,-1.643095e+02
5754.39937,6.937343e-01,-1.756744e+02,4.727574e-02,-2.071279e+01,3.956151e-02,-2.557699e+01,9.611876e-01,-1.656631e+02
6309.57344,6.949193e-01,-1.755052e+02,4.530230e-02,-2.100167e+01,3.878226e-02,-2.489331e+01,9.631972e-01,-1.669029e+02
6918.30971,6.962967e-01,-1.753042e+02,4.359858e-02,-2.122221e+01,3.809899e-02,-2.430428e+01,9.648849e-01,-1.680374e+02
7585.77575,6.979065e-01,-1.750711e+02,4.212577e-02,-2.140904e+01,3.749645e-02,-2.382535e+01,9.663016e-01,-1.690750e+02
8317.63771,6.997944e-01,-1.748061e+02,4.084890e-02,-2.159425e+01,3.696015e-02,-2.346934e+01,9.674907e-01,-1.700234e+02
9120.10839,7.020118e-01,-1.745098e+02,3.973641e-02,-2.180683e+01,3.647641e-02,-2.324667e+01,9.684896e-01,-1.708898e+02
10000.00000,7.046165e-01,-1.741829e+02,3.875975e-02,-2.207239e+01,3.603236e-02,-2.316576e+01,9.693299e-01,-1.716809e+02
