! ! 
! S ! 
! ! 
! # MHz  S  MA  R  50.00000
! ! ===================================================================
1.00000,9.188770e-01,-2.409053e+00,6.877257e+00,1.785330e+02,2.688527e-03,8.855420e+01,8.971016e-01,-8.945620e-01
1.09648,9.188511e-01,-2.641276e+00,6.876845e+00,1.783902e+02,2.947738e-03,8.841694e+01,8.970609e-01,-9.807953e-01
1.20226,9.188199e-01,-2.895887e+00,6.876349e+00,1.782337e+02,3.231899e-03,8.826627e+01,8.970120e-01,-1.075333e+00
1.31826,9.187825e-01,-3.175035e+00,6.875752e+00,1.780623e+02,3.543402e-03,8.810091e+01,8.969531e-01,-1.178970e+00
1.44544,9.187375e-01,-3.481077e+00,6.875035e+00,1.778745e+02,3.884860e-03,8.791948e+01,8.968824e-01,-1.292577e+00
1.58489,9.186834e-01,-3.816591e+00,6.874174e+00,1.776687e+02,4.259132e-03,8.772044e+01,8.967975e-01,-1.417106e+00
1.73780,9.186184e-01,-4.184400e+00,6.873139e+00,1.774431e+02,4.669343e-03,8.750212e+01,8.966953e-01,-1.553599e+00
1.90546,9.185404e-01,-4.587595e+00,6.871895e+00,1.771960e+02,5.118908e-03,8.726270e+01,8.965726e-01,-1.703193e+00
2.08930,9.184466e-01,-5.029553e+00,6.870400e+00,1.769252e+02,5.611551e-03,8.700017e+01,8.964252e-01,-1.867131e+00
2.29087,9.183339e-01,-5.513970e+00,6.868604e+00,1.766285e+02,6.151335e-03,8.671235e+01,8.962481e-01,-2.046767e+00
2.51189,9.181985e-01,-6.044883e+00,6.866447e+00,1.763033e+02,6.742687e-03,8.639684e+01,8.960354e-01,-2.243578e+00
2.75423,9.180360e-01,-6.626699e+00,6.863857e+00,1.759471e+02,7.390419e-03,8.605104e+01,8.957799e-01,-2.459173e+00
3.01995,9.178409e-01,-7.264227e+00,6.860746e+00,1.755569e+02,8.099760e-03,8.567211e+01,8.954731e-01,-2.695298e+00
3.31131,9.176067e-01,-7.962709e+00,6.857011e+00,1.751294e+02,8.876375e-03,8.525695e+01,8.951050e-01,-2.953848e+00
3.63078,9.173258e-01,-8.727847e+00,6.852529e+00,1.746613e+02,9.726387e-03,8.480221e+01,8.946632e-01,-3.236874e+00
3.98107,9.169889e-01,-9.565840e+00,6.847153e+00,1.741488e+02,1.065640e-02,8.430424e+01,8.941333e-01,-3.546592e+00
4.36516,9.165851e-01,-1.048341e+01,6.840705e+00,1.735878e+02,1.167350e-02,8.375908e+01,8.934979e-01,-3.885382e+00
4.78630,9.161014e-01,-1.148785e+01,6.832978e+00,1.729739e+02,1.278528e-02,8.316248e+01,8.927367e-01,-4.255796e+00
5.24807,9.155225e-01,-1.258700e+01,6.823722e+00,1.723023e+02,1.399978e-02,8.250985e+01,8.918252e-01,-4.660555e+00
5.75440,9.148300e-01,-1.378932e+01,6.812643e+00,1.715680e+02,1.532552e-02,8.179629e+01,8.907346e-01,-5.102541e+00
6.30957,9.140028e-01,-1.510386e+01,6.799395e+00,1.707657e+02,1.677140e-02,8.101656e+01,8.894310e-01,-5.584780e+00
6.91831,9.130157e-01,-1.654031e+01,6.783568e+00,1.698895e+02,1.834665e-02,8.016511e+01,8.878746e-01,-6.110424e+00
7.58578,9.118396e-01,-1.810888e+01,6.764686e+00,1.689334e+02,2.006068e-02,7.923610e+01,8.860189e-01,-6.682709e+00
8.31764,9.104408e-01,-1.982036e+01,6.742192e+00,1.678911e+02,2.192291e-02,7.822347e+01,8.838100e-01,-7.304905e+00
9.12011,9.087808e-01,-2.168599e+01,6.715443e+00,1.667561e+02,2.394258e-02,7.712095e+01,8.811857e-01,-7.980244e+00
10.00000,9.068155e-01,-2.371735e+01,6.683700e+00,1.655217e+02,2.612836e-02,7.592222e+01,8.780750e-01,-8.711819e+00
10.96478,9.044957e-01,-2.592618e+01,6.646126e+00,1.641815e+02,2.848802e-02,7.462097e+01,8.743979e-01,-9.502464e+00
12.02264,9.017669e-01,-2.832421e+01,6.601778e+00,1.627289e+02,3.102795e-02,7.321111e+01,8.700650e-01,-1.035459e+01
13.18257,8.985703e-01,-3.092279e+01,6.549617e+00,1.611580e+02,3.375252e-02,7.168697e+01,8.649788e-01,-1.127000e+01
14.45440,8.948434e-01,-3.373260e+01,6.488510e+00,1.594632e+02,3.666342e-02,7.004355e+01,8.590342e-01,-1.224964e+01
15.84893,8.905224e-01,-3.676311e+01,6.417256e+00,1.576403e+02,3.975892e-02,6.827681e+01,8.521221e-01,-1.329335e+01
17.37801,8.855448e-01,-4.002210e+01,6.334616e+00,1.556859e+02,4.303305e-02,6.638407e+01,8.441324e-01,-1.439957e+01
19.05461,8.798531e-01,-4.351501e+01,6.239359e+00,1.535986e+02,4.647483e-02,6.436435e+01,8.349599e-01,-1.556504e+01
20.89296,8.733997e-01,-4.724422e+01,6.130323e+00,1.513790e+02,5.006756e-02,6.221876e+01,8.245111e-01,-1.678452e+01
22.90868,8.661521e-01,-5.120842e+01,6.006495e+00,1.490300e+02,5.378836e-02,5.995092e+01,8.127125e-01,-1.805057e+01
25.11886,8.580993e-01,-5.540184e+01,5.867093e+00,1.465573e+02,5.760806e-02,5.756721e+01,7.995207e-01,-1.935344e+01
27.54229,8.492573e-01,-5.981368e+01,5.711666e+00,1.439695e+02,6.149145e-02,5.507702e+01,7.849315e-01,-2.068107e+01
30.19952,8.396740e-01,-6.442768e+01,5.540180e+00,1.412783e+02,6.539818e-02,5.249277e+01,7.689893e-01,-2.201936e+01
33.11311,8.294318e-01,-6.922189e+01,5.353087e+00,1.384980e+02,6.928417e-02,4.982976e+01,7.517940e-01,-2.335269e+01
36.30781,8.186480e-01,-7.416881e+01,5.151375e+00,1.356455e+02,7.310353e-02,4.710578e+01,7.335035e-01,-2.466461e+01
39.81072,8.074710e-01,-7.923584e+01,4.936564e+00,1.327393e+02,7.681082e-02,4.434055e+01,7.143328e-01,-2.593891e+01
43.65158,7.960733e-01,-8.438610e+01,4.710668e+00,1.297992e+02,8.036354e-02,4.155486e+01,6.945461e-01,-2.716081e+01
47.86301,7.846414e-01,-8.957965e+01,4.476104e+00,1.268446e+02,8.372428e-02,3.876974e+01,6.744454e-01,-2.831824e+01
52.48075,7.733642e-01,-9.477484e+01,4.235570e+00,1.238947e+02,8.686258e-02,3.600546e+01,6.543540e-01,-2.940310e+01
57.54399,7.624207e-01,-9.992995e+01,3.991899e+00,1.209663e+02,8.975608e-02,3.328071e+01,6.345985e-01,-3.041235e+01
63.09573,7.519690e-01,-1.050047e+02,3.747908e+00,1.180743e+02,9.239093e-02,3.061182e+01,6.154911e-01,-3.134874e+01
69.18310,7.421386e-01,-1.099618e+02,3.506261e+00,1.152301e+02,9.476148e-02,2.801227e+01,5.973134e-01,-3.222120e+01
75.85776,7.330253e-01,-1.147680e+02,3.269358e+00,1.124420e+02,9.686940e-02,2.549233e+01,5.803054e-01,-3.304469e+01
83.17638,7.246900e-01,-1.193950e+02,3.039258e+00,1.097148e+02,9.872234e-02,2.305902e+01,5.646583e-01,-3.383967e+01
91.20108,7.171609e-01,-1.238203e+02,2.817638e+00,1.070499e+02,1.003325e-01,2.071619e+01,5.505126e-01,-3.463115e+01
100.00000,7.104374e-01,-1.280267e+02,2.605783e+00,1.044454e+02,1.017149e-01,1.846475e+01,5.379610e-01,-3.544751e+01
109.64782,7.044955e-01,-1.320027e+02,2.404600e+00,1.018969e+02,1.028861e-01,1.630302e+01,5.270543e-01,-3.631915e+01
120.22644,6.992941e-01,-1.357419e+02,2.214658e+00,9.939713e+01,1.038632e-01,1.422711e+01,5.178100e-01,-3.727713e+01
131.82567,6.947806e-01,-1.392424e+02,2.036226e+00,9.693703e+01,1.046623e-01,1.223132e+01,5.102216e-01,-3.835199e+01
144.54398,6.908956e-01,-1.425059e+02,1.869329e+00,9.450568e+01,1.052982e-01,1.030853e+01,5.042684e-01,-3.957268e+01
158.48932,6.875778e-01,-1.455375e+02,1.713793e+00,9.209079e+01,1.057836e-01,8.450559e+00,4.999244e-01,-4.096567e+01
173.78008,6.847663e-01,-1.483446e+02,1.569293e+00,8.967897e+01,1.061289e-01,6.648451e+00,4.971658e-01,-4.255438e+01
190.54607,6.824036e-01,-1.509363e+02,1.435394e+00,8.725601e+01,1.063420e-01,4.892803e+00,4.959768e-01,-4.435865e+01
208.92961,6.804364e-01,-1.533231e+02,1.311585e+00,8.480712e+01,1.064279e-01,3.173992e+00,4.963539e-01,-4.639443e+01
229.08677,6.788172e-01,-1.555162e+02,1.197308e+00,8.231714e+01,1.063887e-01,1.482418e+00,4.983079e-01,-4.867351e+01
251.18864,6.775039e-01,-1.575272e+02,1.091979e+00,7.977078e+01,1.062240e-01,-1.912735e-01,5.018640e-01,-5.120328e+01
275.42287,6.764604e-01,-1.593678e+02,9.950104e-01,7.715285e+01,1.059303e-01,-1.855971e+00,5.070601e-01,-5.398663e+01
301.99517,6.756558e-01,-1.610497e+02,9.058210e-01,7.444850e+01,1.055017e-01,-3.519853e+00,5.139430e-01,-5.702181e+01
331.13112,6.750645e-01,-1.625842e+02,8.238477e-01,7.164356e+01,1.049297e-01,-5.190133e+00,5.225624e-01,-6.030238e+01
363.07805,6.746651e-01,-1.639824e+02,7.485533e-01,6.872483e+01,1.042039e-01,-6.872768e+00,5.329633e-01,-6.381734e+01
398.10717,6.744404e-01,-1.652547e+02,6.794311e-01,6.568059e+01,1.033120e-01,-8.572131e+00,5.451774e-01,-6.755128e+01
436.51583,6.743758e-01,-1.664114e+02,6.160093e-01,6.250097e+01,1.022406e-01,-1.029066e+01,5.592123e-01,-7.148478e+01
478.63009,6.744594e-01,-1.674619e+02,5.578519e-01,5.917862e+01,1.009760e-01,-1.202848e+01,5.750415e-01,-7.559487e+01
524.80746,6.746804e-01,-1.684155e+02,5.045605e-01,5.570919e+01,9.950536e-02,-1.378303e+01,5.925946e-01,-7.985560e+01
575.43994,6.750288e-01,-1.692807e+02,4.557732e-01,5.209205e+01,9.781760e-02,-1.554871e+01,6.117490e-01,-8.423873e+01
630.95734,6.754941e-01,-1.700656e+02,4.111635e-01,4.833084e+01,9.590509e-02,-1.731663e+01,6.323257e-01,-8.871431e+01
691.83097,6.760652e-01,-1.707778e+02,3.704375e-01,4.443405e+01,9.376497e-02,-1.907443e+01,6.540881e-01,-9.325134e+01
758.57758,6.767294e-01,-1.714243e+02,3.333308e-01,4.041541e+01,9.140058e-02,-2.080637e+01,6.767469e-01,-9.781835e+01
831.76377,6.774723e-01,-1.720114e+02,2.996034e-01,3.629415e+01,8.882254e-02,-2.249354e+01,6.999698e-01,-1.023839e+02
912.01084,6.782779e-01,-1.725448e+02,2.690354e-01,3.209495e+01,8.604943e-02,-2.411442e+01,7.233969e-01,-1.069172e+02
1000.00000,6.791290e-01,-1.730296e+02,2.414216e-01,2.784766e+01,8.310786e-02,-2.564565e+01,7.466589e-01,-1.113885e+02
1096.47820,6.800078e-01,-1.734699e+02,2.165664e-01,2.358671e+01,8.003175e-02,-2.706307e+01,7.693978e-01,-1.157699e+02
1202.26443,6.808971e-01,-1.738695e+02,1.942801e-01,1.935014e+01,7.686103e-02,-2.834290e+01,7.912866e-01,-1.200356e+02
1318.25674,6.817808e-01,-1.742312e+02,1.743758e-01,1.517851e+01,7.363960e-02,-2.946300e+01,8.120461e-01,-1.241628e+02
1445.43977,6.826454e-01,-1.745572e+02,1.566683e-01,1.111348e+01,7.041307e-02,-3.040420e+01,8.314564e-01,-1.281318e+02
1584.89319,6.834802e-01,-1.748494e+02,1.409737e-01,7.196322e+00,6.722630e-02,-3.115138e+01,8.493629e-01,-1.319268e+02
1737.80083,6.842781e-01,-1.751090e+02,1.271111e-01,3.466371e+00,6.412122e-02,-3.169448e+01,8.656767e-01,-1.355357e+02
1905.46072,6.850354e-01,-1.753369e+02,1.149043e-01,-4.048432e-02,6.113491e-02,-3.202916e+01,8.803691e-01,-1.389502e+02
2089.29613,6.857522e-01,-1.755339e+02,1.041845e-01,-3.293206e+00,5.829834e-02,-3.215718e+01,8.934631e-01,-1.421657e+02
2290.86765,6.864317e-01,-1.757004e+02,9.479221e-02,-6.266802e+00,5.563558e-02,-3.208651e+01,9.050232e-01,-1.451809e+02
2511.88643,6.870800e-01,-1.758367e+02,8.657906e-02,-8.943275e+00,5.316360e-02,-3.183100e+01,9.151438e-01,-1.479976e+02
2754.22870,6.877060e-01,-1.759430e+02,7.940921e-02,-1.131227e+01,5.089243e-02,-3.140986e+01,9.239388e-01,-1.506198e+02
3019.95172,6.883204e-01,-1.760195e+02,7.315958e-02,-1.337140e+01,4.882579e-02,-3.084679e+01,9.315324e-01,-1.530536e+02
3311.31121,6.889363e-01,-1.760661e+02,6.771983e-02,-1.512621e+01,4.696184e-02,-3.016890e+01,9.380522e-01,-1.553067e+02
3630.78055,6.895685e-01,-1.760828e+02,6.299164e-02,-1.658984e+01,4.529414e-02,-2.940553e+01,9.436231e-01,-1.573876e+02
3981.07171,6.902336e-01,-1.760694e+02,5.888780e-02,-1.778237e+01,4.381256e-02,-2.858700e+01,9.483637e-01,-1.593058e+02
4365.15832,6.909505e-01,-1.760258e+02,5.533106e-02,-1.872985e+01,4.250430e-02,-2.774339e+01,9.523836e-01,-1.610709e+02
4786.30092,6.917403e-01,-1.759517e+02,5.225292e-02,-1.946311e+01,4.135468e-02,-2.690354e+01,9.557827e-01,-1.626928e+02
5248.07460,6.926267e-01,-1.758468e+02,4.959252e-02,-2.001644e+01,4.034799e-02,-2.609422e+01,9.586498e-01,-1.641812e+02
5754.39937,6.936367e-01,-1.757107e+02,4.729563e-02,-2.042615e+01,3.946805e-02,-2.533956e+01,9.610637e-01,-1.655458e+02
6309.57344,6.948008e-01,-1.755431e+02,4.531378e-02,-2.072919e+01,3.869873e-02,-2.466078e+01,9.630931e-01,-1.667955e+02
6918.30971,6.961537e-01,-1.753438e+02,4.360350e-02,-2.096189e+01,3.802432e-02,-2.407608e+01,9.647974e-01,-1.679393e+02
7585.77575,6.977351e-01,-1.751126e+02,4.212571e-02,-2.115886e+01,3.742975e-02,-2.360077e+01,9.662281e-01,-1.689853e+02
8317.63771,6.995898e-01,-1.748496e+02,4.084525e-02,-2.135221e+01,3.690072e-02,-2.324753e+01,9.674289e-01,-1.699415e+02
9120.10839,7.017686e-01,-1.745553e+02,3.973038e-02,-2.157099e+01,3.642373e-02,-2.302669e+01,9.684376e-01,-1.708150e+02
10000.00000,7.043285e-01,-1.742304e+02,3.875245e-02,-2.184088e+01,3.598605e-02,-2.294659e+01,9.692859e-01,-1.716127e+02
