! ! 
! S ! 
! ! 
! # MHz  S  MA  R  50.00000
! ! ===================================================================
1.00000,9.188773e-01,-2.407110e+00,6.855276e+00,1.785343e+02,2.679934e-03,8.855555e+01,8.910382e-01,-8.949014e-01
1.09648,9.188514e-01,-2.639146e+00,6.854866e+00,1.783916e+02,2.938316e-03,8.841843e+01,8.909978e-01,-9.811676e-01
1.20226,9.188203e-01,-2.893552e+00,6.854372e+00,1.782353e+02,3.221570e-03,8.826790e+01,8.909493e-01,-1.075741e+00
1.31826,9.187830e-01,-3.172476e+00,6.853779e+00,1.780641e+02,3.532078e-03,8.810270e+01,8.908909e-01,-1.179417e+00
1.44544,9.187381e-01,-3.478271e+00,6.853066e+00,1.778764e+02,3.872445e-03,8.792143e+01,8.908208e-01,-1.293068e+00
1.58489,9.186841e-01,-3.813515e+00,6.852208e+00,1.776708e+02,4.245522e-03,8.772258e+01,8.907365e-01,-1.417645e+00
1.73780,9.186193e-01,-4.181028e+00,6.851178e+00,1.774455e+02,4.654424e-03,8.750447e+01,8.906352e-01,-1.554191e+00
1.90546,9.185413e-01,-4.583898e+00,6.849941e+00,1.771986e+02,5.102554e-03,8.726527e+01,8.905135e-01,-1.703843e+00
2.08930,9.184477e-01,-5.025501e+00,6.848453e+00,1.769280e+02,5.593625e-03,8.700299e+01,8.903673e-01,-1.867844e+00
2.29087,9.183353e-01,-5.509529e+00,6.846666e+00,1.766315e+02,6.131688e-03,8.671544e+01,8.901917e-01,-2.047550e+00
2.51189,9.182002e-01,-6.040016e+00,6.844520e+00,1.763067e+02,6.721155e-03,8.640022e+01,8.899807e-01,-2.244438e+00
2.75423,9.180381e-01,-6.621366e+00,6.841942e+00,1.759508e+02,7.366824e-03,8.605475e+01,8.897273e-01,-2.460118e+00
3.01995,9.178434e-01,-7.258385e+00,6.838847e+00,1.755609e+02,8.073906e-03,8.567617e+01,8.894231e-01,-2.696336e+00
3.31131,9.176097e-01,-7.956308e+00,6.835130e+00,1.751339e+02,8.848050e-03,8.526141e+01,8.890579e-01,-2.954990e+00
3.63078,9.173294e-01,-8.720836e+00,6.830671e+00,1.746662e+02,9.695362e-03,8.480709e+01,8.886197e-01,-3.238132e+00
3.98107,9.169932e-01,-9.558163e+00,6.825321e+00,1.741542e+02,1.062242e-02,8.430958e+01,8.880942e-01,-3.547976e+00
4.36516,9.165902e-01,-1.047501e+01,6.818905e+00,1.735936e+02,1.163630e-02,8.376492e+01,8.874641e-01,-3.886908e+00
4.78630,9.161075e-01,-1.147865e+01,6.811215e+00,1.729802e+02,1.274456e-02,8.316887e+01,8.867090e-01,-4.257480e+00
5.24807,9.155298e-01,-1.257693e+01,6.802005e+00,1.723093e+02,1.395522e-02,8.251685e+01,8.858050e-01,-4.662415e+00
5.75440,9.148388e-01,-1.377831e+01,6.790981e+00,1.715757e+02,1.527678e-02,8.180394e+01,8.847233e-01,-5.104597e+00
6.30957,9.140132e-01,-1.509184e+01,6.777797e+00,1.707740e+02,1.671813e-02,8.102492e+01,8.834303e-01,-5.587058e+00
6.91831,9.130281e-01,-1.652717e+01,6.762048e+00,1.698986e+02,1.828844e-02,8.017423e+01,8.818866e-01,-6.112952e+00
7.58578,9.118544e-01,-1.809454e+01,6.743258e+00,1.689433e+02,1.999713e-02,7.924606e+01,8.800460e-01,-6.685521e+00
8.31764,9.104585e-01,-1.980473e+01,6.720874e+00,1.679019e+02,2.185359e-02,7.823432e+01,8.778550e-01,-7.308039e+00
9.12011,9.088017e-01,-2.166897e+01,6.694254e+00,1.667679e+02,2.386703e-02,7.713277e+01,8.752519e-01,-7.983747e+00
10.00000,9.068403e-01,-2.369882e+01,6.662664e+00,1.655346e+02,2.604612e-02,7.593506e+01,8.721664e-01,-8.715745e+00
10.96478,9.045249e-01,-2.590606e+01,6.625269e+00,1.641954e+02,2.839863e-02,7.463491e+01,8.685188e-01,-9.506879e+00
12.02264,9.018014e-01,-2.830239e+01,6.581133e+00,1.627440e+02,3.093092e-02,7.322621e+01,8.642207e-01,-1.035957e+01
13.18257,8.986107e-01,-3.089918e+01,6.529218e+00,1.611743e+02,3.364740e-02,7.170329e+01,8.591749e-01,-1.127564e+01
14.45440,8.948905e-01,-3.370711e+01,6.468398e+00,1.594808e+02,3.654977e-02,7.006114e+01,8.532775e-01,-1.225605e+01
15.84893,8.905771e-01,-3.673567e+01,6.397475e+00,1.576592e+02,3.963636e-02,6.829573e+01,8.464197e-01,-1.330066e+01
17.37801,8.856080e-01,-3.999267e+01,6.315214e+00,1.557062e+02,4.290125e-02,6.640434e+01,8.384924e-01,-1.440793e+01
19.05461,8.799255e-01,-4.348354e+01,6.220388e+00,1.536203e+02,4.633352e-02,6.438598e+01,8.293909e-01,-1.557464e+01
20.89296,8.734819e-01,-4.721073e+01,6.111837e+00,1.514020e+02,4.991658e-02,6.224175e+01,8.190221e-01,-1.679557e+01
22.90868,8.662448e-01,-5.117294e+01,5.988550e+00,1.490543e+02,5.362767e-02,5.997524e+01,8.073129e-01,-1.806332e+01
25.11886,8.582028e-01,-5.536444e+01,5.849746e+00,1.465829e+02,5.743773e-02,5.759280e+01,7.942195e-01,-1.936814e+01
27.54229,8.493716e-01,-5.977450e+01,5.694971e+00,1.439963e+02,6.131170e-02,5.510379e+01,7.797377e-01,-2.069803e+01
30.19952,8.397988e-01,-6.438690e+01,5.524185e+00,1.413061e+02,6.520938e-02,5.252061e+01,7.639110e-01,-2.203892e+01
33.11311,8.295665e-01,-6.917973e+01,5.337837e+00,1.385268e+02,6.908679e-02,4.985853e+01,7.468380e-01,-2.337517e+01
36.30781,8.187916e-01,-7.412554e+01,5.136904e+00,1.356751e+02,7.289816e-02,4.713534e+01,7.286752e-01,-2.469036e+01
39.81072,8.076221e-01,-7.919178e+01,4.922897e+00,1.327695e+02,7.659817e-02,4.437073e+01,7.096357e-01,-2.596827e+01
43.65158,7.962304e-01,-8.434159e+01,4.697820e+00,1.298298e+02,8.014435e-02,4.158548e+01,6.899816e-01,-2.719409e+01
47.86301,7.848027e-01,-8.953505e+01,4.464077e+00,1.268755e+02,8.349933e-02,3.880064e+01,6.700129e-01,-2.835572e+01
52.48075,7.735280e-01,-9.473053e+01,4.224358e+00,1.239257e+02,8.663266e-02,3.603649e+01,6.500507e-01,-2.944502e+01
57.54399,7.625853e-01,-9.988628e+01,3.981486e+00,1.209974e+02,8.952194e-02,3.331174e+01,6.304199e-01,-3.045888e+01
63.09573,7.521329e-01,-1.049620e+02,3.738268e+00,1.181052e+02,9.215328e-02,3.064275e+01,6.114310e-01,-3.140000e+01
69.18310,7.423004e-01,-1.099204e+02,3.497362e+00,1.152609e+02,9.452097e-02,2.804303e+01,5.933647e-01,-3.227724e+01
75.85776,7.331840e-01,-1.147281e+02,3.261164e+00,1.124726e+02,9.662661e-02,2.552290e+01,5.764600e-01,-3.310550e+01
83.17638,7.248449e-01,-1.193569e+02,3.031730e+00,1.097452e+02,9.847781e-02,2.308940e+01,5.609079e-01,-3.390520e+01
91.20108,7.173114e-01,-1.237841e+02,2.810735e+00,1.070801e+02,1.000866e-01,2.074641e+01,5.468491e-01,-3.470133e+01
100.00000,7.105833e-01,-1.279926e+02,2.599463e+00,1.044756e+02,1.014682e-01,1.849489e+01,5.343765e-01,-3.552222e+01
109.64782,7.046367e-01,-1.319708e+02,2.398824e+00,1.019270e+02,1.026389e-01,1.633318e+01,5.235417e-01,-3.639828e+01
120.22644,6.994307e-01,-1.357122e+02,2.209385e+00,9.942743e+01,1.036159e-01,1.425741e+01,5.143631e-01,-3.736059e+01
131.82567,6.949127e-01,-1.392148e+02,2.031418e+00,9.696762e+01,1.044152e-01,1.226191e+01,5.068352e-01,-3.843969e+01
144.54398,6.910235e-01,-1.424805e+02,1.864951e+00,9.453672e+01,1.050516e-01,1.033957e+01,5.009384e-01,-3.966451e+01
158.48932,6.877016e-01,-1.455142e+02,1.709811e+00,9.212246e+01,1.055378e-01,8.482226e+00,4.966479e-01,-4.106155e+01
173.78008,6.848864e-01,-1.483233e+02,1.565677e+00,8.971145e+01,1.058844e-01,6.680938e+00,4.939409e-01,-4.265418e+01
190.54607,6.825200e-01,-1.509170e+02,1.432115e+00,8.728951e+01,1.060991e-01,4.926308e+00,4.928030e-01,-4.446223e+01
208.92961,6.805494e-01,-1.533057e+02,1.308616e+00,8.484185e+01,1.061869e-01,3.208721e+00,4.932315e-01,-4.650156e+01
229.08677,6.789268e-01,-1.555006e+02,1.194624e+00,8.235330e+01,1.061502e-01,1.518578e+00,4.952384e-01,-4.878387e+01
251.18864,6.776101e-01,-1.575133e+02,1.089558e+00,7.980858e+01,1.059885e-01,-1.534776e-01,4.988499e-01,-5.131645e+01
275.42287,6.765631e-01,-1.593555e+02,9.928317e-01,7.719249e+01,1.056983e-01,-1.816336e+00,5.041048e-01,-5.410206e+01
301.99517,6.757550e-01,-1.610389e+02,9.038656e-01,7.449017e+01,1.052739e-01,-3.478190e+00,5.110506e-01,-5.713877e+01
331.13112,6.751600e-01,-1.625749e+02,8.220982e-01,7.168742e+01,1.047069e-01,-5.146266e+00,5.197377e-01,-6.042003e+01
363.07805,6.747567e-01,-1.639743e+02,7.469935e-01,6.877106e+01,1.039868e-01,-6.826546e+00,5.302117e-01,-6.393469e+01
398.10717,6.745278e-01,-1.652479e+02,6.780462e-01,6.572928e+01,1.031014e-01,-8.523434e+00,5.425046e-01,-6.766723e+01
436.51583,6.744588e-01,-1.664057e+02,6.147853e-01,6.255223e+01,1.020375e-01,-1.023941e+01,5.566245e-01,-7.159818e+01
478.63009,6.745376e-01,-1.674573e+02,5.567759e-01,5.923245e+01,1.007813e-01,-1.197465e+01,5.725449e-01,-7.570455e+01
524.80746,6.747535e-01,-1.684118e+02,5.036201e-01,5.576558e+01,9.931992e-02,-1.372665e+01,5.901956e-01,-7.996044e+01
575.43994,6.750964e-01,-1.692779e+02,4.549567e-01,5.215089e+01,9.764237e-02,-1.548987e+01,6.094539e-01,-8.433771e+01
630.95734,6.755562e-01,-1.700636e+02,4.104596e-01,4.839196e+01,9.574091e-02,-1.725551e+01,6.301407e-01,-8.880658e+01
691.83097,6.761215e-01,-1.707765e+02,3.698354e-01,4.449719e+01,9.361256e-02,-1.901129e+01,6.520190e-01,-9.333625e+01
758.57758,6.767799e-01,-1.714235e+02,3.328198e-01,4.048024e+01,9.126047e-02,-2.074154e+01,6.747990e-01,-9.789549e+01
831.76377,6.775170e-01,-1.720110e+02,2.991734e-01,3.636026e+01,8.869507e-02,-2.242742e+01,6.981478e-01,-1.024531e+02
912.01084,6.783170e-01,-1.725448e+02,2.686767e-01,3.216188e+01,8.593470e-02,-2.404748e+01,7.217042e-01,-1.069785e+02
1000.00000,6.791628e-01,-1.730298e+02,2.411248e-01,2.791491e+01,8.300570e-02,-2.557840e+01,7.450979e-01,-1.114422e+02
1096.47820,6.800367e-01,-1.734704e+02,2.163229e-01,2.365373e+01,7.994178e-02,-2.699605e+01,7.679693e-01,-1.158163e+02
1202.26443,6.809214e-01,-1.738701e+02,1.940818e-01,1.941641e+01,7.678260e-02,-2.827662e+01,7.899896e-01,-1.200754e+02
1318.25674,6.818012e-01,-1.742318e+02,1.742155e-01,1.524352e+01,7.357191e-02,-2.939799e+01,8.108778e-01,-1.241965e+02
1445.43977,6.826624e-01,-1.745579e+02,1.565394e-01,1.117677e+01,7.035516e-02,-3.034091e+01,8.304123e-01,-1.281602e+02
1584.89319,6.834942e-01,-1.748501e+02,1.408706e-01,7.257476e+00,6.717716e-02,-3.109023e+01,8.484369e-01,-1.319505e+02
1737.80083,6.842896e-01,-1.751096e+02,1.270289e-01,3.525058e+00,6.407979e-02,-3.163580e+01,8.648615e-01,-1.355554e+02
1905.46072,6.850449e-01,-1.753375e+02,1.148390e-01,1.547500e-02,6.110017e-02,-3.197320e+01,8.796563e-01,-1.389665e+02
2089.29613,6.857600e-01,-1.755345e+02,1.041327e-01,-3.240158e+00,5.826932e-02,-3.210414e+01,8.928439e-01,-1.421791e+02
2290.86765,6.864382e-01,-1.757009e+02,9.475101e-02,-6.216778e+00,5.561140e-02,-3.203649e+01,9.044884e-01,-1.451920e+02
2511.88643,6.870856e-01,-1.758372e+02,8.654627e-02,-8.896324e+00,5.314346e-02,-3.178405e+01,9.146843e-01,-1.480067e+02
2754.22870,6.877107e-01,-1.759435e+02,7.938303e-02,-1.126839e+01,5.087565e-02,-3.136598e+01,9.235458e-01,-1.506273e+02
3019.95172,6.883245e-01,-1.760199e+02,7.313860e-02,-1.333053e+01,4.881178e-02,-3.080592e+01,9.311978e-01,-1.530599e+02
3311.31121,6.889398e-01,-1.760664e+02,6.770291e-02,-1.508826e+01,4.695011e-02,-3.013096e+01,9.377683e-01,-1.553119e+02
3630.78055,6.895716e-01,-1.760831e+02,6.297790e-02,-1.655471e+01,4.528426e-02,-2.937040e+01,9.433830e-01,-1.573920e+02
3981.07171,6.902364e-01,-1.760697e+02,5.887657e-02,-1.774993e+01,4.380420e-02,-2.855455e+01,9.481611e-01,-1.593094e+02
4365.15832,6.909530e-01,-1.760261e+02,5.532178e-02,-1.869994e+01,4.249717e-02,-2.771347e+01,9.522132e-01,-1.610740e+02
4786.30092,6.917426e-01,-1.759519e+02,5.224518e-02,-1.943558e+01,4.134856e-02,-2.687601e+01,9.556396e-01,-1.626954e+02
5248.07460,6.926289e-01,-1.758470e+02,4.958600e-02,-1.999113e+01,4.034269e-02,-2.606891e+01,9.585299e-01,-1.641835e+02
5754.39937,6.936387e-01,-1.757109e+02,4.729009e-02,-2.040292e+01,3.946342e-02,-2.531633e+01,9.609634e-01,-1.655477e+02
6309.57344,6.948027e-01,-1.755433e+02,4.530900e-02,-2.070789e+01,3.869465e-02,-2.463948e+01,9.630092e-01,-1.667972e+02
6918.30971,6.961555e-01,-1.753439e+02,4.359933e-02,-2.094237e+01,3.802069e-02,-2.405655e+01,9.647275e-01,-1.679407e+02
7585.77575,6.977368e-01,-1.751127e+02,4.212204e-02,-2.114098e+01,3.742649e-02,-2.358289e+01,9.661698e-01,-1.689866e+02
8317.63771,6.995914e-01,-1.748497e+02,4.084197e-02,-2.133585e+01,3.689776e-02,-2.323116e+01,9.673805e-01,-1.699426e+02
9120.10839,7.017701e-01,-1.745554e+02,3.972743e-02,-2.155602e+01,3.642102e-02,-2.301172e+01,9.683973e-01,-1.708160e+02
10000.00000,7.043300e-01,-1.742306e+02,3.874976e-02,-2.182718e+01,3.598355e-02,-2.293290e+01,9.692525e-01,-1.716135e+02
