! ! 
! S ! 
! ! 
! # MHz  S  MA  R  50.00000
! ! ===================================================================
1.00000,9.188772e-01,-2.407870e+00,6.863870e+00,1.785338e+02,2.683294e-03,8.855503e+01,8.934087e-01,-8.947660e-01
1.09648,9.188513e-01,-2.639979e+00,6.863458e+00,1.783911e+02,2.942000e-03,8.841785e+01,8.933682e-01,-9.810191e-01
1.20226,9.188202e-01,-2.894465e+00,6.862964e+00,1.782347e+02,3.225608e-03,8.826726e+01,8.933195e-01,-1.075578e+00
1.31826,9.187828e-01,-3.173476e+00,6.862369e+00,1.780634e+02,3.536505e-03,8.810200e+01,8.932610e-01,-1.179239e+00
1.44544,9.187378e-01,-3.479368e+00,6.861655e+00,1.778756e+02,3.877299e-03,8.792067e+01,8.931906e-01,-1.292872e+00
1.58489,9.186838e-01,-3.814717e+00,6.860796e+00,1.776700e+02,4.250843e-03,8.772174e+01,8.931061e-01,-1.417430e+00
1.73780,9.186189e-01,-4.182347e+00,6.859764e+00,1.774446e+02,4.660257e-03,8.750355e+01,8.930045e-01,-1.553955e+00
1.90546,9.185410e-01,-4.585343e+00,6.858524e+00,1.771976e+02,5.108947e-03,8.726427e+01,8.928824e-01,-1.703583e+00
2.08930,9.184473e-01,-5.027085e+00,6.857033e+00,1.769269e+02,5.600633e-03,8.700189e+01,8.927357e-01,-1.867559e+00
2.29087,9.183347e-01,-5.511265e+00,6.855243e+00,1.766303e+02,6.139369e-03,8.671423e+01,8.925594e-01,-2.047237e+00
2.51189,9.181996e-01,-6.041919e+00,6.853092e+00,1.763054e+02,6.729573e-03,8.639890e+01,8.923478e-01,-2.244095e+00
2.75423,9.180373e-01,-6.623451e+00,6.850510e+00,1.759494e+02,7.376048e-03,8.605330e+01,8.920936e-01,-2.459741e+00
3.01995,9.178424e-01,-7.260669e+00,6.847408e+00,1.755594e+02,8.084014e-03,8.567459e+01,8.917884e-01,-2.695922e+00
3.31131,9.176085e-01,-7.958810e+00,6.843685e+00,1.751322e+02,8.859124e-03,8.525967e+01,8.914220e-01,-2.954534e+00
3.63078,9.173280e-01,-8.723577e+00,6.839217e+00,1.746643e+02,9.707491e-03,8.480518e+01,8.909824e-01,-3.237630e+00
3.98107,9.169915e-01,-9.561165e+00,6.833856e+00,1.741521e+02,1.063571e-02,8.430749e+01,8.904552e-01,-3.547424e+00
4.36516,9.165882e-01,-1.047830e+01,6.827428e+00,1.735913e+02,1.165085e-02,8.376264e+01,8.898230e-01,-3.886299e+00
4.78630,9.161052e-01,-1.148224e+01,6.819724e+00,1.729777e+02,1.276048e-02,8.316637e+01,8.890656e-01,-4.256809e+00
5.24807,9.155269e-01,-1.258087e+01,6.810495e+00,1.723066e+02,1.397264e-02,8.251411e+01,8.881586e-01,-4.661674e+00
5.75440,9.148353e-01,-1.378261e+01,6.799450e+00,1.715727e+02,1.529584e-02,8.180095e+01,8.870734e-01,-5.103778e+00
6.30957,9.140091e-01,-1.509654e+01,6.786241e+00,1.707708e+02,1.673895e-02,8.102165e+01,8.857763e-01,-5.586150e+00
6.91831,9.130232e-01,-1.653231e+01,6.770462e+00,1.698950e+02,1.831120e-02,8.017066e+01,8.842277e-01,-6.111945e+00
7.58578,9.118486e-01,-1.810015e+01,6.751636e+00,1.689394e+02,2.002197e-02,7.924216e+01,8.823812e-01,-6.684401e+00
8.31764,9.104516e-01,-1.981084e+01,6.729208e+00,1.678977e+02,2.188069e-02,7.823008e+01,8.801832e-01,-7.306792e+00
9.12011,9.087935e-01,-2.167562e+01,6.702538e+00,1.667632e+02,2.389657e-02,7.712815e+01,8.775718e-01,-7.982353e+00
10.00000,9.068306e-01,-2.370607e+01,6.670888e+00,1.655296e+02,2.607827e-02,7.593004e+01,8.744764e-01,-8.714183e+00
10.96478,9.045135e-01,-2.591393e+01,6.633424e+00,1.641900e+02,2.843358e-02,7.462946e+01,8.708173e-01,-9.505124e+00
12.02264,9.017879e-01,-2.831092e+01,6.589205e+00,1.627381e+02,3.096886e-02,7.322031e+01,8.665056e-01,-1.035759e+01
13.18257,8.985949e-01,-3.090841e+01,6.537193e+00,1.611679e+02,3.368850e-02,7.169691e+01,8.614440e-01,-1.127340e+01
14.45440,8.948721e-01,-3.371707e+01,6.476261e+00,1.594740e+02,3.659420e-02,7.005426e+01,8.555282e-01,-1.225350e+01
15.84893,8.905557e-01,-3.674640e+01,6.405209e+00,1.576518e+02,3.968428e-02,6.828833e+01,8.486492e-01,-1.329776e+01
17.37801,8.855833e-01,-4.000418e+01,6.322800e+00,1.556982e+02,4.295278e-02,6.639641e+01,8.406976e-01,-1.440462e+01
19.05461,8.798972e-01,-4.349584e+01,6.227805e+00,1.536118e+02,4.638877e-02,6.437752e+01,8.315683e-01,-1.557084e+01
20.89296,8.734498e-01,-4.722382e+01,6.119066e+00,1.513930e+02,4.997561e-02,6.223276e+01,8.211682e-01,-1.679120e+01
22.90868,8.662086e-01,-5.118681e+01,5.995567e+00,1.490448e+02,5.369050e-02,5.996573e+01,8.094241e-01,-1.805827e+01
25.11886,8.581624e-01,-5.537907e+01,5.856529e+00,1.465729e+02,5.750433e-02,5.758279e+01,7.962923e-01,-1.936233e+01
27.54229,8.493270e-01,-5.978982e+01,5.701499e+00,1.439858e+02,6.138199e-02,5.509332e+01,7.817685e-01,-2.069133e+01
30.19952,8.397500e-01,-6.440284e+01,5.530440e+00,1.412953e+02,6.528321e-02,5.250972e+01,7.658967e-01,-2.203120e+01
33.11311,8.295139e-01,-6.919622e+01,5.343801e+00,1.385156e+02,6.916398e-02,4.984728e+01,7.487759e-01,-2.336630e+01
36.30781,8.187355e-01,-7.414246e+01,5.142563e+00,1.356635e+02,7.297847e-02,4.712378e+01,7.305633e-01,-2.468020e+01
39.81072,8.075631e-01,-7.920901e+01,4.928242e+00,1.327577e+02,7.668133e-02,4.435892e+01,7.114724e-01,-2.595669e+01
43.65158,7.961690e-01,-8.435900e+01,4.702844e+00,1.298178e+02,8.023007e-02,4.157351e+01,6.917665e-01,-2.718098e+01
47.86301,7.847397e-01,-8.955249e+01,4.468781e+00,1.268635e+02,8.358731e-02,3.878855e+01,6.717462e-01,-2.834096e+01
52.48075,7.734640e-01,-9.474786e+01,4.228743e+00,1.239136e+02,8.672258e-02,3.602436e+01,6.517336e-01,-2.942851e+01
57.54399,7.625209e-01,-9.990336e+01,3.985558e+00,1.209852e+02,8.961352e-02,3.329960e+01,6.320540e-01,-3.044056e+01
63.09573,7.520688e-01,-1.049787e+02,3.742038e+00,1.180931e+02,9.224623e-02,3.063066e+01,6.130188e-01,-3.137983e+01
69.18310,7.422372e-01,-1.099366e+02,3.500842e+00,1.152489e+02,9.461504e-02,2.803100e+01,5.949089e-01,-3.225519e+01
75.85776,7.331219e-01,-1.147437e+02,3.264369e+00,1.124607e+02,9.672158e-02,2.551094e+01,5.779639e-01,-3.308157e+01
83.17638,7.247843e-01,-1.193718e+02,3.034674e+00,1.097333e+02,9.857346e-02,2.307752e+01,5.623746e-01,-3.387942e+01
91.20108,7.172526e-01,-1.237983e+02,2.813435e+00,1.070683e+02,1.001828e-01,2.073459e+01,5.482818e-01,-3.467372e+01
100.00000,7.105262e-01,-1.280059e+02,2.601935e+00,1.044638e+02,1.015647e-01,1.848310e+01,5.357783e-01,-3.549283e+01
109.64782,7.045815e-01,-1.319833e+02,2.401083e+00,1.019152e+02,1.027356e-01,1.632138e+01,5.249154e-01,-3.636716e+01
120.22644,6.993773e-01,-1.357238e+02,2.211447e+00,9.941558e+01,1.037126e-01,1.424555e+01,5.157111e-01,-3.732776e+01
131.82567,6.948610e-01,-1.392256e+02,2.033299e+00,9.695566e+01,1.045118e-01,1.224994e+01,5.081595e-01,-3.840520e+01
144.54398,6.909735e-01,-1.424904e+02,1.866664e+00,9.452458e+01,1.051480e-01,1.032743e+01,5.022407e-01,-3.962840e+01
158.48932,6.876532e-01,-1.455233e+02,1.711369e+00,9.211007e+01,1.056340e-01,8.469839e+00,4.979293e-01,-4.102384e+01
173.78008,6.848394e-01,-1.483316e+02,1.567091e+00,8.969875e+01,1.059801e-01,6.668231e+00,4.952021e-01,-4.261494e+01
190.54607,6.824745e-01,-1.509245e+02,1.433398e+00,8.727641e+01,1.061941e-01,4.913202e+00,4.940442e-01,-4.442150e+01
208.92961,6.805052e-01,-1.533125e+02,1.309777e+00,8.482826e+01,1.062812e-01,3.195136e+00,4.944526e-01,-4.645944e+01
229.08677,6.788839e-01,-1.555067e+02,1.195674e+00,8.233915e+01,1.062435e-01,1.504433e+00,4.964388e-01,-4.874048e+01
251.18864,6.775686e-01,-1.575187e+02,1.090505e+00,7.979379e+01,1.060806e-01,-1.682628e-01,5.000286e-01,-5.127197e+01
275.42287,6.765230e-01,-1.593603e+02,9.936841e-01,7.717698e+01,1.057891e-01,-1.831841e+00,5.052605e-01,-5.405669e+01
301.99517,6.757162e-01,-1.610431e+02,9.046306e-01,7.447387e+01,1.053630e-01,-3.494488e+00,5.121817e-01,-5.709280e+01
331.13112,6.751226e-01,-1.625785e+02,8.227827e-01,7.167026e+01,1.047941e-01,-5.163427e+00,5.208423e-01,-6.037380e+01
363.07805,6.747209e-01,-1.639775e+02,7.476038e-01,6.875297e+01,1.040718e-01,-6.844629e+00,5.312877e-01,-6.388857e+01
398.10717,6.744936e-01,-1.652506e+02,6.785881e-01,6.571023e+01,1.031838e-01,-8.542486e+00,5.435498e-01,-6.762168e+01
436.51583,6.744263e-01,-1.664079e+02,6.152642e-01,6.253217e+01,1.021169e-01,-1.025946e+01,5.576365e-01,-7.155363e+01
478.63009,6.745070e-01,-1.674591e+02,5.571970e-01,5.921139e+01,1.008575e-01,-1.199571e+01,5.735212e-01,-7.566146e+01
524.80746,6.747249e-01,-1.684133e+02,5.039881e-01,5.574351e+01,9.939249e-02,-1.374871e+01,5.911337e-01,-7.991926e+01
575.43994,6.750700e-01,-1.692790e+02,4.552762e-01,5.212787e+01,9.771095e-02,-1.551290e+01,6.103515e-01,-8.429884e+01
630.95734,6.755319e-01,-1.700644e+02,4.107351e-01,4.836804e+01,9.580517e-02,-1.727943e+01,6.309952e-01,-8.877034e+01
691.83097,6.760995e-01,-1.707770e+02,3.700711e-01,4.447248e+01,9.367221e-02,-1.903600e+01,6.528283e-01,-9.330291e+01
758.57758,6.767602e-01,-1.714238e+02,3.330198e-01,4.045487e+01,9.131532e-02,-2.076691e+01,6.755609e-01,-9.786520e+01
831.76377,6.774995e-01,-1.720112e+02,2.993417e-01,3.633439e+01,8.874497e-02,-2.245330e+01,6.988605e-01,-1.024259e+02
912.01084,6.783017e-01,-1.725448e+02,2.688171e-01,3.213568e+01,8.597962e-02,-2.407368e+01,7.223664e-01,-1.069544e+02
1000.00000,6.791496e-01,-1.730297e+02,2.412410e-01,2.788859e+01,8.304570e-02,-2.560473e+01,7.457086e-01,-1.114211e+02
1096.47820,6.800254e-01,-1.734702e+02,2.164182e-01,2.362749e+01,7.997701e-02,-2.702228e+01,7.685282e-01,-1.157981e+02
1202.26443,6.809119e-01,-1.738698e+02,1.941594e-01,1.939047e+01,7.681332e-02,-2.830257e+01,7.904972e-01,-1.200598e+02
1318.25674,6.817932e-01,-1.742316e+02,1.742783e-01,1.521807e+01,7.359842e-02,-2.942344e+01,8.113350e-01,-1.241833e+02
1445.43977,6.826557e-01,-1.745576e+02,1.565899e-01,1.115199e+01,7.037784e-02,-3.036569e+01,8.308209e-01,-1.281491e+02
1584.89319,6.834887e-01,-1.748498e+02,1.409110e-01,7.233531e+00,6.719641e-02,-3.111417e+01,8.487994e-01,-1.319412e+02
1737.80083,6.842851e-01,-1.751094e+02,1.270611e-01,3.502079e+00,6.409602e-02,-3.165877e+01,8.651806e-01,-1.355477e+02
1905.46072,6.850412e-01,-1.753373e+02,1.148646e-01,-6.437516e-03,6.111378e-02,-3.199511e+01,8.799353e-01,-1.389601e+02
2089.29613,6.857570e-01,-1.755343e+02,1.041530e-01,-3.260931e+00,5.828069e-02,-3.212491e+01,8.930863e-01,-1.421739e+02
2290.86765,6.864357e-01,-1.757007e+02,9.476715e-02,-6.236368e+00,5.562088e-02,-3.205608e+01,9.046978e-01,-1.451877e+02
2511.88643,6.870834e-01,-1.758370e+02,8.655912e-02,-8.914711e+00,5.315135e-02,-3.180244e+01,9.148642e-01,-1.480031e+02
2754.22870,6.877088e-01,-1.759433e+02,7.939329e-02,-1.128557e+01,5.088223e-02,-3.138316e+01,9.236997e-01,-1.506244e+02
3019.95172,6.883229e-01,-1.760197e+02,7.314682e-02,-1.334653e+01,4.881727e-02,-3.082192e+01,9.313288e-01,-1.530574e+02
3311.31121,6.889385e-01,-1.760663e+02,6.770954e-02,-1.510312e+01,4.695471e-02,-3.014582e+01,9.378795e-01,-1.553098e+02
3630.78055,6.895704e-01,-1.760830e+02,6.298329e-02,-1.656847e+01,4.528813e-02,-2.938416e+01,9.434770e-01,-1.573903e+02
3981.07171,6.902353e-01,-1.760696e+02,5.888097e-02,-1.776263e+01,4.380748e-02,-2.856726e+01,9.482405e-01,-1.593080e+02
4365.15832,6.909520e-01,-1.760260e+02,5.532542e-02,-1.871165e+01,4.249996e-02,-2.772519e+01,9.522800e-01,-1.610728e+02
4786.30092,6.917417e-01,-1.759518e+02,5.224821e-02,-1.944636e+01,4.135096e-02,-2.688679e+01,9.556956e-01,-1.626944e+02
5248.07460,6.926280e-01,-1.758469e+02,4.958856e-02,-2.000104e+01,4.034477e-02,-2.607882e+01,9.585769e-01,-1.641826e+02
5754.39937,6.936379e-01,-1.757108e+02,4.729226e-02,-2.041202e+01,3.946523e-02,-2.532543e+01,9.610027e-01,-1.655469e+02
6309.57344,6.948019e-01,-1.755432e+02,4.531088e-02,-2.071623e+01,3.869625e-02,-2.464782e+01,9.630421e-01,-1.667965e+02
6918.30971,6.961548e-01,-1.753439e+02,4.360096e-02,-2.095001e+01,3.802211e-02,-2.406420e+01,9.647549e-01,-1.679402e+02
7585.77575,6.977361e-01,-1.751127e+02,4.212348e-02,-2.114798e+01,3.742777e-02,-2.358989e+01,9.661926e-01,-1.689861e+02
8317.63771,6.995908e-01,-1.748497e+02,4.084325e-02,-2.134226e+01,3.689892e-02,-2.323757e+01,9.673995e-01,-1.699422e+02
9120.10839,7.017695e-01,-1.745553e+02,3.972858e-02,-2.156188e+01,3.642208e-02,-2.301758e+01,9.684131e-01,-1.708156e+02
10000.00000,7.043294e-01,-1.742305e+02,3.875082e-02,-2.183255e+01,3.598453e-02,-2.293827e+01,9.692656e-01,-1.716132e+02
