! ! 
! S ! 
! ! 
! # MHz  S  MA  R  50.00000
! ! ===================================================================
1.00000,9.178105e-01,-2.448508e+00,7.136161e+00,1.785106e+02,2.731114e-03,8.853100e+01,9.343443e-01,-9.029396e-01
1.09648,9.177838e-01,-2.684530e+00,7.135719e+00,1.783656e+02,2.994425e-03,8.839158e+01,9.343005e-01,-9.899780e-01
1.20226,9.177518e-01,-2.943305e+00,7.135188e+00,1.782067e+02,3.283079e-03,8.823853e+01,9.342479e-01,-1.085397e+00
1.31826,9.177132e-01,-3.227018e+00,7.134549e+00,1.780327e+02,3.599505e-03,8.807056e+01,9.341846e-01,-1.190000e+00
1.44544,9.176669e-01,-3.538063e+00,7.133781e+00,1.778420e+02,3.946356e-03,8.788626e+01,9.341085e-01,-1.304665e+00
1.58489,9.176113e-01,-3.879060e+00,7.132858e+00,1.776331e+02,4.326535e-03,8.768407e+01,9.340171e-01,-1.430352e+00
1.73780,9.175444e-01,-4.252877e+00,7.131750e+00,1.774041e+02,4.743216e-03,8.746230e+01,9.339072e-01,-1.568113e+00
1.90546,9.174640e-01,-4.662654e+00,7.130417e+00,1.771532e+02,5.199862e-03,8.721910e+01,9.337752e-01,-1.719093e+00
2.08930,9.173675e-01,-5.111823e+00,7.128816e+00,1.768783e+02,5.700256e-03,8.695242e+01,9.336165e-01,-1.884546e+00
2.29087,9.172515e-01,-5.604137e+00,7.126893e+00,1.765770e+02,6.248521e-03,8.666005e+01,9.334260e-01,-2.065838e+00
2.51189,9.171122e-01,-6.143697e+00,7.124582e+00,1.762470e+02,6.849146e-03,8.633956e+01,9.331971e-01,-2.264458e+00
2.75423,9.169450e-01,-6.734979e+00,7.121808e+00,1.758854e+02,7.507014e-03,8.598832e+01,9.329223e-01,-2.482026e+00
3.01995,9.167442e-01,-7.382866e+00,7.118476e+00,1.754892e+02,8.227426e-03,8.560342e+01,9.325923e-01,-2.720300e+00
3.31131,9.165032e-01,-8.092678e+00,7.114477e+00,1.750553e+02,9.016123e-03,8.518175e+01,9.321963e-01,-2.981191e+00
3.63078,9.162142e-01,-8.870203e+00,7.109677e+00,1.745802e+02,9.879311e-03,8.471988e+01,9.317211e-01,-3.266761e+00
3.98107,9.158676e-01,-9.721732e+00,7.103920e+00,1.740600e+02,1.082367e-02,8.421412e+01,9.311511e-01,-3.579237e+00
4.36516,9.154522e-01,-1.065408e+01,7.097016e+00,1.734905e+02,1.185638e-02,8.366047e+01,9.304679e-01,-3.921014e+00
4.78630,9.149547e-01,-1.167464e+01,7.088743e+00,1.728675e+02,1.298511e-02,8.305461e+01,9.296493e-01,-4.294652e+00
5.24807,9.143592e-01,-1.279136e+01,7.078835e+00,1.721859e+02,1.421798e-02,8.239192e+01,9.286693e-01,-4.702880e+00
5.75440,9.136472e-01,-1.401281e+01,7.066977e+00,1.714409e+02,1.556357e-02,8.166741e+01,9.274968e-01,-5.148582e+00
6.30957,9.127967e-01,-1.534815e+01,7.052799e+00,1.706268e+02,1.703087e-02,8.087580e+01,9.260957e-01,-5.634784e+00
6.91831,9.117822e-01,-1.680714e+01,7.035867e+00,1.697379e+02,1.862912e-02,8.001149e+01,9.244232e-01,-6.164625e+00
7.58578,9.105737e-01,-1.840014e+01,7.015669e+00,1.687681e+02,2.036776e-02,7.906861e+01,9.224296e-01,-6.741324e+00
8.31764,9.091369e-01,-2.013801e+01,6.991615e+00,1.677111e+02,2.225619e-02,7.804103e+01,9.200572e-01,-7.368114e+00
9.12011,9.074324e-01,-2.203204e+01,6.963019e+00,1.665603e+02,2.430357e-02,7.692250e+01,9.172398e-01,-8.048175e+00
10.00000,9.054155e-01,-2.409388e+01,6.929100e+00,1.653091e+02,2.651846e-02,7.570667e+01,9.139016e-01,-8.784525e+00
10.96478,9.030361e-01,-2.633527e+01,6.888968e+00,1.639510e+02,2.890842e-02,7.438727e+01,9.099575e-01,-9.579894e+00
12.02264,9.002391e-01,-2.876791e+01,6.841628e+00,1.624795e+02,3.147952e-02,7.295825e+01,9.053130e-01,-1.043655e+01
13.18257,8.969651e-01,-3.140306e+01,6.785983e+00,1.608888e+02,3.423573e-02,7.141405e+01,8.998645e-01,-1.135612e+01
14.45440,8.931515e-01,-3.425123e+01,6.720845e+00,1.591737e+02,3.717821e-02,6.974982e+01,8.935020e-01,-1.233932e+01
15.84893,8.887346e-01,-3.732163e+01,6.644957e+00,1.573297e+02,4.030455e-02,6.796172e+01,8.861107e-01,-1.338571e+01
17.37801,8.836527e-01,-4.062168e+01,6.557031e+00,1.553542e+02,4.360798e-02,6.604734e+01,8.775766e-01,-1.449339e+01
19.05461,8.778499e-01,-4.415633e+01,6.455797e+00,1.532458e+02,4.707656e-02,6.400604e+01,8.677913e-01,-1.565869e+01
20.89296,8.712809e-01,-4.792737e+01,6.340070e+00,1.510055e+02,5.069256e-02,6.183935e+01,8.566600e-01,-1.687594e+01
22.90868,8.639166e-01,-5.193276e+01,6.208832e+00,1.486369e+02,5.443202e-02,5.955132e+01,8.441109e-01,-1.813722e+01
25.11886,8.557504e-01,-5.616587e+01,6.061326e+00,1.461461e+02,5.826470e-02,5.714887e+01,8.301045e-01,-1.943227e+01
27.54229,8.468035e-01,-6.061498e+01,5.897152e+00,1.435423e+02,6.215443e-02,5.464191e+01,8.146445e-01,-2.074855e+01
30.19952,8.371294e-01,-6.526281e+01,5.716356e+00,1.408375e+02,6.606012e-02,5.204338e+01,7.977862e-01,-2.207156e+01
33.11311,8.268166e-01,-7.008643e+01,5.519502e+00,1.380468e+02,6.993722e-02,4.936904e+01,7.796436e-01,-2.338535e+01
36.30781,8.159876e-01,-7.505737e+01,5.307711e+00,1.351872e+02,7.373975e-02,4.663709e+01,7.603913e-01,-2.467331e+01
39.81072,8.047952e-01,-8.014221e+01,5.082654e+00,1.322776e+02,7.742266e-02,4.386747e+01,7.402619e-01,-2.591927e+01
43.65158,7.934146e-01,-8.530342e+01,4.846500e+00,1.293378e+02,8.094415e-02,4.108111e+01,7.195380e-01,-2.710866e+01
47.86301,7.820331e-01,-9.050063e+01,4.601818e+00,1.263875e+02,8.426793e-02,3.829896e+01,6.985382e-01,-2.822988e+01
52.48075,7.708381e-01,-9.569205e+01,4.351444e+00,1.234452e+02,8.736489e-02,3.554109e+01,6.776003e-01,-2.927549e+01
57.54399,7.600050e-01,-1.008361e+02,4.098323e+00,1.205279e+02,9.021413e-02,3.282584e+01,6.570619e-01,-3.024323e+01
63.09573,7.496871e-01,-1.058929e+02,3.845362e+00,1.176495e+02,9.280327e-02,3.016909e+01,6.372420e-01,-3.113677e+01
69.18310,7.400077e-01,-1.108258e+02,3.595285e+00,1.148213e+02,9.512802e-02,2.758378e+01,6.184257e-01,-3.196592e+01
75.85776,7.310562e-01,-1.156023e+02,3.350526e+00,1.120509e+02,9.719120e-02,2.507963e+01,6.008520e-01,-3.274651e+01
83.17638,7.228875e-01,-1.201953e+02,3.113154e+00,1.093425e+02,9.900135e-02,2.266311e+01,5.847085e-01,-3.349970e+01
91.20108,7.155242e-01,-1.245830e+02,2.884840e+00,1.066971e+02,1.005713e-01,2.033755e+01,5.701294e-01,-3.425108e+01
100.00000,7.089613e-01,-1.287493e+02,2.666847e+00,1.041124e+02,1.019164e-01,1.810340e+01,5.571996e-01,-3.502935e+01
109.64782,7.031715e-01,-1.326838e+02,2.460053e+00,1.015835e+02,1.030536e-01,1.595857e+01,5.459612e-01,-3.586509e+01
120.22644,6.981113e-01,-1.363807e+02,2.264989e+00,9.910288e+01,1.039996e-01,1.389885e+01,5.364222e-01,-3.678938e+01
131.82567,6.937268e-01,-1.398389e+02,2.081889e+00,9.666122e+01,1.047705e-01,1.191827e+01,5.285672e-01,-3.783264e+01
144.54398,6.899583e-01,-1.430609e+02,1.910738e+00,9.424742e+01,1.053809e-01,1.000952e+01,5.223667e-01,-3.902364e+01
158.48932,6.867444e-01,-1.460520e+02,1.751325e+00,9.184908e+01,1.058430e-01,8.164250e+00,5.177863e-01,-4.038872e+01
173.78008,6.840250e-01,-1.488201e+02,1.603291e+00,8.945273e+01,1.061671e-01,6.373437e+00,5.147945e-01,-4.195118e+01
190.54607,6.817433e-01,-1.513747e+02,1.466168e+00,8.704415e+01,1.063603e-01,4.627617e+00,5.133685e-01,-4.373088e+01
208.92961,6.798474e-01,-1.537262e+02,1.339414e+00,8.460855e+01,1.064273e-01,2.917155e+00,5.134982e-01,-4.574395e+01
229.08677,6.782907e-01,-1.558861e+02,1.222445e+00,8.213081e+01,1.063699e-01,1.232475e+00,5.151886e-01,-4.800246e+01
251.18864,6.770324e-01,-1.578659e+02,1.114653e+00,7.959573e+01,1.061871e-01,-4.357265e-01,5.184596e-01,-5.051434e+01
275.42287,6.760374e-01,-1.596775e+02,1.015427e+00,7.698820e+01,1.058752e-01,-2.096250e+00,5.233444e-01,-5.328307e+01
301.99517,6.752761e-01,-1.613323e+02,9.241667e-01,7.429352e+01,1.054278e-01,-3.757157e+00,5.298857e-01,-5.630763e+01
331.13112,6.747237e-01,-1.628417e+02,8.402924e-01,7.149765e+01,1.048362e-01,-5.425506e+00,5.381300e-01,-5.958236e+01
363.07805,6.743597e-01,-1.642167e+02,7.632511e-01,6.858761e+01,1.040896e-01,-7.107063e+00,5.481198e-01,-6.309696e+01
398.10717,6.741676e-01,-1.654677e+02,6.925233e-01,6.555186e+01,1.031755e-01,-8.805965e+00,5.598851e-01,-6.683666e+01
436.51583,6.741336e-01,-1.666047e+02,6.276254e-01,6.238080e+01,1.020804e-01,-1.052437e+01,5.734325e-01,-7.078241e+01
478.63009,6.742459e-01,-1.676373e+02,5.681121e-01,5.906731e+01,1.007907e-01,-1.226208e+01,5.887356e-01,-7.491137e+01
524.80746,6.744943e-01,-1.685745e+02,5.135767e-01,5.560734e+01,9.929354e-02,-1.401616e+01,6.057247e-01,-7.919740e+01
575.43994,6.748688e-01,-1.694249e+02,4.636508e-01,5.200052e+01,9.757824e-02,-1.578060e+01,6.242787e-01,-8.361172e+01
630.95734,6.753591e-01,-1.701963e+02,4.180022e-01,4.825078e+01,9.563765e-02,-1.754606e+01,6.442209e-01,-8.812357e+01
691.83097,6.759538e-01,-1.708964e+02,3.763325e-01,4.436681e+01,9.346958e-02,-1.929978e+01,6.653179e-01,-9.270087e+01
758.57758,6.766400e-01,-1.715320e+02,3.383733e-01,4.036253e+01,9.107819e-02,-2.102555e+01,6.872844e-01,-9.731091e+01
831.76377,6.774031e-01,-1.721093e+02,3.038811e-01,3.625722e+01,8.847502e-02,-2.270412e+01,7.097937e-01,-1.019210e+02
912.01084,6.782268e-01,-1.726341e+02,2.726323e-01,3.207555e+01,8.567964e-02,-2.431367e+01,7.324922e-01,-1.064989e+02
1000.00000,6.790937e-01,-1.731111e+02,2.444179e-01,2.784719e+01,8.271958e-02,-2.583066e+01,7.550184e-01,-1.110140e+02
1096.47820,6.799858e-01,-1.735446e+02,2.190381e-01,2.360624e+01,7.962959e-02,-2.723087e+01,7.770231e-01,-1.154372e+02
1202.26443,6.808858e-01,-1.739381e+02,1.962982e-01,1.939035e+01,7.645016e-02,-2.849064e+01,7.981887e-01,-1.197420e+02
1318.25674,6.817778e-01,-1.742943e+02,1.760062e-01,1.523953e+01,7.322554e-02,-2.958808e+01,8.182451e-01,-1.239051e+02
1445.43977,6.826482e-01,-1.746155e+02,1.579709e-01,1.119488e+01,7.000137e-02,-3.050444e+01,8.369813e-01,-1.279067e+02
1584.89319,6.834868e-01,-1.749033e+02,1.420023e-01,7.297126e+00,6.682225e-02,-3.122512e+01,8.542507e-01,-1.317306e+02
1737.80083,6.842865e-01,-1.751590e+02,1.279132e-01,3.585084e+00,6.372960e-02,-3.174068e+01,8.699702e-01,-1.353650e+02
1905.46072,6.850443e-01,-1.753834e+02,1.155215e-01,9.423251e-02,6.075985e-02,-3.204747e+01,8.841155e-01,-1.388018e+02
2089.29613,6.857604e-01,-1.755771e+02,1.046523e-01,-3.144677e+00,5.794313e-02,-3.214797e+01,8.967122e-01,-1.420365e+02
2290.86765,6.864382e-01,-1.757407e+02,9.514065e-02,-6.106808e+00,5.530268e-02,-3.205083e+01,9.078252e-01,-1.450683e+02
2511.88643,6.870843e-01,-1.758743e+02,8.683325e-02,-8.774196e+00,5.285459e-02,-3.177054e+01,9.175480e-01,-1.478992e+02
2754.22870,6.877074e-01,-1.759782e+02,7.958980e-02,-1.113641e+01,5.060812e-02,-3.132686e+01,9.259923e-01,-1.505336e+02
3019.95172,6.883187e-01,-1.760525e+02,7.328338e-02,-1.319092e+01,4.856627e-02,-3.074392e+01,9.332795e-01,-1.529779e+02
3311.31121,6.889311e-01,-1.760972e+02,6.780032e-02,-1.494305e+01,4.672663e-02,-3.004914e+01,9.395334e-01,-1.552399e+02
3630.78055,6.895595e-01,-1.761121e+02,6.303955e-02,-1.640575e+01,4.508225e-02,-2.927199e+01,9.448750e-01,-1.573285e+02
3981.07171,6.902205e-01,-1.760972e+02,5.891155e-02,-1.759883e+01,4.362267e-02,-2.844278e+01,9.494189e-01,-1.592533e+02
4365.15832,6.909330e-01,-1.760523e+02,5.533716e-02,-1.854812e+01,4.233484e-02,-2.759148e+01,9.532711e-01,-1.610241e+02
4786.30092,6.917180e-01,-1.759770e+02,5.224639e-02,-1.928425e+01,4.120395e-02,-2.674669e+01,9.565274e-01,-1.626510e+02
5248.07460,6.925992e-01,-1.758711e+02,4.957717e-02,-1.984129e+01,4.021421e-02,-2.593484e+01,9.592737e-01,-1.641438e+02
5754.39937,6.936032e-01,-1.757342e+02,4.727432e-02,-2.025537e+01,3.934947e-02,-2.517971e+01,9.615856e-01,-1.655121e+02
6309.57344,6.947606e-01,-1.755660e+02,4.528861e-02,-2.056327e+01,3.859368e-02,-2.450212e+01,9.635289e-01,-1.667653e+02
6918.30971,6.961059e-01,-1.753662e+02,4.357603e-02,-2.080112e+01,3.793122e-02,-2.391987e+01,9.651609e-01,-1.679120e+02
7585.77575,6.976785e-01,-1.751346e+02,4.209708e-02,-2.100340e+01,3.734718e-02,-2.344795e+01,9.665308e-01,-1.689607e+02
8317.63771,6.995231e-01,-1.748713e+02,4.081627e-02,-2.120207e+01,3.682738e-02,-2.309868e+01,9.676808e-01,-1.699192e+02
9120.10839,7.016903e-01,-1.745768e+02,3.970166e-02,-2.142605e+01,3.635850e-02,-2.288213e+01,9.686468e-01,-1.707948e+02
10000.00000,7.042369e-01,-1.742518e+02,3.872443e-02,-2.170091e+01,3.592796e-02,-2.280641e+01,9.694594e-01,-1.715944e+02
