! ! 
! S ! 
! ! 
! # MHz  S  MA  R  50.00000
! ! ===================================================================
1.00000,9.188773e-01,-2.407838e+00,6.863535e+00,1.785338e+02,2.683166e-03,8.855505e+01,8.933193e-01,-8.947694e-01
1.09648,9.188515e-01,-2.639944e+00,6.863123e+00,1.783911e+02,2.941859e-03,8.841787e+01,8.932788e-01,-9.810228e-01
1.20226,9.188204e-01,-2.894426e+00,6.862629e+00,1.782347e+02,3.225455e-03,8.826729e+01,8.932301e-01,-1.075582e+00
1.31826,9.187830e-01,-3.173434e+00,6.862034e+00,1.780634e+02,3.536337e-03,8.810203e+01,8.931716e-01,-1.179243e+00
1.44544,9.187380e-01,-3.479322e+00,6.861320e+00,1.778757e+02,3.877114e-03,8.792070e+01,8.931012e-01,-1.292877e+00
1.58489,9.186840e-01,-3.814667e+00,6.860461e+00,1.776700e+02,4.250641e-03,8.772178e+01,8.930167e-01,-1.417435e+00
1.73780,9.186191e-01,-4.182291e+00,6.859429e+00,1.774446e+02,4.660035e-03,8.750359e+01,8.929151e-01,-1.553960e+00
1.90546,9.185411e-01,-4.585283e+00,6.858189e+00,1.771976e+02,5.108704e-03,8.726431e+01,8.927930e-01,-1.703590e+00
2.08930,9.184475e-01,-5.027019e+00,6.856699e+00,1.769270e+02,5.600367e-03,8.700193e+01,8.926463e-01,-1.867566e+00
2.29087,9.183349e-01,-5.511193e+00,6.854909e+00,1.766304e+02,6.139077e-03,8.671428e+01,8.924701e-01,-2.047245e+00
2.51189,9.181998e-01,-6.041839e+00,6.852758e+00,1.763054e+02,6.729253e-03,8.639895e+01,8.922585e-01,-2.244104e+00
2.75423,9.180375e-01,-6.623364e+00,6.850175e+00,1.759494e+02,7.375698e-03,8.605336e+01,8.920043e-01,-2.459750e+00
3.01995,9.178426e-01,-7.260573e+00,6.847074e+00,1.755594e+02,8.083629e-03,8.567465e+01,8.916992e-01,-2.695933e+00
3.31131,9.176088e-01,-7.958705e+00,6.843351e+00,1.751322e+02,8.858702e-03,8.525974e+01,8.913329e-01,-2.954546e+00
3.63078,9.173282e-01,-8.723462e+00,6.838883e+00,1.746644e+02,9.707030e-03,8.480526e+01,8.908933e-01,-3.237643e+00
3.98107,9.169918e-01,-9.561039e+00,6.833523e+00,1.741522e+02,1.063520e-02,8.430757e+01,8.903661e-01,-3.547438e+00
4.36516,9.165885e-01,-1.047816e+01,6.827096e+00,1.735914e+02,1.165029e-02,8.376273e+01,8.897341e-01,-3.886315e+00
4.78630,9.161054e-01,-1.148209e+01,6.819392e+00,1.729778e+02,1.275987e-02,8.316648e+01,8.889767e-01,-4.256826e+00
5.24807,9.155272e-01,-1.258070e+01,6.810164e+00,1.723067e+02,1.397198e-02,8.251423e+01,8.880699e-01,-4.661693e+00
5.75440,9.148356e-01,-1.378243e+01,6.799120e+00,1.715728e+02,1.529511e-02,8.180107e+01,8.869848e-01,-5.103799e+00
6.30957,9.140095e-01,-1.509634e+01,6.785912e+00,1.707709e+02,1.673816e-02,8.102178e+01,8.856879e-01,-5.586174e+00
6.91831,9.130236e-01,-1.653209e+01,6.770134e+00,1.698952e+02,1.831033e-02,8.017081e+01,8.841394e-01,-6.111971e+00
7.58578,9.118490e-01,-1.809991e+01,6.751309e+00,1.689396e+02,2.002103e-02,7.924232e+01,8.822931e-01,-6.684431e+00
8.31764,9.104520e-01,-1.981059e+01,6.728883e+00,1.678978e+02,2.187966e-02,7.823025e+01,8.800954e-01,-7.306825e+00
9.12011,9.087940e-01,-2.167534e+01,6.702215e+00,1.667634e+02,2.389544e-02,7.712834e+01,8.774843e-01,-7.982390e+00
10.00000,9.068311e-01,-2.370576e+01,6.670568e+00,1.655298e+02,2.607705e-02,7.593025e+01,8.743894e-01,-8.714226e+00
10.96478,9.045141e-01,-2.591360e+01,6.633106e+00,1.641902e+02,2.843225e-02,7.462968e+01,8.707307e-01,-9.505173e+00
12.02264,9.017886e-01,-2.831056e+01,6.588890e+00,1.627384e+02,3.096742e-02,7.322055e+01,8.664195e-01,-1.035765e+01
13.18257,8.985957e-01,-3.090802e+01,6.536883e+00,1.611682e+02,3.368694e-02,7.169717e+01,8.613585e-01,-1.127346e+01
14.45440,8.948730e-01,-3.371666e+01,6.475955e+00,1.594742e+02,3.659252e-02,7.005454e+01,8.554434e-01,-1.225358e+01
15.84893,8.905568e-01,-3.674595e+01,6.404908e+00,1.576521e+02,3.968246e-02,6.828863e+01,8.485653e-01,-1.329784e+01
17.37801,8.855844e-01,-4.000369e+01,6.322505e+00,1.556986e+02,4.295083e-02,6.639674e+01,8.406145e-01,-1.440472e+01
19.05461,8.798985e-01,-4.349532e+01,6.227517e+00,1.536121e+02,4.638668e-02,6.437787e+01,8.314864e-01,-1.557095e+01
20.89296,8.734512e-01,-4.722327e+01,6.118785e+00,1.513934e+02,4.997338e-02,6.223313e+01,8.210875e-01,-1.679133e+01
22.90868,8.662102e-01,-5.118623e+01,5.995294e+00,1.490452e+02,5.368813e-02,5.996612e+01,8.093447e-01,-1.805843e+01
25.11886,8.581641e-01,-5.537845e+01,5.856266e+00,1.465733e+02,5.750182e-02,5.758320e+01,7.962144e-01,-1.936252e+01
27.54229,8.493289e-01,-5.978918e+01,5.701246e+00,1.439862e+02,6.137934e-02,5.509375e+01,7.816922e-01,-2.069155e+01
30.19952,8.397521e-01,-6.440217e+01,5.530197e+00,1.412957e+02,6.528042e-02,5.251017e+01,7.658221e-01,-2.203145e+01
33.11311,8.295161e-01,-6.919552e+01,5.343570e+00,1.385160e+02,6.916107e-02,4.984774e+01,7.487031e-01,-2.336660e+01
36.30781,8.187379e-01,-7.414175e+01,5.142344e+00,1.356640e+02,7.297545e-02,4.712426e+01,7.304924e-01,-2.468055e+01
39.81072,8.075655e-01,-7.920828e+01,4.928035e+00,1.327582e+02,7.667821e-02,4.435941e+01,7.114035e-01,-2.595709e+01
43.65158,7.961715e-01,-8.435827e+01,4.702650e+00,1.298183e+02,8.022686e-02,4.157400e+01,6.916996e-01,-2.718144e+01
47.86301,7.847423e-01,-8.955176e+01,4.468599e+00,1.268639e+02,8.358402e-02,3.878905e+01,6.716813e-01,-2.834148e+01
52.48075,7.734666e-01,-9.474713e+01,4.228574e+00,1.239141e+02,8.671922e-02,3.602485e+01,6.516705e-01,-2.942910e+01
57.54399,7.625236e-01,-9.990264e+01,3.985402e+00,1.209857e+02,8.961010e-02,3.330009e+01,6.319929e-01,-3.044122e+01
63.09573,7.520714e-01,-1.049780e+02,3.741893e+00,1.180936e+02,9.224277e-02,3.063114e+01,6.129594e-01,-3.138055e+01
69.18310,7.422397e-01,-1.099359e+02,3.500709e+00,1.152493e+02,9.461154e-02,2.803148e+01,5.948511e-01,-3.225598e+01
75.85776,7.331244e-01,-1.147430e+02,3.264246e+00,1.124611e+02,9.671805e-02,2.551142e+01,5.779076e-01,-3.308244e+01
83.17638,7.247867e-01,-1.193712e+02,3.034561e+00,1.097338e+02,9.856991e-02,2.307799e+01,5.623198e-01,-3.388036e+01
91.20108,7.172549e-01,-1.237977e+02,2.813332e+00,1.070688e+02,1.001792e-01,2.073507e+01,5.482282e-01,-3.467473e+01
100.00000,7.105285e-01,-1.280054e+02,2.601840e+00,1.044643e+02,1.015611e-01,1.848357e+01,5.357259e-01,-3.549391e+01
109.64782,7.045837e-01,-1.319827e+02,2.400997e+00,1.019157e+02,1.027321e-01,1.632185e+01,5.248640e-01,-3.636830e+01
120.22644,6.993794e-01,-1.357233e+02,2.211369e+00,9.941605e+01,1.037090e-01,1.424602e+01,5.156607e-01,-3.732897e+01
131.82567,6.948630e-01,-1.392251e+02,2.033227e+00,9.695613e+01,1.045083e-01,1.225041e+01,5.081100e-01,-3.840647e+01
144.54398,6.909754e-01,-1.424900e+02,1.866598e+00,9.452505e+01,1.051445e-01,1.032791e+01,5.021920e-01,-3.962972e+01
158.48932,6.876551e-01,-1.455229e+02,1.711309e+00,9.211055e+01,1.056304e-01,8.470323e+00,4.978813e-01,-4.102523e+01
173.78008,6.848412e-01,-1.483313e+02,1.567038e+00,8.969924e+01,1.059765e-01,6.668725e+00,4.951549e-01,-4.261638e+01
190.54607,6.824762e-01,-1.509242e+02,1.433349e+00,8.727691e+01,1.061906e-01,4.913711e+00,4.939977e-01,-4.442300e+01
208.92961,6.805069e-01,-1.533122e+02,1.309733e+00,8.482878e+01,1.062777e-01,3.195661e+00,4.944069e-01,-4.646099e+01
229.08677,6.788856e-01,-1.555064e+02,1.195634e+00,8.233970e+01,1.062401e-01,1.504978e+00,4.963938e-01,-4.874208e+01
251.18864,6.775702e-01,-1.575185e+02,1.090469e+00,7.979436e+01,1.060772e-01,-1.676946e-01,4.999844e-01,-5.127360e+01
275.42287,6.765245e-01,-1.593601e+02,9.936516e-01,7.717757e+01,1.057857e-01,-1.831247e+00,5.052172e-01,-5.405836e+01
301.99517,6.757177e-01,-1.610429e+02,9.046015e-01,7.447449e+01,1.053597e-01,-3.493865e+00,5.121393e-01,-5.709449e+01
331.13112,6.751240e-01,-1.625784e+02,8.227566e-01,7.167091e+01,1.047909e-01,-5.162773e+00,5.208009e-01,-6.037550e+01
363.07805,6.747223e-01,-1.639773e+02,7.475805e-01,6.875366e+01,1.040686e-01,-6.843940e+00,5.312474e-01,-6.389027e+01
398.10717,6.744949e-01,-1.652505e+02,6.785675e-01,6.571095e+01,1.031808e-01,-8.541762e+00,5.435106e-01,-6.762335e+01
436.51583,6.744276e-01,-1.664078e+02,6.152460e-01,6.253293e+01,1.021140e-01,-1.025870e+01,5.575985e-01,-7.155527e+01
478.63009,6.745081e-01,-1.674590e+02,5.571809e-01,5.921218e+01,1.008547e-01,-1.199491e+01,5.734846e-01,-7.566304e+01
524.80746,6.747260e-01,-1.684132e+02,5.039741e-01,5.574435e+01,9.938984e-02,-1.374787e+01,5.910985e-01,-7.992077e+01
575.43994,6.750710e-01,-1.692789e+02,4.552641e-01,5.212873e+01,9.770845e-02,-1.551203e+01,6.103178e-01,-8.430026e+01
630.95734,6.755328e-01,-1.700644e+02,4.107246e-01,4.836894e+01,9.580283e-02,-1.727852e+01,6.309631e-01,-8.877167e+01
691.83097,6.761003e-01,-1.707770e+02,3.700621e-01,4.447341e+01,9.367005e-02,-1.903507e+01,6.527979e-01,-9.330413e+01
758.57758,6.767609e-01,-1.714238e+02,3.330122e-01,4.045582e+01,9.131333e-02,-2.076595e+01,6.755323e-01,-9.786630e+01
831.76377,6.775002e-01,-1.720112e+02,2.993353e-01,3.633536e+01,8.874317e-02,-2.245232e+01,6.988337e-01,-1.024269e+02
912.01084,6.783023e-01,-1.725448e+02,2.688118e-01,3.213666e+01,8.597800e-02,-2.407269e+01,7.223415e-01,-1.069553e+02
1000.00000,6.791501e-01,-1.730297e+02,2.412366e-01,2.788957e+01,8.304427e-02,-2.560374e+01,7.456856e-01,-1.114219e+02
1096.47820,6.800258e-01,-1.734702e+02,2.164146e-01,2.362847e+01,7.997575e-02,-2.702130e+01,7.685072e-01,-1.157988e+02
1202.26443,6.809123e-01,-1.738698e+02,1.941565e-01,1.939144e+01,7.681223e-02,-2.830160e+01,7.904780e-01,-1.200603e+02
1318.25674,6.817935e-01,-1.742316e+02,1.742759e-01,1.521902e+01,7.359749e-02,-2.942249e+01,8.113178e-01,-1.241837e+02
1445.43977,6.826560e-01,-1.745576e+02,1.565880e-01,1.115291e+01,7.037705e-02,-3.036477e+01,8.308055e-01,-1.281495e+02
1584.89319,6.834889e-01,-1.748498e+02,1.409095e-01,7.234419e+00,6.719574e-02,-3.111328e+01,8.487857e-01,-1.319416e+02
1737.80083,6.842852e-01,-1.751094e+02,1.270599e-01,3.502928e+00,6.409546e-02,-3.165792e+01,8.651686e-01,-1.355479e+02
1905.46072,6.850413e-01,-1.753373e+02,1.148637e-01,-5.628898e-03,6.111331e-02,-3.199430e+01,8.799248e-01,-1.389603e+02
2089.29613,6.857571e-01,-1.755343e+02,1.041523e-01,-3.260166e+00,5.828031e-02,-3.212415e+01,8.930772e-01,-1.421740e+02
2290.86765,6.864358e-01,-1.757007e+02,9.476656e-02,-6.235648e+00,5.562056e-02,-3.205536e+01,9.046899e-01,-1.451878e+02
2511.88643,6.870835e-01,-1.758370e+02,8.655866e-02,-8.914038e+00,5.315109e-02,-3.180176e+01,9.148574e-01,-1.480033e+02
2754.22870,6.877089e-01,-1.759433e+02,7.939292e-02,-1.128495e+01,5.088201e-02,-3.138254e+01,9.236939e-01,-1.506245e+02
3019.95172,6.883230e-01,-1.760197e+02,7.314653e-02,-1.334595e+01,4.881709e-02,-3.082134e+01,9.313239e-01,-1.530575e+02
3311.31121,6.889385e-01,-1.760663e+02,6.770930e-02,-1.510258e+01,4.695456e-02,-3.014528e+01,9.378753e-01,-1.553099e+02
3630.78055,6.895704e-01,-1.760830e+02,6.298310e-02,-1.656797e+01,4.528801e-02,-2.938367e+01,9.434735e-01,-1.573903e+02
3981.07171,6.902353e-01,-1.760696e+02,5.888082e-02,-1.776218e+01,4.380737e-02,-2.856680e+01,9.482375e-01,-1.593080e+02
4365.15832,6.909521e-01,-1.760260e+02,5.532530e-02,-1.871123e+01,4.249987e-02,-2.772477e+01,9.522774e-01,-1.610728e+02
4786.30092,6.917417e-01,-1.759518e+02,5.224811e-02,-1.944597e+01,4.135089e-02,-2.688641e+01,9.556935e-01,-1.626944e+02
5248.07460,6.926281e-01,-1.758469e+02,4.958847e-02,-2.000069e+01,4.034470e-02,-2.607847e+01,9.585751e-01,-1.641826e+02
5754.39937,6.936380e-01,-1.757108e+02,4.729219e-02,-2.041169e+01,3.946518e-02,-2.532511e+01,9.610012e-01,-1.655469e+02
6309.57344,6.948020e-01,-1.755432e+02,4.531082e-02,-2.071593e+01,3.869620e-02,-2.464752e+01,9.630408e-01,-1.667966e+02
6918.30971,6.961548e-01,-1.753439e+02,4.360091e-02,-2.094974e+01,3.802207e-02,-2.406393e+01,9.647538e-01,-1.679402e+02
7585.77575,6.977361e-01,-1.751127e+02,4.212343e-02,-2.114773e+01,3.742773e-02,-2.358964e+01,9.661917e-01,-1.689861e+02
8317.63771,6.995908e-01,-1.748497e+02,4.084321e-02,-2.134203e+01,3.689889e-02,-2.323735e+01,9.673987e-01,-1.699422e+02
9120.10839,7.017695e-01,-1.745553e+02,3.972855e-02,-2.156167e+01,3.642205e-02,-2.301738e+01,9.684125e-01,-1.708156e+02
10000.00000,7.043294e-01,-1.742305e+02,3.875078e-02,-2.183235e+01,3.598450e-02,-2.293808e+01,9.692651e-01,-1.716132e+02
