! ! 
! S ! 
! ! 
! # MHz  S  MA  R  50.00000
! ! ===================================================================
1.00000,9.188773e-01,-2.406959e+00,6.853559e+00,1.785344e+02,2.679263e-03,8.855566e+01,8.905646e-01,-8.949289e-01
1.09648,9.188514e-01,-2.638980e+00,6.853149e+00,1.783917e+02,2.937580e-03,8.841854e+01,8.905242e-01,-9.811977e-01
1.20226,9.188204e-01,-2.893369e+00,6.852655e+00,1.782354e+02,3.220763e-03,8.826802e+01,8.904757e-01,-1.075774e+00
1.31826,9.187830e-01,-3.172276e+00,6.852062e+00,1.780642e+02,3.531193e-03,8.810284e+01,8.904174e-01,-1.179454e+00
1.44544,9.187381e-01,-3.478052e+00,6.851349e+00,1.778766e+02,3.871476e-03,8.792158e+01,8.903473e-01,-1.293108e+00
1.58489,9.186842e-01,-3.813274e+00,6.850493e+00,1.776710e+02,4.244459e-03,8.772275e+01,8.902631e-01,-1.417689e+00
1.73780,9.186193e-01,-4.180765e+00,6.849463e+00,1.774457e+02,4.653259e-03,8.750465e+01,8.901619e-01,-1.554239e+00
1.90546,9.185414e-01,-4.583609e+00,6.848226e+00,1.771988e+02,5.101276e-03,8.726547e+01,8.900402e-01,-1.703895e+00
2.08930,9.184478e-01,-5.025185e+00,6.846739e+00,1.769282e+02,5.592225e-03,8.700321e+01,8.898941e-01,-1.867901e+00
2.29087,9.183354e-01,-5.509183e+00,6.844953e+00,1.766318e+02,6.130153e-03,8.671568e+01,8.897186e-01,-2.047613e+00
2.51189,9.182004e-01,-6.039636e+00,6.842807e+00,1.763070e+02,6.719473e-03,8.640049e+01,8.895077e-01,-2.244508e+00
2.75423,9.180382e-01,-6.620950e+00,6.840230e+00,1.759511e+02,7.364981e-03,8.605504e+01,8.892545e-01,-2.460194e+00
3.01995,9.178435e-01,-7.257928e+00,6.837136e+00,1.755613e+02,8.071887e-03,8.567649e+01,8.889505e-01,-2.696421e+00
3.31131,9.176099e-01,-7.955808e+00,6.833421e+00,1.751342e+02,8.845838e-03,8.526176e+01,8.885856e-01,-2.955083e+00
3.63078,9.173296e-01,-8.720288e+00,6.828963e+00,1.746666e+02,9.692938e-03,8.480747e+01,8.881477e-01,-3.238233e+00
3.98107,9.169935e-01,-9.557564e+00,6.823615e+00,1.741546e+02,1.061977e-02,8.430999e+01,8.876224e-01,-3.548088e+00
4.36516,9.165906e-01,-1.047435e+01,6.817202e+00,1.735941e+02,1.163340e-02,8.376538e+01,8.869927e-01,-3.887031e+00
4.78630,9.161080e-01,-1.147793e+01,6.809515e+00,1.729807e+02,1.274138e-02,8.316937e+01,8.862382e-01,-4.257616e+00
5.24807,9.155303e-01,-1.257615e+01,6.800309e+00,1.723098e+02,1.395174e-02,8.251740e+01,8.853347e-01,-4.662565e+00
5.75440,9.148394e-01,-1.377745e+01,6.789289e+00,1.715763e+02,1.527298e-02,8.180454e+01,8.842537e-01,-5.104764e+00
6.30957,9.140140e-01,-1.509090e+01,6.776110e+00,1.707747e+02,1.671396e-02,8.102557e+01,8.829616e-01,-5.587242e+00
6.91831,9.130291e-01,-1.652614e+01,6.760367e+00,1.698993e+02,1.828390e-02,8.017494e+01,8.814189e-01,-6.113156e+00
7.58578,9.118556e-01,-1.809342e+01,6.741584e+00,1.689441e+02,1.999217e-02,7.924683e+01,8.795794e-01,-6.685748e+00
8.31764,9.104599e-01,-1.980351e+01,6.719208e+00,1.679028e+02,2.184818e-02,7.823516e+01,8.773898e-01,-7.308292e+00
9.12011,9.088034e-01,-2.166764e+01,6.692598e+00,1.667688e+02,2.386113e-02,7.713369e+01,8.747884e-01,-7.984029e+00
10.00000,9.068422e-01,-2.369738e+01,6.661021e+00,1.655356e+02,2.603969e-02,7.593606e+01,8.717048e-01,-8.716062e+00
10.96478,9.045272e-01,-2.590449e+01,6.623640e+00,1.641965e+02,2.839164e-02,7.463600e+01,8.680596e-01,-9.507234e+00
12.02264,9.018041e-01,-2.830068e+01,6.579520e+00,1.627452e+02,3.092334e-02,7.322739e+01,8.637641e-01,-1.035997e+01
13.18257,8.986139e-01,-3.089734e+01,6.527625e+00,1.611756e+02,3.363918e-02,7.170457e+01,8.587215e-01,-1.127609e+01
14.45440,8.948942e-01,-3.370512e+01,6.466826e+00,1.594822e+02,3.654089e-02,7.006252e+01,8.528277e-01,-1.225656e+01
15.84893,8.905814e-01,-3.673353e+01,6.395929e+00,1.576607e+02,3.962679e-02,6.829720e+01,8.459742e-01,-1.330124e+01
17.37801,8.856129e-01,-3.999037e+01,6.313698e+00,1.557078e+02,4.289095e-02,6.640592e+01,8.380518e-01,-1.440860e+01
19.05461,8.799311e-01,-4.348108e+01,6.218905e+00,1.536220e+02,4.632248e-02,6.438767e+01,8.289558e-01,-1.557541e+01
20.89296,8.734884e-01,-4.720811e+01,6.110393e+00,1.514038e+02,4.990478e-02,6.224355e+01,8.185933e-01,-1.679645e+01
22.90868,8.662521e-01,-5.117016e+01,5.987148e+00,1.490562e+02,5.361512e-02,5.997714e+01,8.068910e-01,-1.806433e+01
25.11886,8.582109e-01,-5.536152e+01,5.848391e+00,1.465849e+02,5.742442e-02,5.759480e+01,7.938054e-01,-1.936932e+01
27.54229,8.493806e-01,-5.977144e+01,5.693666e+00,1.439984e+02,6.129766e-02,5.510588e+01,7.793319e-01,-2.069938e+01
30.19952,8.398085e-01,-6.438371e+01,5.522935e+00,1.413083e+02,6.519462e-02,5.252278e+01,7.635142e-01,-2.204047e+01
33.11311,8.295770e-01,-6.917644e+01,5.336645e+00,1.385291e+02,6.907137e-02,4.986078e+01,7.464507e-01,-2.337695e+01
36.30781,8.188028e-01,-7.412216e+01,5.135773e+00,1.356774e+02,7.288211e-02,4.713765e+01,7.282979e-01,-2.469240e+01
39.81072,8.076339e-01,-7.918833e+01,4.921829e+00,1.327719e+02,7.658155e-02,4.437308e+01,7.092686e-01,-2.597059e+01
43.65158,7.962426e-01,-8.433811e+01,4.696815e+00,1.298322e+02,8.012722e-02,4.158788e+01,6.896249e-01,-2.719673e+01
47.86301,7.848153e-01,-8.953157e+01,4.463137e+00,1.268780e+02,8.348175e-02,3.880305e+01,6.696665e-01,-2.835869e+01
52.48075,7.735408e-01,-9.472706e+01,4.223482e+00,1.239281e+02,8.661469e-02,3.603892e+01,6.497144e-01,-2.944834e+01
57.54399,7.625981e-01,-9.988287e+01,3.980672e+00,1.209998e+02,8.950364e-02,3.331416e+01,6.300934e-01,-3.046256e+01
63.09573,7.521457e-01,-1.049587e+02,3.737514e+00,1.181077e+02,9.213470e-02,3.064517e+01,6.111137e-01,-3.140406e+01
69.18310,7.423131e-01,-1.099172e+02,3.496666e+00,1.152633e+02,9.450217e-02,2.804544e+01,5.930561e-01,-3.228167e+01
75.85776,7.331964e-01,-1.147250e+02,3.260523e+00,1.124750e+02,9.660763e-02,2.552529e+01,5.761595e-01,-3.311031e+01
83.17638,7.248569e-01,-1.193540e+02,3.031141e+00,1.097476e+02,9.845869e-02,2.309177e+01,5.606148e-01,-3.391038e+01
91.20108,7.173232e-01,-1.237813e+02,2.810195e+00,1.070825e+02,1.000674e-01,2.074878e+01,5.465627e-01,-3.470687e+01
100.00000,7.105947e-01,-1.279900e+02,2.598969e+00,1.044779e+02,1.014489e-01,1.849725e+01,5.340963e-01,-3.552812e+01
109.64782,7.046477e-01,-1.319683e+02,2.398372e+00,1.019294e+02,1.026196e-01,1.633553e+01,5.232672e-01,-3.640453e+01
120.22644,6.994414e-01,-1.357099e+02,2.208972e+00,9.942980e+01,1.035965e-01,1.425977e+01,5.140937e-01,-3.736718e+01
131.82567,6.949230e-01,-1.392126e+02,2.031043e+00,9.697001e+01,1.043958e-01,1.226430e+01,5.065705e-01,-3.844661e+01
144.54398,6.910335e-01,-1.424785e+02,1.864609e+00,9.453915e+01,1.050323e-01,1.034200e+01,5.006781e-01,-3.967176e+01
158.48932,6.877113e-01,-1.455124e+02,1.709500e+00,9.212493e+01,1.055186e-01,8.484702e+00,4.963918e-01,-4.106912e+01
173.78008,6.848957e-01,-1.483217e+02,1.565394e+00,8.971399e+01,1.058653e-01,6.683478e+00,4.936889e-01,-4.266206e+01
190.54607,6.825291e-01,-1.509155e+02,1.431858e+00,8.729213e+01,1.060801e-01,4.928928e+00,4.925549e-01,-4.447040e+01
208.92961,6.805582e-01,-1.533043e+02,1.308384e+00,8.484456e+01,1.061681e-01,3.211436e+00,4.929875e-01,-4.651001e+01
229.08677,6.789353e-01,-1.554994e+02,1.194414e+00,8.235613e+01,1.061316e-01,1.521405e+00,4.949985e-01,-4.879258e+01
251.18864,6.776184e-01,-1.575122e+02,1.089369e+00,7.981153e+01,1.059700e-01,-1.505221e-01,4.986144e-01,-5.132538e+01
275.42287,6.765711e-01,-1.593546e+02,9.926613e-01,7.719558e+01,1.056802e-01,-1.813237e+00,5.038739e-01,-5.411116e+01
301.99517,6.757627e-01,-1.610381e+02,9.037127e-01,7.449343e+01,1.052561e-01,-3.474931e+00,5.108246e-01,-5.714799e+01
331.13112,6.751674e-01,-1.625741e+02,8.219613e-01,7.169085e+01,1.046895e-01,-5.142836e+00,5.195169e-01,-6.042931e+01
363.07805,6.747639e-01,-1.639737e+02,7.468715e-01,6.877467e+01,1.039698e-01,-6.822931e+00,5.299967e-01,-6.394393e+01
398.10717,6.745346e-01,-1.652474e+02,6.779379e-01,6.573309e+01,1.030850e-01,-8.519625e+00,5.422958e-01,-6.767637e+01
436.51583,6.744653e-01,-1.664053e+02,6.146896e-01,6.255623e+01,1.020216e-01,-1.023540e+01,5.564223e-01,-7.160712e+01
478.63009,6.745437e-01,-1.674570e+02,5.566917e-01,5.923666e+01,1.007660e-01,-1.197044e+01,5.723498e-01,-7.571319e+01
524.80746,6.747592e-01,-1.684116e+02,5.035465e-01,5.576999e+01,9.930541e-02,-1.372223e+01,5.900081e-01,-7.996870e+01
575.43994,6.751017e-01,-1.692777e+02,4.548928e-01,5.215549e+01,9.762866e-02,-1.548527e+01,6.092745e-01,-8.434550e+01
630.95734,6.755610e-01,-1.700634e+02,4.104045e-01,4.839674e+01,9.572806e-02,-1.725073e+01,6.299699e-01,-8.881384e+01
691.83097,6.761259e-01,-1.707764e+02,3.697882e-01,4.450213e+01,9.360063e-02,-1.900635e+01,6.518572e-01,-9.334294e+01
758.57758,6.767839e-01,-1.714234e+02,3.327798e-01,4.048532e+01,9.124950e-02,-2.073646e+01,6.746467e-01,-9.790156e+01
831.76377,6.775205e-01,-1.720110e+02,2.991397e-01,3.636544e+01,8.868509e-02,-2.242225e+01,6.980053e-01,-1.024585e+02
912.01084,6.783201e-01,-1.725448e+02,2.686486e-01,3.216712e+01,8.592571e-02,-2.404224e+01,7.215719e-01,-1.069833e+02
1000.00000,6.791654e-01,-1.730298e+02,2.411016e-01,2.792017e+01,8.299770e-02,-2.557314e+01,7.449758e-01,-1.114464e+02
1096.47820,6.800389e-01,-1.734704e+02,2.163038e-01,2.365898e+01,7.993473e-02,-2.699080e+01,7.678575e-01,-1.158200e+02
1202.26443,6.809234e-01,-1.738701e+02,1.940663e-01,1.942160e+01,7.677646e-02,-2.827143e+01,7.898881e-01,-1.200785e+02
1318.25674,6.818028e-01,-1.742318e+02,1.742029e-01,1.524862e+01,7.356660e-02,-2.939290e+01,8.107864e-01,-1.241992e+02
1445.43977,6.826637e-01,-1.745579e+02,1.565293e-01,1.118172e+01,7.035062e-02,-3.033596e+01,8.303305e-01,-1.281624e+02
1584.89319,6.834953e-01,-1.748501e+02,1.408625e-01,7.262265e+00,6.717331e-02,-3.108544e+01,8.483645e-01,-1.319524e+02
1737.80083,6.842905e-01,-1.751097e+02,1.270225e-01,3.529655e+00,6.407654e-02,-3.163120e+01,8.647977e-01,-1.355570e+02
1905.46072,6.850456e-01,-1.753376e+02,1.148339e-01,1.985854e-02,6.109744e-02,-3.196882e+01,8.796005e-01,-1.389678e+02
2089.29613,6.857607e-01,-1.755345e+02,1.041286e-01,-3.236002e+00,5.826705e-02,-3.209998e+01,8.927954e-01,-1.421802e+02
2290.86765,6.864387e-01,-1.757010e+02,9.474778e-02,-6.212859e+00,5.560951e-02,-3.203257e+01,9.044465e-01,-1.451929e+02
2511.88643,6.870860e-01,-1.758372e+02,8.654370e-02,-8.892646e+00,5.314189e-02,-3.178037e+01,9.146483e-01,-1.480075e+02
2754.22870,6.877110e-01,-1.759435e+02,7.938098e-02,-1.126495e+01,5.087434e-02,-3.136254e+01,9.235150e-01,-1.506279e+02
3019.95172,6.883248e-01,-1.760199e+02,7.313695e-02,-1.332733e+01,4.881068e-02,-3.080271e+01,9.311716e-01,-1.530604e+02
3311.31121,6.889401e-01,-1.760664e+02,6.770158e-02,-1.508529e+01,4.694919e-02,-3.012798e+01,9.377460e-01,-1.553123e+02
3630.78055,6.895718e-01,-1.760831e+02,6.297683e-02,-1.655196e+01,4.528349e-02,-2.936765e+01,9.433642e-01,-1.573923e+02
3981.07171,6.902366e-01,-1.760697e+02,5.887568e-02,-1.774738e+01,4.380354e-02,-2.855201e+01,9.481453e-01,-1.593097e+02
4365.15832,6.909532e-01,-1.760261e+02,5.532106e-02,-1.869759e+01,4.249661e-02,-2.771113e+01,9.521999e-01,-1.610742e+02
4786.30092,6.917428e-01,-1.759519e+02,5.224458e-02,-1.943342e+01,4.134808e-02,-2.687385e+01,9.556284e-01,-1.626956e+02
5248.07460,6.926290e-01,-1.758470e+02,4.958549e-02,-1.998915e+01,4.034228e-02,-2.606693e+01,9.585205e-01,-1.641836e+02
5754.39937,6.936389e-01,-1.757109e+02,4.728965e-02,-2.040110e+01,3.946306e-02,-2.531451e+01,9.609555e-01,-1.655478e+02
6309.57344,6.948028e-01,-1.755433e+02,4.530863e-02,-2.070622e+01,3.869433e-02,-2.463781e+01,9.630027e-01,-1.667973e+02
6918.30971,6.961557e-01,-1.753440e+02,4.359900e-02,-2.094084e+01,3.802040e-02,-2.405502e+01,9.647220e-01,-1.679409e+02
7585.77575,6.977369e-01,-1.751127e+02,4.212175e-02,-2.113958e+01,3.742623e-02,-2.358149e+01,9.661652e-01,-1.689867e+02
8317.63771,6.995915e-01,-1.748498e+02,4.084171e-02,-2.133457e+01,3.689753e-02,-2.322988e+01,9.673767e-01,-1.699427e+02
9120.10839,7.017703e-01,-1.745554e+02,3.972719e-02,-2.155484e+01,3.642081e-02,-2.301055e+01,9.683941e-01,-1.708161e+02
10000.00000,7.043301e-01,-1.742306e+02,3.874955e-02,-2.182611e+01,3.598335e-02,-2.293183e+01,9.692499e-01,-1.716136e+02
