! ! 
! S ! 
! ! 
! # MHz  S  MA  R  50.00000
! ! ===================================================================
1.00000,9.928195e-01,-7.605740e-01,1.132792e-01,1.783004e+02,2.340653e-03,8.949156e+01,9.491032e-01,-1.476159e-01
1.09648,9.928158e-01,-8.339499e-01,1.132834e-01,1.781364e+02,2.566458e-03,8.944246e+01,9.491023e-01,-1.618550e-01
1.20226,9.928114e-01,-9.144041e-01,1.132884e-01,1.779566e+02,2.814043e-03,8.938864e+01,9.491013e-01,-1.774680e-01
1.31826,9.928061e-01,-1.002619e+00,1.132945e-01,1.777595e+02,3.085507e-03,8.932963e+01,9.491000e-01,-1.945872e-01
1.44544,9.927997e-01,-1.099343e+00,1.133018e-01,1.775434e+02,3.383152e-03,8.926493e+01,9.490985e-01,-2.133580e-01
1.58489,9.927920e-01,-1.205398e+00,1.133106e-01,1.773065e+02,3.709501e-03,8.919399e+01,9.490967e-01,-2.339396e-01
1.73780,9.927827e-01,-1.321681e+00,1.133211e-01,1.770467e+02,4.067319e-03,8.911621e+01,9.490945e-01,-2.565065e-01
1.90546,9.927716e-01,-1.449179e+00,1.133338e-01,1.767620e+02,4.459637e-03,8.903094e+01,9.490919e-01,-2.812501e-01
2.08930,9.927582e-01,-1.588974e+00,1.133490e-01,1.764498e+02,4.889777e-03,8.893744e+01,9.490887e-01,-3.083803e-01
2.29087,9.927421e-01,-1.742249e+00,1.133673e-01,1.761076e+02,5.361379e-03,8.883492e+01,9.490849e-01,-3.381270e-01
2.51189,9.927228e-01,-1.910304e+00,1.133893e-01,1.757326e+02,5.878430e-03,8.872253e+01,9.490803e-01,-3.707424e-01
2.75423,9.926996e-01,-2.094562e+00,1.134158e-01,1.753215e+02,6.445301e-03,8.859930e+01,9.490748e-01,-4.065028e-01
3.01995,9.926717e-01,-2.296583e+00,1.134476e-01,1.748709e+02,7.066776e-03,8.846419e+01,9.490682e-01,-4.457109e-01
3.31131,9.926381e-01,-2.518075e+00,1.134857e-01,1.743771e+02,7.748097e-03,8.831607e+01,9.490603e-01,-4.886988e-01
3.63078,9.925977e-01,-2.760911e+00,1.135316e-01,1.738361e+02,8.495002e-03,8.815368e+01,9.490507e-01,-5.358301e-01
3.98107,9.925492e-01,-3.027143e+00,1.135868e-01,1.732433e+02,9.313770e-03,8.797564e+01,9.490393e-01,-5.875032e-01
4.36516,9.924909e-01,-3.319018e+00,1.136530e-01,1.725939e+02,1.021127e-02,8.778046e+01,9.490255e-01,-6.441547e-01
4.78630,9.924209e-01,-3.638996e+00,1.137325e-01,1.718827e+02,1.119502e-02,8.756650e+01,9.490089e-01,-7.062625e-01
5.24807,9.923367e-01,-3.989769e+00,1.138280e-01,1.711039e+02,1.227324e-02,8.733196e+01,9.489890e-01,-7.743501e-01
5.75440,9.922355e-01,-4.374286e+00,1.139426e-01,1.702513e+02,1.345488e-02,8.707486e+01,9.489651e-01,-8.489906e-01
6.30957,9.921140e-01,-4.795771e+00,1.140801e-01,1.693183e+02,1.474975e-02,8.679306e+01,9.489364e-01,-9.308110e-01
6.91831,9.919680e-01,-5.257749e+00,1.142450e-01,1.682977e+02,1.616852e-02,8.648421e+01,9.489019e-01,-1.020497e+00
7.58578,9.917926e-01,-5.764072e+00,1.144428e-01,1.671817e+02,1.772282e-02,8.614574e+01,9.488605e-01,-1.118800e+00
8.31764,9.915821e-01,-6.318948e+00,1.146798e-01,1.659620e+02,1.942529e-02,8.577484e+01,9.488107e-01,-1.226538e+00
9.12011,9.913293e-01,-6.926967e+00,1.149636e-01,1.646300e+02,2.128968e-02,8.536846e+01,9.487510e-01,-1.344606e+00
10.00000,9.910258e-01,-7.593132e+00,1.153032e-01,1.631764e+02,2.333086e-02,8.492328e+01,9.486794e-01,-1.473982e+00
10.96478,9.906618e-01,-8.322892e+00,1.157092e-01,1.615914e+02,2.556492e-02,8.443568e+01,9.485934e-01,-1.615730e+00
12.02264,9.902252e-01,-9.122168e+00,1.161941e-01,1.598652e+02,2.800921e-02,8.390172e+01,9.484904e-01,-1.771008e+00
13.18257,9.897018e-01,-9.997388e+00,1.167723e-01,1.579876e+02,3.068233e-02,8.331716e+01,9.483670e-01,-1.941078e+00
14.45440,9.890748e-01,-1.095551e+01,1.174608e-01,1.559481e+02,3.360420e-02,8.267740e+01,9.482191e-01,-2.127308e+00
15.84893,9.883242e-01,-1.200406e+01,1.182792e-01,1.537368e+02,3.679595e-02,8.197749e+01,9.480423e-01,-2.331179e+00
17.37801,9.874263e-01,-1.315111e+01,1.192498e-01,1.513439e+02,4.027991e-02,8.121211e+01,9.478309e-01,-2.554293e+00
19.05461,9.863534e-01,-1.440537e+01,1.203981e-01,1.487605e+02,4.407945e-02,8.037558e+01,9.475785e-01,-2.798378e+00
20.89296,9.850730e-01,-1.577609e+01,1.217526e-01,1.459788e+02,4.821872e-02,7.946186e+01,9.472776e-01,-3.065288e+00
22.90868,9.835470e-01,-1.727312e+01,1.233449e-01,1.429926e+02,5.272237e-02,7.846460e+01,9.469195e-01,-3.357009e+00
25.11886,9.817314e-01,-1.890683e+01,1.252095e-01,1.397974e+02,5.761506e-02,7.737712e+01,9.464941e-01,-3.675657e+00
27.54229,9.795759e-01,-2.068805e+01,1.273830e-01,1.363913e+02,6.292085e-02,7.619252e+01,9.459899e-01,-4.023473e+00
30.19952,9.770228e-01,-2.262800e+01,1.299036e-01,1.327753e+02,6.866236e-02,7.490377e+01,9.453940e-01,-4.402822e+00
33.11311,9.740075e-01,-2.473807e+01,1.328097e-01,1.289532e+02,7.485974e-02,7.350377e+01,9.446920e-01,-4.816177e+00
36.30781,9.704584e-01,-2.702972e+01,1.361384e-01,1.249322e+02,8.152934e-02,7.198559e+01,9.438683e-01,-5.266111e+00
39.81072,9.662975e-01,-2.951412e+01,1.399234e-01,1.207225e+02,8.868217e-02,7.034259e+01,9.429061e-01,-5.755279e+00
43.65158,9.614420e-01,-3.220187e+01,1.441925e-01,1.163376e+02,9.632204e-02,6.856875e+01,9.417881e-01,-6.286401e+00
47.86301,9.558064e-01,-3.510256e+01,1.489648e-01,1.117933e+02,1.044435e-01,6.665889e+01,9.404970e-01,-6.862244e+00
52.48075,9.493064e-01,-3.822429e+01,1.542482e-01,1.071079e+02,1.130298e-01,6.460908e+01,9.390167e-01,-7.485617e+00
57.54399,9.418631e-01,-4.157307e+01,1.600359e-01,1.023012e+02,1.220506e-01,6.241696e+01,9.373335e-01,-8.159370e+00
63.09573,9.334094e-01,-4.515222e+01,1.663043e-01,9.739408e+01,1.314602e-01,6.008217e+01,9.354374e-01,-8.886417e+00
69.18310,9.238972e-01,-4.896170e+01,1.730112e-01,9.240816e+01,1.411960e-01,5.760665e+01,9.333242e-01,-9.669782e+00
75.85776,9.133050e-01,-5.299744e+01,1.800947e-01,8.736524e+01,1.511783e-01,5.499504e+01,9.309972e-01,-1.051269e+01
83.17638,9.016459e-01,-5.725080e+01,1.874738e-01,8.228717e+01,1.613108e-01,5.225479e+01,9.284686e-01,-1.141870e+01
91.20108,8.889745e-01,-6.170809e+01,1.950502e-01,7.719559e+01,1.714829e-01,4.939624e+01,9.257609e-01,-1.239183e+01
100.00000,8.753910e-01,-6.635035e+01,2.027119e-01,7.211179e+01,1.815728e-01,4.643248e+01,9.229078e-01,-1.343685e+01
109.64782,8.610423e-01,-7.115330e+01,2.103382e-01,6.705645e+01,1.914531e-01,4.337891e+01,9.199528e-01,-1.455937e+01
120.22644,8.461188e-01,-7.608776e+01,2.178051e-01,6.204935e+01,2.009962e-01,4.025272e+01,9.169487e-01,-1.576617e+01
131.82567,8.308457e-01,-8.112016e+01,2.249921e-01,5.710893e+01,2.100805e-01,3.707205e+01,9.139546e-01,-1.706529e+01
144.54398,8.154713e-01,-8.621355e+01,2.317877e-01,5.225178e+01,2.185963e-01,3.385510e+01,9.110326e-01,-1.846615e+01
158.48932,8.002517e-01,-9.132875e+01,2.380940e-01,4.749216e+01,2.264503e-01,3.061924e+01,9.082449e-01,-1.997958e+01
173.78008,7.854346e-01,-9.642568e+01,2.438303e-01,4.284144e+01,2.335685e-01,2.738014e+01,9.056500e-01,-2.161768e+01
190.54607,7.712451e-01,-1.014648e+02,2.489337e-01,3.830780e+01,2.398971e-01,2.415106e+01,9.033006e-01,-2.339369e+01
208.92961,7.578735e-01,-1.064085e+02,2.533589e-01,3.389597e+01,2.454012e-01,2.094238e+01,9.012416e-01,-2.532169e+01
229.08677,7.454679e-01,-1.112221e+02,2.570760e-01,2.960726e+01,2.500624e-01,1.776134e+01,8.995098e-01,-2.741628e+01
251.18864,7.341309e-01,-1.158755e+02,2.600672e-01,2.543973e+01,2.538752e-01,1.461209e+01,8.981341e-01,-2.969216e+01
275.42287,7.239212e-01,-1.203431e+02,2.623229e-01,2.138856e+01,2.568427e-01,1.149586e+01,8.971368e-01,-3.216376e+01
301.99517,7.148577e-01,-1.246047e+02,2.638386e-01,1.744658e+01,2.589724e-01,8.411425e+00,8.965345e-01,-3.484471e+01
331.13112,7.069266e-01,-1.286457e+02,2.646110e-01,1.360488e+01,2.602730e-01,5.355605e+00,8.963399e-01,-3.774736e+01
363.07805,7.000879e-01,-1.324567e+02,2.646357e-01,9.853513e+00,2.607513e-01,2.323931e+00,8.965627e-01,-4.088219e+01
398.10717,6.942837e-01,-1.360330e+02,2.639058e-01,6.182206e+00,2.604107e-01,-6.886608e-01,8.972099e-01,-4.425716e+01
436.51583,6.894442e-01,-1.393745e+02,2.624110e-01,2.581139e+00,2.592503e-01,-3.687102e+00,8.982863e-01,-4.787702e+01
478.63009,6.854930e-01,-1.424848e+02,2.601385e-01,-9.583380e-01,2.572658e-01,-6.675461e+00,8.997935e-01,-5.174257e+01
524.80746,6.823509e-01,-1.453707e+02,2.570747e-01,-4.442999e+00,2.544509e-01,-9.656240e+00,9.017284e-01,-5.584993e+01
575.43994,6.799388e-01,-1.480412e+02,2.532073e-01,-7.877096e+00,2.508000e-01,-1.262973e+01,9.040814e-01,-6.018980e+01
630.95734,6.781786e-01,-1.505073e+02,2.485297e-01,-1.126182e+01,2.463122e-01,-1.559345e+01,9.068349e-01,-6.474700e+01
691.83097,6.769942e-01,-1.527811e+02,2.430442e-01,-1.459489e+01,2.409945e-01,-1.854172e+01,9.099604e-01,-6.950009e+01
758.57758,6.763111e-01,-1.548753e+02,2.367663e-01,-1.787033e+01,2.348667e-01,-2.146544e+01,9.134181e-01,-7.442141e+01
831.76377,6.760572e-01,-1.568028e+02,2.297287e-01,-2.107845e+01,2.279647e-01,-2.435207e+01,9.171558e-01,-7.947752e+01
912.01084,6.761621e-01,-1.585764e+02,2.219832e-01,-2.420613e+01,2.203432e-01,-2.718580e+01,9.211103e-01,-8.463002e+01
1000.00000,6.765580e-01,-1.602080e+02,2.136025e-01,-2.723724e+01,2.120772e-01,-2.994811e+01,9.252091e-01,-8.983686e+01
1096.47820,6.771804e-01,-1.617089e+02,2.046789e-01,-3.015340e+01,2.032604e-01,-3.261838e+01,9.293745e-01,-9.505391e+01
1202.26443,6.779694e-01,-1.630892e+02,1.953216e-01,-3.293486e+01,1.940035e-01,-3.517481e+01,9.335276e-01,-1.002368e+02
1318.25674,6.788708e-01,-1.643579e+02,1.856522e-01,-3.556141e+01,1.844289e-01,-3.759535e+01,9.375932e-01,-1.053427e+02
1445.43977,6.798372e-01,-1.655232e+02,1.757990e-01,-3.801339e+01,1.746655e-01,-3.985861e+01,9.415044e-01,-1.103320e+02
1584.89319,6.808293e-01,-1.665918e+02,1.658907e-01,-4.027246e+01,1.648425e-01,-4.194471e+01,9.452054e-01,-1.151697e+02
1737.80083,6.818158e-01,-1.675699e+02,1.560506e-01,-4.232238e+01,1.550832e-01,-4.383595e+01,9.486539e-01,-1.198264e+02
1905.46072,6.827740e-01,-1.684629e+02,1.463915e-01,-4.414941e+01,1.455008e-01,-4.551735e+01,9.518219e-01,-1.242787e+02
2089.29613,6.836884e-01,-1.692754e+02,1.370119e-01,-4.574269e+01,1.361939e-01,-4.697686e+01,9.546947e-01,-1.285095e+02
2290.86765,6.845510e-01,-1.700118e+02,1.279942e-01,-4.709437e+01,1.272447e-01,-4.820555e+01,9.572695e-01,-1.325074e+02
2511.88643,6.853593e-01,-1.706757e+02,1.194034e-01,-4.819960e+01,1.187185e-01,-4.919764e+01,9.595534e-01,-1.362664e+02
2754.22870,6.861156e-01,-1.712708e+02,1.112877e-01,-4.905650e+01,1.106634e-01,-4.995040e+01,9.615607e-01,-1.397854e+02
3019.95172,6.868265e-01,-1.718002e+02,1.036796e-01,-4.966613e+01,1.031122e-01,-5.046415e+01,9.633107e-01,-1.430668e+02
3311.31121,6.875011e-01,-1.722670e+02,9.659791e-02,-5.003245e+01,9.608370e-02,-5.074218e+01,9.648259e-01,-1.461166e+02
3630.78055,6.881512e-01,-1.726738e+02,9.004949e-02,-5.016234e+01,8.958488e-02,-5.079083e+01,9.661299e-01,-1.489427e+02
3981.07171,6.887907e-01,-1.730233e+02,8.403134e-02,-5.006566e+01,8.361289e-02,-5.061947e+01,9.672465e-01,-1.515551e+02
4365.15832,6.894349e-01,-1.733176e+02,7.853256e-02,-4.975541e+01,7.815696e-02,-5.024071e+01,9.681986e-01,-1.539648e+02
4786.30092,6.901009e-01,-1.735587e+02,7.353596e-02,-4.924777e+01,7.320005e-02,-4.967041e+01,9.690076e-01,-1.561833e+02
5248.07460,6.908076e-01,-1.737485e+02,6.901956e-02,-4.856227e+01,6.872031e-02,-4.892781e+01,9.696932e-01,-1.582228e+02
5754.39937,6.915760e-01,-1.738886e+02,6.495775e-02,-4.772168e+01,6.469223e-02,-4.803548e+01,9.702730e-01,-1.600951e+02
6309.57344,6.924293e-01,-1.739802e+02,6.132224e-02,-4.675192e+01,6.108767e-02,-4.701914e+01,9.707628e-01,-1.618121e+02
6918.30971,6.933936e-01,-1.740247e+02,5.808287e-02,-4.568168e+01,5.787657e-02,-4.590728e+01,9.711763e-01,-1.633851e+02
7585.77575,6.944983e-01,-1.740230e+02,5.520826e-02,-4.454186e+01,5.502764e-02,-4.473061e+01,9.715256e-01,-1.648250e+02
8317.63771,6.957767e-01,-1.739763e+02,5.266631e-02,-4.336484e+01,5.250893e-02,-4.352128e+01,9.718211e-01,-1.661422e+02
9120.10839,6.972666e-01,-1.738854e+02,5.042472e-02,-4.218360e+01,5.028824e-02,-4.231203e+01,9.720719e-01,-1.673464e+02
10000.00000,6.990109e-01,-1.737514e+02,4.845138e-02,-4.103078e+01,4.833358e-02,-4.113518e+01,9.722858e-01,-1.684469e+02
