! ! 
! S ! 
! ! 
! # MHz  S  MA  R  50.00000
! ! ===================================================================
1.00000,9.436301e-01,-1.830214e+00,4.783851e+00,1.788441e+02,2.565763e-03,8.887964e+01,9.441206e-01,-6.059992e-01
1.09648,9.436131e-01,-2.006704e+00,4.783680e+00,1.787317e+02,2.813204e-03,8.877240e+01,9.440983e-01,-6.644336e-01
1.20226,9.435928e-01,-2.200215e+00,4.783475e+00,1.786086e+02,3.084486e-03,8.865474e+01,9.440715e-01,-7.284992e-01
1.31826,9.435683e-01,-2.412383e+00,4.783229e+00,1.784736e+02,3.381898e-03,8.852569e+01,9.440393e-01,-7.987369e-01
1.44544,9.435389e-01,-2.645003e+00,4.782933e+00,1.783257e+02,3.707948e-03,8.838414e+01,9.440006e-01,-8.757391e-01
1.58489,9.435036e-01,-2.900042e+00,4.782577e+00,1.781636e+02,4.065382e-03,8.822889e+01,9.439541e-01,-9.601544e-01
1.73780,9.434611e-01,-3.179653e+00,4.782149e+00,1.779860e+02,4.457204e-03,8.805865e+01,9.438981e-01,-1.052693e+00
1.90546,9.434101e-01,-3.486195e+00,4.781635e+00,1.777913e+02,4.886701e-03,8.787197e+01,9.438309e-01,-1.154131e+00
2.08930,9.433487e-01,-3.822251e+00,4.781016e+00,1.775779e+02,5.357468e-03,8.766728e+01,9.437501e-01,-1.265318e+00
2.29087,9.432750e-01,-4.190648e+00,4.780274e+00,1.773440e+02,5.873434e-03,8.744287e+01,9.436530e-01,-1.387183e+00
2.51189,9.431864e-01,-4.594480e+00,4.779381e+00,1.770877e+02,6.438888e-03,8.719686e+01,9.435364e-01,-1.520740e+00
2.75423,9.430800e-01,-5.037132e+00,4.778309e+00,1.768068e+02,7.058515e-03,8.692719e+01,9.433962e-01,-1.667097e+00
3.01995,9.429522e-01,-5.522301e+00,4.777020e+00,1.764990e+02,7.737418e-03,8.663161e+01,9.432278e-01,-1.827460e+00
3.31131,9.427986e-01,-6.054030e+00,4.775473e+00,1.761617e+02,8.481158e-03,8.630767e+01,9.430256e-01,-2.003146e+00
3.63078,9.426143e-01,-6.636733e+00,4.773614e+00,1.757921e+02,9.295780e-03,8.595271e+01,9.427828e-01,-2.195584e+00
3.98107,9.423930e-01,-7.275221e+00,4.771382e+00,1.753872e+02,1.018785e-02,8.556379e+01,9.424913e-01,-2.406330e+00
4.36516,9.421274e-01,-7.974741e+00,4.768703e+00,1.749437e+02,1.116447e-02,8.513775e+01,9.421414e-01,-2.637067e+00
4.78630,9.418088e-01,-8.741000e+00,4.765488e+00,1.744580e+02,1.223334e-02,8.467115e+01,9.417216e-01,-2.889617e+00
5.24807,9.414267e-01,-9.580202e+00,4.761632e+00,1.739261e+02,1.340272e-02,8.416024e+01,9.412181e-01,-3.165944e+00
5.75440,9.409688e-01,-1.049907e+01,4.757007e+00,1.733440e+02,1.468149e-02,8.360098e+01,9.406146e-01,-3.468156e+00
6.30957,9.404203e-01,-1.150489e+01,4.751465e+00,1.727069e+02,1.607916e-02,8.298901e+01,9.398917e-01,-3.798510e+00
6.91831,9.397638e-01,-1.260552e+01,4.744828e+00,1.720100e+02,1.760578e-02,8.231964e+01,9.390262e-01,-4.159405e+00
7.58578,9.389787e-01,-1.380940e+01,4.736885e+00,1.712481e+02,1.927200e-02,8.158784e+01,9.379910e-01,-4.553374e+00
8.31764,9.380409e-01,-1.512558e+01,4.727388e+00,1.704155e+02,2.108890e-02,8.078826e+01,9.367541e-01,-4.983072e+00
9.12011,9.369221e-01,-1.656372e+01,4.716045e+00,1.695063e+02,2.306795e-02,7.991524e+01,9.352780e-01,-5.451248e+00
10.00000,9.355894e-01,-1.813403e+01,4.702515e+00,1.685143e+02,2.522084e-02,7.896282e+01,9.335189e-01,-5.960711e+00
10.96478,9.340048e-01,-1.984725e+01,4.686401e+00,1.674328e+02,2.755920e-02,7.792481e+01,9.314263e-01,-6.514276e+00
12.02264,9.321245e-01,-2.171459e+01,4.667246e+00,1.662552e+02,3.009437e-02,7.679484e+01,9.289419e-01,-7.114698e+00
13.18257,9.298993e-01,-2.374755e+01,4.644524e+00,1.649746e+02,3.283693e-02,7.556647e+01,9.259998e-01,-7.764577e+00
14.45440,9.272736e-01,-2.595783e+01,4.617639e+00,1.635843e+02,3.579626e-02,7.423333e+01,9.225255e-01,-8.466243e+00
15.84893,9.241865e-01,-2.835703e+01,4.585926e+00,1.620774e+02,3.897985e-02,7.278925e+01,9.184366e-01,-9.221608e+00
17.37801,9.205718e-01,-3.095640e+01,4.548649e+00,1.604479e+02,4.239260e-02,7.122854e+01,9.136438e-01,-1.003199e+01
19.05461,9.163601e-01,-3.376645e+01,4.505011e+00,1.586902e+02,4.603593e-02,6.954617e+01,9.080518e-01,-1.089790e+01
20.89296,9.114803e-01,-3.679649e+01,4.454171e+00,1.567995e+02,4.990684e-02,6.773819e+01,9.015628e-01,-1.181884e+01
22.90868,9.058634e-01,-4.005410e+01,4.395265e+00,1.547727e+02,5.399689e-02,6.580198e+01,8.940799e-01,-1.279300e+01
25.11886,8.994464e-01,-4.354449e+01,4.327442e+00,1.526081e+02,5.829127e-02,6.373672e+01,8.855129e-01,-1.381709e+01
27.54229,8.921778e-01,-4.726982e+01,4.249906e+00,1.503061e+02,6.276795e-02,6.154371e+01,8.757850e-01,-1.488611e+01
30.19952,8.840238e-01,-5.122853e+01,4.161977e+00,1.478698e+02,6.739719e-02,5.922679e+01,8.648411e-01,-1.599319e+01
33.11311,8.749748e-01,-5.541465e+01,4.063144e+00,1.453047e+02,7.214141e-02,5.679260e+01,8.526565e-01,-1.712964e+01
36.30781,8.650520e-01,-5.981725e+01,3.953140e+00,1.426193e+02,7.695569e-02,5.425079e+01,8.392462e-01,-1.828507e+01
39.81072,8.543122e-01,-6.441998e+01,3.831994e+00,1.398251e+02,8.178896e-02,5.161399e+01,8.246723e-01,-1.944774e+01
43.65158,8.428508e-01,-6.920094e+01,3.700082e+00,1.369363e+02,8.658585e-02,4.889764e+01,8.090491e-01,-2.060521e+01
47.86301,8.308015e-01,-7.413276e+01,3.558155e+00,1.339691e+02,9.128914e-02,4.611957e+01,7.925445e-01,-2.174517e+01
52.48075,8.183319e-01,-7.918315e+01,3.407332e+00,1.309415e+02,9.584268e-02,4.329935e+01,7.753766e-01,-2.285644e+01
57.54399,8.056354e-01,-8.431563e+01,3.249065e+00,1.278724e+02,1.001943e-01,4.045748e+01,7.578047e-01,-2.393011e+01
63.09573,7.929199e-01,-8.949073e+01,3.085076e+00,1.247802e+02,1.042987e-01,3.761449e+01,7.401162e-01,-2.496070e+01
69.18310,7.803946e-01,-9.466737e+01,2.917265e+00,1.216826e+02,1.081191e-01,3.478996e+01,7.226107e-01,-2.594707e+01
75.85776,7.682567e-01,-9.980434e+01,2.747606e+00,1.185951e+02,1.116291e-01,3.200171e+01,7.055820e-01,-2.689315e+01
83.17638,7.566797e-01,-1.048618e+02,2.578049e+00,1.155305e+02,1.148126e-01,2.926506e+01,6.893023e-01,-2.780824e+01
91.20108,7.458048e-01,-1.098029e+02,2.410418e+00,1.124984e+02,1.176634e-01,2.659237e+01,6.740087e-01,-2.870683e+01
100.00000,7.357358e-01,-1.145944e+02,2.246348e+00,1.095050e+02,1.201839e-01,2.399274e+01,6.598951e-01,-2.960813e+01
109.64782,7.265381e-01,-1.192084e+02,2.087226e+00,1.065528e+02,1.223835e-01,2.147195e+01,6.471081e-01,-3.053513e+01
120.22644,7.182411e-01,-1.236220e+02,1.934174e+00,1.036411e+02,1.242766e-01,1.903264e+01,6.357480e-01,-3.151355e+01
131.82567,7.108429e-01,-1.278181e+02,1.788038e+00,1.007656e+02,1.258808e-01,1.667450e+01,6.258744e-01,-3.257065e+01
144.54398,7.043163e-01,-1.317849e+02,1.649410e+00,9.791935e+01,1.272148e-01,1.439472e+01,6.175132e-01,-3.373411e+01
158.48932,6.986156e-01,-1.355156e+02,1.518647e+00,9.509304e+01,1.282973e-01,1.218829e+01,6.106656e-01,-3.503101e+01
173.78008,6.936829e-01,-1.390080e+02,1.395906e+00,9.227509e+01,1.291456e-01,1.004851e+01,6.053179e-01,-3.648703e+01
190.54607,6.894532e-01,-1.422638e+02,1.281180e+00,8.945232e+01,1.297745e-01,7.967333e+00,6.014495e-01,-3.812576e+01
208.92961,6.858596e-01,-1.452875e+02,1.174330e+00,8.661024e+01,1.301959e-01,5.935773e+00,5.990405e-01,-3.996824e+01
229.08677,6.828364e-01,-1.480865e+02,1.075117e+00,8.373344e+01,1.304184e-01,3.944254e+00,5.980770e-01,-4.203256e+01
251.18864,6.803213e-01,-1.506697e+02,9.832296e-01,8.080593e+01,1.304467e-01,1.982949e+00,5.985551e-01,-4.433356e+01
275.42287,6.782573e-01,-1.530476e+02,8.983090e-01,7.781149e+01,1.302817e-01,4.209104e-02,6.004822e-01,-4.688250e+01
301.99517,6.765936e-01,-1.552313e+02,8.199666e-01,7.473408e+01,1.299206e-01,-1.887709e+00,6.038769e-01,-4.968682e+01
331.13112,6.752855e-01,-1.572325e+02,7.478004e-01,7.155820e+01,1.293568e-01,-3.815142e+00,6.087665e-01,-5.274976e+01
363.07805,6.742945e-01,-1.590632e+02,6.814067e-01,6.826938e+01,1.285806e-01,-5.747868e+00,6.151823e-01,-5.607008e+01
398.10717,6.735877e-01,-1.607352e+02,6.203896e-01,6.485469e+01,1.275793e-01,-7.692151e+00,6.231538e-01,-5.964179e+01
436.51583,6.731373e-01,-1.622603e+02,5.643678e-01,6.130330e+01,1.263383e-01,-9.652478e+00,6.327000e-01,-6.345394e+01
478.63009,6.729194e-01,-1.636498e+02,5.129792e-01,5.760721e+01,1.248416e-01,-1.163115e+01,6.438209e-01,-6.749055e+01
524.80746,6.729132e-01,-1.649148e+02,4.658839e-01,5.376189e+01,1.230734e-01,-1.362788e+01,6.564872e-01,-7.173073e+01
575.43994,6.730998e-01,-1.660658e+02,4.227664e-01,4.976709e+01,1.210196e-01,-1.563938e+01,6.706314e-01,-7.614897e+01
630.95734,6.734612e-01,-1.671130e+02,3.833354e-01,4.562752e+01,1.186695e-01,-1.765907e+01,6.861403e-01,-8.071566e+01
691.83097,6.739793e-01,-1.680658e+02,3.473237e-01,4.135353e+01,1.160173e-01,-1.967680e+01,7.028507e-01,-8.539778e+01
758.57758,6.746351e-01,-1.689332e+02,3.144862e-01,3.696158e+01,1.130647e-01,-2.167884e+01,7.205493e-01,-9.015978e+01
831.76377,6.754080e-01,-1.697235e+02,2.845979e-01,3.247449e+01,1.098219e-01,-2.364795e+01,7.389777e-01,-9.496455e+01
912.01084,6.762762e-01,-1.704439e+02,2.574512e-01,2.792135e+01,1.063087e-01,-2.556381e+01,7.578424e-01,-9.977446e+01
1000.00000,6.772166e-01,-1.711012e+02,2.328520e-01,2.333704e+01,1.025552e-01,-2.740361e+01,7.768299e-01,-1.045524e+02
1096.47820,6.782053e-01,-1.717013e+02,2.106176e-01,1.876135e+01,9.860116e-02,-2.914297e+01,7.956238e-01,-1.092630e+02
1202.26443,6.792191e-01,-1.722489e+02,1.905736e-01,1.423771e+01,9.449454e-02,-3.075692e+01,8.139237e-01,-1.138732e+02
1318.25674,6.802364e-01,-1.727482e+02,1.725523e-01,9.811597e+00,9.028933e-02,-3.222112e+01,8.314616e-01,-1.183534e+02
1445.43977,6.812381e-01,-1.732025e+02,1.563915e-01,5.528753e+00,8.604283e-02,-3.351301e+01,8.480154e-01,-1.226782e+02
1584.89319,6.822085e-01,-1.736144e+02,1.419343e-01,1.433333e+00,8.181267e-02,-3.461294e+01,8.634170e-01,-1.268264e+02
1737.80083,6.831364e-01,-1.739861e+02,1.290302e-01,-2.433852e+00,7.765394e-02,-3.550515e+01,8.775554e-01,-1.307817e+02
1905.46072,6.840144e-01,-1.743191e+02,1.175353e-01,-6.036869e+00,7.361682e-02,-3.617858e+01,8.903743e-01,-1.345324e+02
2089.29613,6.848399e-01,-1.746147e+02,1.073139e-01,-9.345908e+00,6.974465e-02,-3.662738e+01,9.018663e-01,-1.380712e+02
2290.86765,6.856139e-01,-1.748739e+02,9.823969e-02,-1.233817e+01,6.607284e-02,-3.685136e+01,9.120645e-01,-1.413950e+02
2511.88643,6.863410e-01,-1.750975e+02,9.019580e-02,-1.499842e+01,6.262832e-02,-3.685607e+01,9.210328e-01,-1.445041e+02
2754.22870,6.870287e-01,-1.752861e+02,8.307566e-02,-1.731920e+01,5.942961e-02,-3.665271e+01,9.288565e-01,-1.474018e+02
3019.95172,6.876870e-01,-1.754402e+02,7.678265e-02,-1.930081e+01,5.648729e-02,-3.625788e+01,9.356341e-01,-1.500940e+02
3311.31121,6.883281e-01,-1.755604e+02,7.122968e-02,-2.095101e+01,5.380477e-02,-3.569297e+01,9.414697e-01,-1.525883e+02
3630.78055,6.889659e-01,-1.756470e+02,6.633842e-02,-2.228460e+01,5.137928e-02,-3.498351e+01,9.464681e-01,-1.548936e+02
3981.07171,6.896162e-01,-1.757001e+02,6.203849e-02,-2.332276e+01,4.920284e-02,-3.415815e+01,9.507301e-01,-1.570199e+02
4365.15832,6.902965e-01,-1.757200e+02,5.826646e-02,-2.409230e+01,4.726336e-02,-3.324767e+01,9.543504e-01,-1.589774e+02
4786.30092,6.910262e-01,-1.757068e+02,5.496499e-02,-2.462463e+01,4.554564e-02,-3.228379e+01,9.574160e-01,-1.607769e+02
5248.07460,6.918270e-01,-1.756603e+02,5.208198e-02,-2.495479e+01,4.403226e-02,-3.129806e+01,9.600049e-01,-1.624290e+02
5754.39937,6.927231e-01,-1.755805e+02,4.956989e-02,-2.512012e+01,4.270444e-02,-3.032085e+01,9.621867e-01,-1.639440e+02
6309.57344,6.937417e-01,-1.754674e+02,4.738512e-02,-2.515911e+01,4.154273e-02,-2.938048e+01,9.640224e-01,-1.653319e+02
6918.30971,6.949138e-01,-1.753207e+02,4.548760e-02,-2.511013e+01,4.052760e-02,-2.850265e+01,9.655650e-01,-1.666024e+02
7585.77575,6.962743e-01,-1.751404e+02,4.384046e-02,-2.501032e+01,3.963988e-02,-2.771004e+01,9.668604e-01,-1.677647e+02
8317.63771,6.978632e-01,-1.749265e+02,4.240972e-02,-2.489465e+01,3.886108e-02,-2.702222e+01,9.679481e-01,-1.688273e+02
9120.10839,6.997255e-01,-1.746793e+02,4.116409e-02,-2.479523e+01,3.817358e-02,-2.645566e+01,9.688618e-01,-1.697982e+02
10000.00000,7.019122e-01,-1.743993e+02,4.007481e-02,-2.474083e+01,3.756073e-02,-2.602396e+01,9.696302e-01,-1.706850e+02
