! ! 
! S ! 
! ! 
! # MHz  S  MA  R  50.00000
! ! ===================================================================
1.00000,9.927949e-01,-7.611323e-01,1.153893e-01,1.783204e+02,2.343199e-03,8.949115e+01,9.510815e-01,-1.477851e-01
1.09648,9.927912e-01,-8.345620e-01,1.153935e-01,1.781583e+02,2.569249e-03,8.944202e+01,9.510806e-01,-1.620407e-01
1.20226,9.927868e-01,-9.150752e-01,1.153984e-01,1.779807e+02,2.817103e-03,8.938816e+01,9.510796e-01,-1.776717e-01
1.31826,9.927815e-01,-1.003355e+00,1.154043e-01,1.777859e+02,3.088863e-03,8.932910e+01,9.510783e-01,-1.948108e-01
1.44544,9.927751e-01,-1.100150e+00,1.154115e-01,1.775723e+02,3.386831e-03,8.926435e+01,9.510768e-01,-2.136032e-01
1.58489,9.927674e-01,-1.206282e+00,1.154200e-01,1.773381e+02,3.713535e-03,8.919336e+01,9.510749e-01,-2.342085e-01
1.73780,9.927581e-01,-1.322651e+00,1.154303e-01,1.770814e+02,4.071742e-03,8.911552e+01,9.510727e-01,-2.568015e-01
1.90546,9.927469e-01,-1.450243e+00,1.154427e-01,1.768000e+02,4.464487e-03,8.903018e+01,9.510701e-01,-2.815736e-01
2.08930,9.927335e-01,-1.590140e+00,1.154576e-01,1.764915e+02,4.895095e-03,8.893661e+01,9.510669e-01,-3.087351e-01
2.29087,9.927174e-01,-1.743528e+00,1.154755e-01,1.761533e+02,5.367209e-03,8.883402e+01,9.510631e-01,-3.385161e-01
2.51189,9.926981e-01,-1.911706e+00,1.154970e-01,1.757827e+02,5.884822e-03,8.872154e+01,9.510584e-01,-3.711691e-01
2.75423,9.926748e-01,-2.096099e+00,1.155229e-01,1.753764e+02,6.452309e-03,8.859821e+01,9.510529e-01,-4.069706e-01
3.01995,9.926468e-01,-2.298268e+00,1.155540e-01,1.749311e+02,7.074459e-03,8.846300e+01,9.510463e-01,-4.462240e-01
3.31131,9.926132e-01,-2.519922e+00,1.155913e-01,1.744430e+02,7.756521e-03,8.831476e+01,9.510383e-01,-4.892613e-01
3.63078,9.925728e-01,-2.762937e+00,1.156362e-01,1.739083e+02,8.504236e-03,8.815225e+01,9.510286e-01,-5.364468e-01
3.98107,9.925242e-01,-3.029364e+00,1.156901e-01,1.733224e+02,9.323893e-03,8.797407e+01,9.510171e-01,-5.881794e-01
4.36516,9.924659e-01,-3.321453e+00,1.157548e-01,1.726805e+02,1.022237e-02,8.777875e+01,9.510032e-01,-6.448959e-01
4.78630,9.923957e-01,-3.641665e+00,1.158325e-01,1.719775e+02,1.120719e-02,8.756462e+01,9.509865e-01,-7.070750e-01
5.24807,9.923114e-01,-3.992695e+00,1.159259e-01,1.712076e+02,1.228657e-02,8.732989e+01,9.509664e-01,-7.752408e-01
5.75440,9.922101e-01,-4.377493e+00,1.160380e-01,1.703648e+02,1.346949e-02,8.707260e+01,9.509423e-01,-8.499669e-01
6.30957,9.920883e-01,-4.799286e+00,1.161724e-01,1.694424e+02,1.476576e-02,8.679058e+01,9.509134e-01,-9.318810e-01
6.91831,9.919421e-01,-5.261602e+00,1.163337e-01,1.684333e+02,1.618607e-02,8.648149e+01,9.508786e-01,-1.021670e+00
7.58578,9.917665e-01,-5.768295e+00,1.165272e-01,1.673297e+02,1.774204e-02,8.614276e+01,9.508368e-01,-1.120085e+00
8.31764,9.915556e-01,-6.323575e+00,1.167590e-01,1.661235e+02,1.944635e-02,8.577157e+01,9.507867e-01,-1.227945e+00
9.12011,9.913024e-01,-6.932037e+00,1.170366e-01,1.648061e+02,2.131275e-02,8.536489e+01,9.507265e-01,-1.346148e+00
10.00000,9.909985e-01,-7.598687e+00,1.173688e-01,1.633681e+02,2.335612e-02,8.491936e+01,9.506543e-01,-1.475671e+00
10.96478,9.906340e-01,-8.328976e+00,1.177660e-01,1.617999e+02,2.559258e-02,8.443139e+01,9.505677e-01,-1.617578e+00
12.02264,9.901967e-01,-9.128831e+00,1.182404e-01,1.600916e+02,2.803947e-02,8.389702e+01,9.504638e-01,-1.773032e+00
13.18257,9.896726e-01,-1.000468e+01,1.188062e-01,1.582328e+02,3.071545e-02,8.331202e+01,9.503394e-01,-1.943293e+00
14.45440,9.890446e-01,-1.096350e+01,1.194802e-01,1.562132e+02,3.364040e-02,8.267178e+01,9.501904e-01,-2.129729e+00
15.84893,9.882929e-01,-1.201279e+01,1.202814e-01,1.540227e+02,3.683552e-02,8.197133e+01,9.500122e-01,-2.333826e+00
17.37801,9.873937e-01,-1.316067e+01,1.212319e-01,1.516513e+02,4.032314e-02,8.120538e+01,9.497991e-01,-2.557186e+00
19.05461,9.863193e-01,-1.441582e+01,1.223568e-01,1.490898e+02,4.412662e-02,8.036822e+01,9.495447e-01,-2.801536e+00
20.89296,9.850370e-01,-1.578750e+01,1.236843e-01,1.463302e+02,4.827015e-02,7.945383e+01,9.492415e-01,-3.068733e+00
22.90868,9.835088e-01,-1.728558e+01,1.252454e-01,1.433658e+02,5.277839e-02,7.845583e+01,9.488805e-01,-3.360763e+00
25.11886,9.816907e-01,-1.892042e+01,1.270742e-01,1.401918e+02,5.767600e-02,7.736756e+01,9.484517e-01,-3.679743e+00
27.54229,9.795321e-01,-2.070286e+01,1.292071e-01,1.368057e+02,6.298704e-02,7.618212e+01,9.479435e-01,-4.027914e+00
30.19952,9.769755e-01,-2.264411e+01,1.316821e-01,1.332079e+02,6.873412e-02,7.489245e+01,9.473430e-01,-4.407640e+00
33.11311,9.739561e-01,-2.475559e+01,1.345374e-01,1.294016e+02,7.493737e-02,7.349149e+01,9.466355e-01,-4.821395e+00
36.30781,9.704023e-01,-2.704872e+01,1.378100e-01,1.253935e+02,8.161312e-02,7.197227e+01,9.458053e-01,-5.271749e+00
39.81072,9.662361e-01,-2.953469e+01,1.415338e-01,1.211933e+02,8.877232e-02,7.032819e+01,9.448355e-01,-5.761354e+00
43.65158,9.613745e-01,-3.222410e+01,1.457369e-01,1.168139e+02,9.641872e-02,6.855321e+01,9.437088e-01,-6.292926e+00
47.86301,9.557322e-01,-3.512652e+01,1.504390e-01,1.122712e+02,1.045468e-01,6.664218e+01,9.424077e-01,-6.869228e+00
52.48075,9.492247e-01,-3.825002e+01,1.556484e-01,1.075831e+02,1.131397e-01,6.459116e+01,9.409159e-01,-7.493062e+00
57.54399,9.417734e-01,-4.160062e+01,1.613591e-01,1.027695e+02,1.221669e-01,6.239781e+01,9.392197e-01,-8.167268e+00
63.09573,9.333112e-01,-4.518160e+01,1.675486e-01,9.785171e+01,1.315825e-01,6.006179e+01,9.373091e-01,-8.894753e+00
69.18310,9.237901e-01,-4.899288e+01,1.741754e-01,9.285158e+01,1.413239e-01,5.758507e+01,9.351798e-01,-9.678529e+00
75.85776,9.131890e-01,-5.303038e+01,1.811785e-01,8.779147e+01,1.513112e-01,5.497229e+01,9.328350e-01,-1.052181e+01
83.17638,9.015212e-01,-5.728540e+01,1.884779e-01,8.269380e+01,1.614479e-01,5.223094e+01,9.302871e-01,-1.142814e+01
91.20108,8.888418e-01,-6.174422e+01,1.959760e-01,7.758083e+01,1.716232e-01,4.937138e+01,9.275589e-01,-1.240155e+01
100.00000,8.752512e-01,-6.638782e+01,2.035617e-01,7.247444e+01,1.817153e-01,4.640671e+01,9.246839e-01,-1.344675e+01
109.64782,8.608969e-01,-7.119191e+01,2.111147e-01,6.739586e+01,1.915966e-01,4.335236e+01,9.217063e-01,-1.456941e+01
120.22644,8.459693e-01,-7.612724e+01,2.185119e-01,6.236534e+01,2.011395e-01,4.022552e+01,9.186788e-01,-1.577626e+01
131.82567,8.306942e-01,-8.116023e+01,2.256331e-01,5.740175e+01,2.102225e-01,3.704433e+01,9.156609e-01,-1.707535e+01
144.54398,8.153198e-01,-8.625390e+01,2.323670e-01,5.252199e+01,2.187360e-01,3.382700e+01,9.127150e-01,-1.847612e+01
158.48932,8.001023e-01,-9.136906e+01,2.386162e-01,4.774055e+01,2.265868e-01,3.059089e+01,9.099032e-01,-1.998939e+01
173.78008,7.852893e-01,-9.646563e+01,2.442999e-01,4.306900e+01,2.337009e-01,2.735163e+01,9.072844e-01,-2.162728e+01
190.54607,7.711056e-01,-1.015041e+02,2.493553e-01,3.851560e+01,2.400247e-01,2.412248e+01,9.049110e-01,-2.340305e+01
208.92961,7.577413e-01,-1.064468e+02,2.537369e-01,3.408516e+01,2.455235e-01,2.091377e+01,9.028279e-01,-2.533078e+01
229.08677,7.453439e-01,-1.112592e+02,2.574146e-01,2.977899e+01,2.501790e-01,1.773275e+01,9.010718e-01,-2.742509e+01
251.18864,7.340160e-01,-1.159111e+02,2.603703e-01,2.559515e+01,2.539856e-01,1.458351e+01,8.996713e-01,-2.970069e+01
275.42287,7.238157e-01,-1.203771e+02,2.625942e-01,2.152877e+01,2.569466e-01,1.146729e+01,8.986482e-01,-3.217201e+01
301.99517,7.147619e-01,-1.246369e+02,2.640811e-01,1.757265e+01,2.590695e-01,8.382815e+00,8.980187e-01,-3.485271e+01
331.13112,7.068401e-01,-1.286761e+02,2.648275e-01,1.371782e+01,2.603630e-01,5.326913e+00,8.977952e-01,-3.775513e+01
363.07805,7.000106e-01,-1.324851e+02,2.648286e-01,9.954263e+00,2.608339e-01,2.295104e+00,8.979866e-01,-4.088977e+01
398.10717,6.942152e-01,-1.360594e+02,2.640769e-01,6.271666e+00,2.604853e-01,-7.176745e-01,8.985996e-01,-4.426458e+01
436.51583,6.893840e-01,-1.393990e+02,2.625620e-01,2.660152e+00,2.593166e-01,-3.716347e+00,8.996386e-01,-4.788433e+01
478.63009,6.854406e-01,-1.425075e+02,2.602707e-01,-8.889732e-01,2.573233e-01,-6.704968e+00,9.011044e-01,-5.174981e+01
524.80746,6.823058e-01,-1.453916e+02,2.571890e-01,-4.382520e+00,2.544991e-01,-9.686020e+00,9.029938e-01,-5.585713e+01
575.43994,6.799005e-01,-1.480604e+02,2.533047e-01,-7.824772e+00,2.508386e-01,-1.265976e+01,9.052969e-01,-6.019702e+01
630.95734,6.781466e-01,-1.505249e+02,2.486108e-01,-1.121694e+01,2.463407e-01,-1.562369e+01,9.079959e-01,-6.475426e+01
691.83097,6.769679e-01,-1.527971e+02,2.431096e-01,-1.455677e+01,2.410127e-01,-1.857208e+01,9.110626e-01,-6.950742e+01
758.57758,6.762901e-01,-1.548900e+02,2.368167e-01,-1.783828e+01,2.348746e-01,-2.149581e+01,9.144573e-01,-7.442883e+01
831.76377,6.760409e-01,-1.568163e+02,2.297648e-01,-2.105182e+01,2.279624e-01,-2.438229e+01,9.181285e-01,-7.948504e+01
912.01084,6.761499e-01,-1.585887e+02,2.220059e-01,-2.418426e+01,2.203312e-01,-2.721569e+01,9.220137e-01,-8.463763e+01
1000.00000,6.765494e-01,-1.602193e+02,2.136129e-01,-2.721948e+01,2.120560e-01,-2.997745e+01,9.260414e-01,-8.984454e+01
1096.47820,6.771748e-01,-1.617192e+02,2.046781e-01,-3.013915e+01,2.032309e-01,-3.264696e+01,9.301348e-01,-9.506163e+01
1202.26443,6.779662e-01,-1.630987e+02,1.953110e-01,-3.292352e+01,1.939668e-01,-3.520240e+01,9.342165e-01,-1.002445e+02
1318.25674,6.788695e-01,-1.643667e+02,1.856332e-01,-3.555244e+01,1.843861e-01,-3.762172e+01,9.382123e-01,-1.053503e+02
1445.43977,6.798374e-01,-1.655312e+02,1.757731e-01,-3.800626e+01,1.746179e-01,-3.988353e+01,9.420562e-01,-1.103395e+02
1584.89319,6.808305e-01,-1.665992e+02,1.658594e-01,-4.026672e+01,1.647914e-01,-4.196800e+01,9.456934e-01,-1.151771e+02
1737.80083,6.818178e-01,-1.675768e+02,1.560153e-01,-4.231760e+01,1.550299e-01,-4.385745e+01,9.490824e-01,-1.198336e+02
1905.46072,6.827763e-01,-1.684692e+02,1.463535e-01,-4.414523e+01,1.454464e-01,-4.553691e+01,9.521956e-01,-1.242857e+02
2089.29613,6.836910e-01,-1.692812e+02,1.369724e-01,-4.573882e+01,1.361394e-01,-4.699438e+01,9.550186e-01,-1.285162e+02
2290.86765,6.845536e-01,-1.700171e+02,1.279541e-01,-4.709053e+01,1.271911e-01,-4.822097e+01,9.575488e-01,-1.325138e+02
2511.88643,6.853617e-01,-1.706806e+02,1.193636e-01,-4.819558e+01,1.186663e-01,-4.921090e+01,9.597929e-01,-1.362725e+02
2754.22870,6.861179e-01,-1.712752e+02,1.112488e-01,-4.905213e+01,1.106134e-01,-4.996150e+01,9.617652e-01,-1.397911e+02
3019.95172,6.868286e-01,-1.718043e+02,1.036421e-01,-4.966128e+01,1.030647e-01,-5.047309e+01,9.634846e-01,-1.430722e+02
3311.31121,6.875030e-01,-1.722707e+02,9.656224e-02,-5.002702e+01,9.603893e-02,-5.074900e+01,9.649733e-01,-1.461216e+02
3630.78055,6.881529e-01,-1.726772e+02,9.001587e-02,-5.015626e+01,8.954307e-02,-5.079559e+01,9.662544e-01,-1.489474e+02
3981.07171,6.887922e-01,-1.730264e+02,8.399993e-02,-5.005891e+01,8.357413e-02,-5.062225e+01,9.673515e-01,-1.515594e+02
4365.15832,6.894362e-01,-1.733204e+02,7.850342e-02,-4.974797e+01,7.812126e-02,-5.024160e+01,9.682869e-01,-1.539688e+02
4786.30092,6.901021e-01,-1.735613e+02,7.350912e-02,-4.923967e+01,7.316735e-02,-4.966954e+01,9.690817e-01,-1.561870e+02
5248.07460,6.908087e-01,-1.737508e+02,6.899498e-02,-4.855354e+01,6.869052e-02,-4.892533e+01,9.697553e-01,-1.582262e+02
5754.39937,6.915771e-01,-1.738906e+02,6.493535e-02,-4.771239e+01,6.466523e-02,-4.803154e+01,9.703250e-01,-1.600982e+02
6309.57344,6.924304e-01,-1.739821e+02,6.130192e-02,-4.674216e+01,6.106329e-02,-4.701392e+01,9.708063e-01,-1.618149e+02
6918.30971,6.933947e-01,-1.740263e+02,5.806452e-02,-4.567154e+01,5.785465e-02,-4.590097e+01,9.712126e-01,-1.633877e+02
7585.77575,6.944994e-01,-1.740245e+02,5.519172e-02,-4.453146e+01,5.500800e-02,-4.472340e+01,9.715559e-01,-1.648274e+02
8317.63771,6.957780e-01,-1.739776e+02,5.265146e-02,-4.335430e+01,5.249137e-02,-4.351338e+01,9.718464e-01,-1.661444e+02
9120.10839,6.972680e-01,-1.738865e+02,5.041140e-02,-4.217305e+01,5.027258e-02,-4.230364e+01,9.720930e-01,-1.673485e+02
10000.00000,6.990126e-01,-1.737524e+02,4.843945e-02,-4.102034e+01,4.831963e-02,-4.112649e+01,9.723033e-01,-1.684487e+02
