! ! 
! S ! 
! ! 
! # MHz  S  MA  R  50.00000
! ! ===================================================================
1.00000,9.927552e-01,-7.620092e-01,1.186472e-01,1.783519e+02,2.343223e-03,8.949065e+01,9.510777e-01,-1.480600e-01
1.09648,9.927515e-01,-8.355236e-01,1.186512e-01,1.781928e+02,2.569276e-03,8.944147e+01,9.510768e-01,-1.623422e-01
1.20226,9.927471e-01,-9.161295e-01,1.186559e-01,1.780184e+02,2.817133e-03,8.938755e+01,9.510757e-01,-1.780023e-01
1.31826,9.927417e-01,-1.004511e+00,1.186616e-01,1.778273e+02,3.088895e-03,8.932844e+01,9.510745e-01,-1.951732e-01
1.44544,9.927353e-01,-1.101418e+00,1.186685e-01,1.776177e+02,3.386867e-03,8.926363e+01,9.510729e-01,-2.140006e-01
1.58489,9.927276e-01,-1.207672e+00,1.186768e-01,1.773879e+02,3.713574e-03,8.919256e+01,9.510711e-01,-2.346442e-01
1.73780,9.927183e-01,-1.324175e+00,1.186867e-01,1.771360e+02,4.071785e-03,8.911465e+01,9.510689e-01,-2.572792e-01
1.90546,9.927071e-01,-1.451914e+00,1.186986e-01,1.768598e+02,4.464533e-03,8.902922e+01,9.510662e-01,-2.820974e-01
2.08930,9.926937e-01,-1.591972e+00,1.187129e-01,1.765571e+02,4.895145e-03,8.893556e+01,9.510630e-01,-3.093094e-01
2.29087,9.926776e-01,-1.745536e+00,1.187301e-01,1.762252e+02,5.367264e-03,8.883286e+01,9.510591e-01,-3.391458e-01
2.51189,9.926582e-01,-1.913908e+00,1.187508e-01,1.758614e+02,5.884882e-03,8.872027e+01,9.510545e-01,-3.718594e-01
2.75423,9.926349e-01,-2.098514e+00,1.187757e-01,1.754627e+02,6.452374e-03,8.859682e+01,9.510489e-01,-4.077275e-01
3.01995,9.926068e-01,-2.300915e+00,1.188056e-01,1.750257e+02,7.074530e-03,8.846148e+01,9.510422e-01,-4.470538e-01
3.31131,9.925731e-01,-2.522825e+00,1.188415e-01,1.745467e+02,7.756597e-03,8.831310e+01,9.510341e-01,-4.901711e-01
3.63078,9.925326e-01,-2.766119e+00,1.188847e-01,1.740218e+02,8.504319e-03,8.815042e+01,9.510244e-01,-5.374442e-01
3.98107,9.924840e-01,-3.032853e+00,1.189366e-01,1.734467e+02,9.323982e-03,8.797207e+01,9.510128e-01,-5.892728e-01
4.36516,9.924255e-01,-3.325277e+00,1.189989e-01,1.728167e+02,1.022246e-02,8.777655e+01,9.509987e-01,-6.460945e-01
4.78630,9.923552e-01,-3.645857e+00,1.190737e-01,1.721266e+02,1.120729e-02,8.756221e+01,9.509819e-01,-7.083889e-01
5.24807,9.922707e-01,-3.997291e+00,1.191635e-01,1.713708e+02,1.228668e-02,8.732725e+01,9.509617e-01,-7.766810e-01
5.75440,9.921691e-01,-4.382532e+00,1.192714e-01,1.705433e+02,1.346961e-02,8.706970e+01,9.509374e-01,-8.515454e-01
6.30957,9.920472e-01,-4.804809e+00,1.194008e-01,1.696376e+02,1.476588e-02,8.678741e+01,9.509082e-01,-9.336111e-01
6.91831,9.919007e-01,-5.267655e+00,1.195561e-01,1.686466e+02,1.618618e-02,8.647801e+01,9.508731e-01,-1.023566e+00
7.58578,9.917247e-01,-5.774929e+00,1.197423e-01,1.675627e+02,1.774216e-02,8.613894e+01,9.508310e-01,-1.122162e+00
8.31764,9.915133e-01,-6.330845e+00,1.199655e-01,1.663778e+02,1.944646e-02,8.576740e+01,9.507805e-01,-1.230221e+00
9.12011,9.912596e-01,-6.940002e+00,1.202328e-01,1.650833e+02,2.131285e-02,8.536031e+01,9.507198e-01,-1.348641e+00
10.00000,9.909551e-01,-7.607414e+00,1.205527e-01,1.636701e+02,2.335620e-02,8.491435e+01,9.506470e-01,-1.478401e+00
10.96478,9.905898e-01,-8.338535e+00,1.209353e-01,1.621284e+02,2.559263e-02,8.442590e+01,9.505597e-01,-1.620569e+00
12.02264,9.901516e-01,-9.139300e+00,1.213924e-01,1.604483e+02,2.803948e-02,8.389102e+01,9.504550e-01,-1.776305e+00
13.18257,9.896264e-01,-1.001615e+01,1.219377e-01,1.586196e+02,3.071539e-02,8.330545e+01,9.503295e-01,-1.946875e+00
14.45440,9.889972e-01,-1.097604e+01,1.225874e-01,1.566317e+02,3.364026e-02,8.266458e+01,9.501793e-01,-2.133648e+00
15.84893,9.882440e-01,-1.202652e+01,1.233601e-01,1.544743e+02,3.683526e-02,8.196347e+01,9.499996e-01,-2.338110e+00
17.37801,9.873430e-01,-1.317568e+01,1.242772e-01,1.521372e+02,4.032270e-02,8.119678e+01,9.497848e-01,-2.561867e+00
19.05461,9.862665e-01,-1.443223e+01,1.253630e-01,1.496110e+02,4.412596e-02,8.035884e+01,9.495284e-01,-2.806649e+00
20.89296,9.849816e-01,-1.580544e+01,1.266450e-01,1.468869e+02,4.826919e-02,7.944359e+01,9.492227e-01,-3.074312e+00
22.90868,9.834504e-01,-1.730516e+01,1.281536e-01,1.439579e+02,5.277702e-02,7.844467e+01,9.488588e-01,-3.366845e+00
25.11886,9.816288e-01,-1.894178e+01,1.299223e-01,1.408183e+02,5.767409e-02,7.735540e+01,9.484266e-01,-3.686365e+00
27.54229,9.794661e-01,-2.072614e+01,1.319866e-01,1.374651e+02,6.298442e-02,7.616889e+01,9.479143e-01,-4.035116e+00
30.19952,9.769047e-01,-2.266946e+01,1.343842e-01,1.338975e+02,6.873059e-02,7.487809e+01,9.473089e-01,-4.415459e+00
33.11311,9.738798e-01,-2.478314e+01,1.371528e-01,1.301179e+02,7.493264e-02,7.347592e+01,9.465958e-01,-4.829869e+00
36.30781,9.703197e-01,-2.707863e+01,1.403295e-01,1.261320e+02,8.160684e-02,7.195543e+01,9.457591e-01,-5.280913e+00
39.81072,9.661462e-01,-2.956709e+01,1.439481e-01,1.219487e+02,8.876407e-02,7.031002e+01,9.447817e-01,-5.771240e+00
43.65158,9.612764e-01,-3.225912e+01,1.480371e-01,1.175804e+02,9.640796e-02,6.853366e+01,9.436462e-01,-6.303558e+00
47.86301,9.556251e-01,-3.516427e+01,1.526170e-01,1.130421e+02,1.045329e-01,6.662122e+01,9.423350e-01,-6.880626e+00
52.48075,9.491077e-01,-3.829060e+01,1.576971e-01,1.083518e+02,1.131218e-01,6.456877e+01,9.408318e-01,-7.505233e+00
57.54399,9.416457e-01,-4.164409e+01,1.632726e-01,1.035295e+02,1.221442e-01,6.237401e+01,9.391228e-01,-8.180211e+00
63.09573,9.331723e-01,-4.522799e+01,1.693224e-01,9.859657e+01,1.315539e-01,6.003661e+01,9.371979e-01,-8.908449e+00
69.18310,9.236398e-01,-4.904218e+01,1.758066e-01,9.357561e+01,1.412882e-01,5.755859e+01,9.350530e-01,-9.692947e+00
75.85776,9.130273e-01,-5.308251e+01,1.826659e-01,8.848974e+01,1.512671e-01,5.494461e+01,9.326913e-01,-1.053690e+01
83.17638,9.013489e-01,-5.734023e+01,1.898218e-01,8.336227e+01,1.613941e-01,5.220221e+01,9.301254e-01,-1.144384e+01
91.20108,8.886598e-01,-6.180156e+01,1.971786e-01,7.821645e+01,1.715582e-01,4.934179e+01,9.273783e-01,-1.241777e+01
100.00000,8.750612e-01,-6.644740e+01,2.046265e-01,7.307509e+01,1.816378e-01,4.637646e+01,9.244839e-01,-1.346341e+01
109.64782,8.607011e-01,-7.125341e+01,2.120466e-01,6.796036e+01,1.915055e-01,4.332172e+01,9.214866e-01,-1.458640e+01
120.22644,8.457705e-01,-7.619027e+01,2.193170e-01,6.289330e+01,2.010336e-01,4.019474e+01,9.184398e-01,-1.579348e+01
131.82567,8.304952e-01,-8.122436e+01,2.263186e-01,5.789344e+01,2.101011e-01,3.701369e+01,9.154030e-01,-1.709270e+01
144.54398,8.151237e-01,-8.631866e+01,2.329409e-01,5.297827e+01,2.185987e-01,3.379678e+01,9.124393e-01,-1.849350e+01
158.48932,7.999121e-01,-9.143396e+01,2.390870e-01,4.816269e+01,2.264334e-01,3.056135e+01,9.096110e-01,-2.000672e+01
173.78008,7.851079e-01,-9.653017e+01,2.446765e-01,4.345856e+01,2.335318e-01,2.732302e+01,9.069771e-01,-2.164450e+01
190.54607,7.709353e-01,-1.015678e+02,2.496466e-01,3.887437e+01,2.398405e-01,2.409500e+01,9.045906e-01,-2.342010e+01
208.92961,7.575840e-01,-1.065092e+02,2.539520e-01,3.441502e+01,2.453250e-01,2.088762e+01,9.024963e-01,-2.534764e+01
229.08677,7.452008e-01,-1.113199e+02,2.575621e-01,3.008188e+01,2.499674e-01,1.770805e+01,9.007309e-01,-2.744174e+01
251.18864,7.338877e-01,-1.159698e+02,2.604584e-01,2.587299e+01,2.537623e-01,1.456038e+01,8.993233e-01,-2.971714e+01
275.42287,7.237025e-01,-1.204334e+02,2.626307e-01,2.178346e+01,2.567130e-01,1.144579e+01,8.982951e-01,-3.218828e+01
301.99517,7.146633e-01,-1.246907e+02,2.640733e-01,1.780600e+01,2.588272e-01,8.363004e+00,8.976628e-01,-3.486881e+01
331.13112,7.067555e-01,-1.287271e+02,2.647819e-01,1.393154e+01,2.601136e-01,5.308800e+00,8.974384e-01,-3.777111e+01
363.07805,6.999389e-01,-1.325333e+02,2.647512e-01,1.014999e+01,2.605789e-01,2.278686e+00,8.976310e-01,-4.090565e+01
398.10717,6.941553e-01,-1.361048e+02,2.639732e-01,6.450909e+00,2.602263e-01,-7.324191e-01,8.982474e-01,-4.428040e+01
436.51583,6.893347e-01,-1.394415e+02,2.624368e-01,2.824331e+00,2.590552e-01,-3.729450e+00,8.992917e-01,-4.790012e+01
478.63009,6.854005e-01,-1.425472e+02,2.601283e-01,-7.385466e-01,2.570609e-01,-6.716469e+00,9.007650e-01,-5.176559e+01
524.80746,6.822738e-01,-1.454286e+02,2.570332e-01,-4.244633e+00,2.542372e-01,-9.695964e+00,9.026638e-01,-5.587292e+01
575.43994,6.798753e-01,-1.480948e+02,2.531390e-01,-7.698306e+00,2.505787e-01,-1.266820e+01,9.049783e-01,-6.021280e+01
630.95734,6.781271e-01,-1.505567e+02,2.484382e-01,-1.110087e+01,2.460840e-01,-1.563066e+01,9.076905e-01,-6.477002e+01
691.83097,6.769532e-01,-1.528267e+02,2.429329e-01,-1.445014e+01,2.407606e-01,-1.857764e+01,9.107720e-01,-6.952313e+01
758.57758,6.762792e-01,-1.549172e+02,2.366383e-01,-1.774022e+01,2.346283e-01,-2.150000e+01,9.141831e-01,-7.444444e+01
831.76377,6.760331e-01,-1.568414e+02,2.295867e-01,-2.096154e+01,2.277231e-01,-2.438513e+01,9.178719e-01,-7.950049e+01
912.01084,6.761445e-01,-1.586119e+02,2.218301e-01,-2.410101e+01,2.200999e-01,-2.721723e+01,9.217756e-01,-8.465286e+01
1000.00000,6.765458e-01,-1.602407e+02,2.134409e-01,-2.714260e+01,2.118335e-01,-2.997772e+01,9.258224e-01,-8.985948e+01
1096.47820,6.771726e-01,-1.617389e+02,2.045113e-01,-3.006800e+01,2.030181e-01,-3.264598e+01,9.299352e-01,-9.507619e+01
1202.26443,6.779651e-01,-1.631167e+02,1.951504e-01,-3.285754e+01,1.937642e-01,-3.520018e+01,9.340361e-01,-1.002586e+02
1318.25674,6.788691e-01,-1.643833e+02,1.854797e-01,-3.549110e+01,1.841942e-01,-3.761827e+01,9.380506e-01,-1.053639e+02
1445.43977,6.798374e-01,-1.655464e+02,1.756273e-01,-3.794907e+01,1.744371e-01,-3.987886e+01,9.419125e-01,-1.103526e+02
1584.89319,6.808308e-01,-1.666132e+02,1.657217e-01,-4.021323e+01,1.646216e-01,-4.196210e+01,9.455667e-01,-1.151895e+02
1737.80083,6.818183e-01,-1.675896e+02,1.558859e-01,-4.226740e+01,1.548713e-01,-4.385031e+01,9.489715e-01,-1.198454e+02
1905.46072,6.827769e-01,-1.684809e+02,1.462325e-01,-4.409793e+01,1.452988e-01,-4.552851e+01,9.520992e-01,-1.242968e+02
2089.29613,6.836916e-01,-1.692920e+02,1.368598e-01,-4.569406e+01,1.360026e-01,-4.698470e+01,9.549352e-01,-1.285266e+02
2290.86765,6.845542e-01,-1.700269e+02,1.278497e-01,-4.704799e+01,1.270646e-01,-4.820998e+01,9.574770e-01,-1.325235e+02
2511.88643,6.853623e-01,-1.706895e+02,1.192672e-01,-4.815494e+01,1.185499e-01,-4.919859e+01,9.597315e-01,-1.362815e+02
2754.22870,6.861185e-01,-1.712834e+02,1.111600e-01,-4.901313e+01,1.105065e-01,-4.994784e+01,9.617129e-01,-1.397995e+02
3019.95172,6.868290e-01,-1.718118e+02,1.035607e-01,-4.962368e+01,1.029668e-01,-5.045808e+01,9.634402e-01,-1.430800e+02
3311.31121,6.875034e-01,-1.722775e+02,9.648777e-02,-4.999059e+01,9.594964e-02,-5.073265e+01,9.649357e-01,-1.461288e+02
3630.78055,6.881533e-01,-1.726835e+02,8.994793e-02,-5.012083e+01,8.946180e-02,-5.077790e+01,9.662228e-01,-1.489540e+02
3981.07171,6.887925e-01,-1.730321e+02,8.393813e-02,-5.002432e+01,8.350035e-02,-5.060327e+01,9.673248e-01,-1.515656e+02
4365.15832,6.894365e-01,-1.733255e+02,7.844734e-02,-4.971410e+01,7.805446e-02,-5.022139e+01,9.682645e-01,-1.539744e+02
4786.30092,6.901023e-01,-1.735660e+02,7.345835e-02,-4.920643e+01,7.310703e-02,-4.964818e+01,9.690630e-01,-1.561922e+02
5248.07460,6.908090e-01,-1.737551e+02,6.894913e-02,-4.852090e+01,6.863618e-02,-4.890293e+01,9.697397e-01,-1.582309e+02
5754.39937,6.915773e-01,-1.738945e+02,6.489404e-02,-4.768033e+01,6.461640e-02,-4.800825e+01,9.703119e-01,-1.601026e+02
6309.57344,6.924307e-01,-1.739856e+02,6.126476e-02,-4.671070e+01,6.101951e-02,-4.698991e+01,9.707954e-01,-1.618189e+02
6918.30971,6.933950e-01,-1.740295e+02,5.803115e-02,-4.564074e+01,5.781547e-02,-4.587644e+01,9.712035e-01,-1.633913e+02
7585.77575,6.944998e-01,-1.740274e+02,5.516180e-02,-4.450139e+01,5.497300e-02,-4.469856e+01,9.715484e-01,-1.648307e+02
8317.63771,6.957784e-01,-1.739802e+02,5.262464e-02,-4.332505e+01,5.246014e-02,-4.348846e+01,9.718401e-01,-1.661475e+02
9120.10839,6.972686e-01,-1.738889e+02,5.038738e-02,-4.214473e+01,5.024473e-02,-4.227885e+01,9.720878e-01,-1.673513e+02
10000.00000,6.990133e-01,-1.737546e+02,4.841792e-02,-4.099304e+01,4.829481e-02,-4.110206e+01,9.722990e-01,-1.684512e+02
