! ! 
! S ! 
! ! 
! # MHz  S  MA  R  50.00000
! ! ===================================================================
1.00000,5.273333e-01,-1.736929e+02,6.003837e-01,1.090640e+02,1.528631e-01,2.428421e+00,7.523721e-01,-1.747179e+02
1.09648,5.316003e-01,-1.740068e+02,5.637724e-01,1.055341e+02,1.533973e-01,2.293832e+00,7.575281e-01,-1.749739e+02
1.20226,5.354566e-01,-1.743349e+02,5.282281e-01,1.020084e+02,1.538821e-01,2.149285e+00,7.621934e-01,-1.752429e+02
1.31826,5.389032e-01,-1.746696e+02,4.940629e-01,9.848864e+01,1.543170e-01,1.997868e+00,7.663672e-01,-1.755188e+02
1.44544,5.419531e-01,-1.750045e+02,4.615261e-01,9.497449e+01,1.547031e-01,1.842320e+00,7.700638e-01,-1.757960e+02
1.58489,5.446281e-01,-1.753344e+02,4.308051e-01,9.146357e+01,1.550426e-01,1.684951e+00,7.733086e-01,-1.760697e+02
1.73780,5.469561e-01,-1.756550e+02,4.020284e-01,8.795240e+01,1.553388e-01,1.527613e+00,7.761345e-01,-1.763364e+02
1.90546,5.489686e-01,-1.759630e+02,3.752718e-01,8.443710e+01,1.555952e-01,1.371706e+00,7.785788e-01,-1.765931e+02
2.08930,5.506982e-01,-1.762561e+02,3.505654e-01,8.091416e+01,1.558158e-01,1.218206e+00,7.806806e-01,-1.768377e+02
2.29087,5.521773e-01,-1.765327e+02,3.279014e-01,7.738121e+01,1.560046e-01,1.067712e+00,7.824787e-01,-1.770689e+02
2.51189,5.534368e-01,-1.767919e+02,3.072406e-01,7.383772e+01,1.561653e-01,9.204988e-01,7.840105e-01,-1.772856e+02
2.75423,5.545054e-01,-1.770332e+02,2.885194e-01,7.028551e+01,1.563015e-01,7.765688e-01,7.853106e-01,-1.774874e+02
3.01995,5.554095e-01,-1.772566e+02,2.716550e-01,6.672921e+01,1.564165e-01,6.356991e-01,7.864110e-01,-1.776743e+02
3.31131,5.561726e-01,-1.774624e+02,2.565503e-01,6.317638e+01,1.565133e-01,4.974847e-01,7.873399e-01,-1.778464e+02
3.63078,5.568154e-01,-1.776510e+02,2.430980e-01,5.963747e+01,1.565943e-01,3.613743e-01,7.881227e-01,-1.780040e+02
3.98107,5.573561e-01,-1.778230e+02,2.311835e-01,5.612548e+01,1.566618e-01,2.266988e-01,7.887816e-01,-1.781476e+02
4.36516,5.578107e-01,-1.779791e+02,2.206884e-01,5.265537e+01,1.567179e-01,9.269297e-02,7.893357e-01,-1.782777e+02
4.78630,5.581928e-01,-1.781200e+02,2.114925e-01,4.924328e+01,1.567642e-01,-4.148741e-02,7.898016e-01,-1.783949e+02
5.24807,5.585140e-01,-1.782464e+02,2.034760e-01,4.590570e+01,1.568020e-01,-1.767548e-01,7.901937e-01,-1.784999e+02
5.75440,5.587844e-01,-1.783592e+02,1.965218e-01,4.265847e+01,1.568325e-01,-3.140827e-01,7.905242e-01,-1.785931e+02
6.30957,5.590127e-01,-1.784589e+02,1.905169e-01,3.951604e+01,1.568567e-01,-4.545021e-01,7.908035e-01,-1.786751e+02
6.91831,5.592061e-01,-1.785461e+02,1.853540e-01,3.649071e+01,1.568754e-01,-5.991009e-01,7.910407e-01,-1.787465e+02
7.58578,5.593709e-01,-1.786216e+02,1.809325e-01,3.359220e+01,1.568891e-01,-7.490262e-01,7.912434e-01,-1.788077e+02
8.31764,5.595125e-01,-1.786857e+02,1.771592e-01,3.082737e+01,1.568983e-01,-9.054877e-01,7.914182e-01,-1.788591e+02
9.12011,5.596357e-01,-1.787390e+02,1.739493e-01,2.820018e+01,1.569032e-01,-1.069764e+00,7.915710e-01,-1.789011e+02
10.00000,5.597444e-01,-1.787819e+02,1.712258e-01,2.571180e+01,1.569041e-01,-1.243210e+00,7.917067e-01,-1.789340e+02
10.96478,5.598423e-01,-1.788146e+02,1.689201e-01,2.336089e+01,1.569010e-01,-1.427263e+00,7.918300e-01,-1.789581e+02
12.02264,5.599326e-01,-1.788374e+02,1.669713e-01,2.114391e+01,1.568937e-01,-1.623457e+00,7.919449e-01,-1.789734e+02
13.18257,5.600185e-01,-1.788505e+02,1.653259e-01,1.905549e+01,1.568820e-01,-1.833431e+00,7.920553e-01,-1.789802e+02
14.45440,5.601028e-01,-1.788539e+02,1.639370e-01,1.708882e+01,1.568654e-01,-2.058937e+00,7.921650e-01,-1.789784e+02
15.84893,5.601883e-01,-1.788478e+02,1.627642e-01,1.523595e+01,1.568435e-01,-2.301861e+00,7.922775e-01,-1.789680e+02
17.37801,5.602779e-01,-1.788320e+02,1.617721e-01,1.348813e+01,1.568155e-01,-2.564229e+00,7.923968e-01,-1.789491e+02
19.05461,5.603746e-01,-1.788065e+02,1.609304e-01,1.183604e+01,1.567805e-01,-2.848226e+00,7.925267e-01,-1.789214e+02
20.89296,5.604818e-01,-1.787711e+02,1.602128e-01,1.027001e+01,1.567372e-01,-3.156211e+00,7.926717e-01,-1.788847e+02
22.90868,5.606028e-01,-1.787254e+02,1.595966e-01,8.780170e+00,1.566842e-01,-3.490730e+00,7.928366e-01,-1.788388e+02
25.11886,5.607418e-01,-1.786693e+02,1.590621e-01,7.356563e+00,1.566198e-01,-3.854537e+00,7.930269e-01,-1.787834e+02
27.54229,5.609034e-01,-1.786023e+02,1.585920e-01,5.989235e+00,1.565418e-01,-4.250605e+00,7.932489e-01,-1.787181e+02
30.19952,5.610928e-01,-1.785240e+02,1.581708e-01,4.668279e+00,1.564476e-01,-4.682150e+00,7.935098e-01,-1.786424e+02
33.11311,5.613163e-01,-1.784339e+02,1.577847e-01,3.383874e+00,1.563341e-01,-5.152641e+00,7.938181e-01,-1.785559e+02
36.30781,5.615810e-01,-1.783314e+02,1.574211e-01,2.126287e+00,1.561976e-01,-5.665818e+00,7.941838e-01,-1.784580e+02
39.81072,5.618954e-01,-1.782160e+02,1.570680e-01,8.858779e-01,1.560336e-01,-6.225705e+00,7.946186e-01,-1.783482e+02
43.65158,5.622694e-01,-1.780870e+02,1.567137e-01,-3.469090e-01,1.558369e-01,-6.836619e+00,7.951361e-01,-1.782260e+02
47.86301,5.627145e-01,-1.779438e+02,1.563467e-01,-1.581559e+00,1.556012e-01,-7.503178e+00,7.957523e-01,-1.780907e+02
52.48075,5.632442e-01,-1.777859e+02,1.559552e-01,-2.827494e+00,1.553190e-01,-8.230294e+00,7.964858e-01,-1.779419e+02
57.54399,5.638741e-01,-1.776127e+02,1.555268e-01,-4.094082e+00,1.549817e-01,-9.023169e+00,7.973584e-01,-1.777790e+02
63.09573,5.646224e-01,-1.774238e+02,1.550482e-01,-5.390628e+00,1.545788e-01,-9.887267e+00,7.983951e-01,-1.776018e+02
69.18310,5.655098e-01,-1.772188e+02,1.545047e-01,-6.726354e+00,1.540986e-01,-1.082828e+01,7.996246e-01,-1.774099e+02
75.85776,5.665597e-01,-1.769978e+02,1.538804e-01,-8.110367e+00,1.535270e-01,-1.185207e+01,8.010794e-01,-1.772034e+02
83.17638,5.677986e-01,-1.767610e+02,1.531575e-01,-9.551584e+00,1.528480e-01,-1.296457e+01,8.027962e-01,-1.769827e+02
91.20108,5.692556e-01,-1.765091e+02,1.523163e-01,-1.105864e+01,1.520435e-01,-1.417170e+01,8.048152e-01,-1.767485e+02
100.00000,5.709622e-01,-1.762432e+02,1.513349e-01,-1.263977e+01,1.510929e-01,-1.547917e+01,8.071803e-01,-1.765020e+02
109.64782,5.729519e-01,-1.759650e+02,1.501895e-01,-1.430258e+01,1.499732e-01,-1.689233e+01,8.099376e-01,-1.762451e+02
120.22644,5.752588e-01,-1.756770e+02,1.488540e-01,-1.605388e+01,1.486594e-01,-1.841587e+01,8.131347e-01,-1.759803e+02
131.82567,5.779165e-01,-1.753827e+02,1.473011e-01,-1.789938e+01,1.471247e-01,-2.005360e+01,8.168178e-01,-1.757111e+02
144.54398,5.809558e-01,-1.750860e+02,1.455019e-01,-1.984335e+01,1.453410e-01,-2.180804e+01,8.210296e-01,-1.754417e+02
158.48932,5.844025e-01,-1.747922e+02,1.434278e-01,-2.188829e+01,1.432802e-01,-2.368009e+01,8.258057e-01,-1.751773e+02
173.78008,5.882739e-01,-1.745069e+02,1.410511e-01,-2.403450e+01,1.409149e-01,-2.566859e+01,8.311701e-01,-1.749238e+02
190.54607,5.925762e-01,-1.742368e+02,1.383469e-01,-2.627974e+01,1.382206e-01,-2.776997e+01,8.371309e-01,-1.746878e+02
208.92961,5.973011e-01,-1.739886e+02,1.352949e-01,-2.861887e+01,1.351773e-01,-2.997789e+01,8.436762e-01,-1.744764e+02
229.08677,6.024231e-01,-1.737691e+02,1.318816e-01,-3.104362e+01,1.317719e-01,-3.228294e+01,8.507702e-01,-1.742964e+02
251.18864,6.078984e-01,-1.735845e+02,1.281024e-01,-3.354247e+01,1.279997e-01,-3.467260e+01,8.583510e-01,-1.741543e+02
275.42287,6.136644e-01,-1.734400e+02,1.239632e-01,-3.610071e+01,1.238669e-01,-3.713124e+01,8.663311e-01,-1.740557e+02
301.99517,6.196421e-01,-1.733394e+02,1.194818e-01,-3.870076e+01,1.193916e-01,-3.964044e+01,8.745994e-01,-1.740045e+02
331.13112,6.257399e-01,-1.732844e+02,1.146885e-01,-4.132269e+01,1.146039e-01,-4.217949e+01,8.830270e-01,-1.740029e+02
363.07805,6.318589e-01,-1.732747e+02,1.096253e-01,-4.394492e+01,1.095461e-01,-4.472610e+01,8.914745e-01,-1.740512e+02
398.10717,6.378996e-01,-1.733078e+02,1.043442e-01,-4.654506e+01,1.042701e-01,-4.725726e+01,8.998014e-01,-1.741475e+02
436.51583,6.437684e-01,-1.733793e+02,9.890483e-02,-4.910091e+01,9.883556e-02,-4.975017e+01,9.078749e-01,-1.742879e+02
478.63009,6.493838e-01,-1.734834e+02,9.337114e-02,-5.159128e+01,9.330655e-02,-5.218311e+01,9.155781e-01,-1.744672e+02
524.80746,6.546805e-01,-1.736128e+02,8.780802e-02,-5.399681e+01,8.774792e-02,-5.453624e+01,9.228164e-01,-1.746790e+02
575.43994,6.596121e-01,-1.737600e+02,8.227800e-02,-5.630057e+01,8.222218e-02,-5.679218e+01,9.295205e-01,-1.749166e+02
630.95734,6.641517e-01,-1.739172e+02,7.683844e-02,-5.848844e+01,7.678671e-02,-5.893639e+01,9.356473e-01,-1.751728e+02
691.83097,6.682907e-01,-1.740766e+02,7.153949e-02,-6.054924e+01,7.149166e-02,-6.095734e+01,9.411785e-01,-1.754412e+02
758.57758,6.720370e-01,-1.742316e+02,6.642287e-02,-6.247470e+01,6.637872e-02,-6.284641e+01,9.461171e-01,-1.757157e+02
831.76377,6.754117e-01,-1.743756e+02,6.152133e-02,-6.425926e+01,6.148065e-02,-6.459775e+01,9.504830e-01,-1.759910e+02
912.01084,6.784463e-01,-1.745035e+02,5.685887e-02,-6.589973e+01,5.682145e-02,-6.620786e+01,9.543090e-01,-1.762628e+02
1000.00000,6.811798e-01,-1.746105e+02,5.245137e-02,-6.739492e+01,5.241701e-02,-6.767532e+01,9.576362e-01,-1.765277e+02
1096.47820,6.836563e-01,-1.746930e+02,4.830757e-02,-6.874523e+01,4.827606e-02,-6.900027e+01,9.605104e-01,-1.767830e+02
1202.26443,6.859232e-01,-1.747479e+02,4.443015e-02,-6.995226e+01,4.440129e-02,-7.018411e+01,9.629788e-01,-1.770268e+02
1318.25674,6.880301e-01,-1.747726e+02,4.081687e-02,-7.101843e+01,4.079048e-02,-7.122906e+01,9.650882e-01,-1.772579e+02
1445.43977,6.900278e-01,-1.747652e+02,3.746168e-02,-7.194670e+01,3.743757e-02,-7.213791e+01,9.668832e-01,-1.774755e+02
1584.89319,6.919681e-01,-1.747242e+02,3.435566e-02,-7.274028e+01,3.433366e-02,-7.291370e+01,9.684051e-01,-1.776794e+02
1737.80083,6.939041e-01,-1.746485e+02,3.148788e-02,-7.340242e+01,3.146784e-02,-7.355953e+01,9.696914e-01,-1.778695e+02
1905.46072,6.958906e-01,-1.745372e+02,2.884610e-02,-7.393625e+01,2.882785e-02,-7.407838e+01,9.707759e-01,-1.780462e+02
2089.29613,6.979844e-01,-1.743900e+02,2.641730e-02,-7.434465e+01,2.640071e-02,-7.447304e+01,9.716882e-01,-1.782098e+02
2290.86765,7.002452e-01,-1.742067e+02,2.418815e-02,-7.463021e+01,2.417309e-02,-7.474595e+01,9.724542e-01,-1.783610e+02
2511.88643,7.027362e-01,-1.739876e+02,2.214534e-02,-7.479513e+01,2.213170e-02,-7.489925e+01,9.730963e-01,-1.785004e+02
2754.22870,7.055247e-01,-1.737336e+02,2.027582e-02,-7.484128e+01,2.026348e-02,-7.493468e+01,9.736340e-01,-1.786287e+02
3019.95172,7.086826e-01,-1.734463e+02,1.856697e-02,-7.477018e+01,1.855582e-02,-7.485369e+01,9.740837e-01,-1.787465e+02
3311.31121,7.122859e-01,-1.731278e+02,1.700671e-02,-7.458306e+01,1.699667e-02,-7.465744e+01,9.744594e-01,-1.788547e+02
3630.78055,7.164147e-01,-1.727813e+02,1.558360e-02,-7.428096e+01,1.557458e-02,-7.434691e+01,9.747731e-01,-1.789538e+02
3981.07171,7.211517e-01,-1.724114e+02,1.428684e-02,-7.386481e+01,1.427876e-02,-7.392296e+01,9.750349e-01,-1.790446e+02
4365.15832,7.265801e-01,-1.720235e+02,1.310627e-02,-7.333552e+01,1.309906e-02,-7.338647e+01,9.752532e-01,-1.791277e+02
4786.30092,7.327806e-01,-1.716247e+02,1.203243e-02,-7.269416e+01,1.202602e-02,-7.273845e+01,9.754352e-01,-1.792038e+02
5248.07460,7.398264e-01,-1.712235e+02,1.105645e-02,-7.194201e+01,1.105078e-02,-7.198017e+01,9.755869e-01,-1.792733e+02
5754.39937,7.477785e-01,-1.708298e+02,1.017007e-02,-7.108068e+01,1.016508e-02,-7.111320e+01,9.757132e-01,-1.793368e+02
6309.57344,7.566786e-01,-1.704549e+02,9.365605e-03,-7.011214e+01,9.361233e-03,-7.013951e+01,9.758184e-01,-1.793948e+02
6918.30971,7.665422e-01,-1.701106e+02,8.635897e-03,-6.903876e+01,8.632096e-03,-6.906144e+01,9.759061e-01,-1.794478e+02
7585.77575,7.773522e-01,-1.698094e+02,7.974307e-03,-6.786317e+01,7.971027e-03,-6.788162e+01,9.759790e-01,-1.794962e+02
8317.63771,7.890525e-01,-1.695630e+02,7.374684e-03,-6.658817e+01,7.371877e-03,-6.660286e+01,9.760397e-01,-1.795404e+02
9120.10839,8.015456e-01,-1.693822e+02,6.831356e-03,-6.521656e+01,6.828974e-03,-6.522792e+01,9.760903e-01,-1.795808e+02
10000.00000,8.146917e-01,-1.692757e+02,6.339123e-03,-6.375087e+01,6.337122e-03,-6.375935e+01,9.761324e-01,-1.796176e+02
