! ! 
! S ! 
! ! 
! # MHz  S  MA  R  50.00000
! ! ===================================================================
1.00000,9.926037e-01,-7.685695e-01,1.433696e-01,1.785426e+02,2.344649e-03,8.948682e+01,9.510487e-01,-1.502147e-01
1.09648,9.925999e-01,-8.427167e-01,1.433726e-01,1.784019e+02,2.570839e-03,8.943727e+01,9.510478e-01,-1.647047e-01
1.20226,9.925954e-01,-9.240165e-01,1.433761e-01,1.782477e+02,2.818846e-03,8.938295e+01,9.510466e-01,-1.805927e-01
1.31826,9.925900e-01,-1.013159e+00,1.433804e-01,1.780786e+02,3.090773e-03,8.932339e+01,9.510453e-01,-1.980134e-01
1.44544,9.925834e-01,-1.110900e+00,1.433856e-01,1.778933e+02,3.388925e-03,8.925809e+01,9.510436e-01,-2.171148e-01
1.58489,9.925756e-01,-1.218068e+00,1.433918e-01,1.776900e+02,3.715830e-03,8.918649e+01,9.510417e-01,-2.380588e-01
1.73780,9.925662e-01,-1.335574e+00,1.433992e-01,1.774672e+02,4.074257e-03,8.910799e+01,9.510393e-01,-2.610230e-01
1.90546,9.925548e-01,-1.464412e+00,1.434082e-01,1.772229e+02,4.467243e-03,8.902192e+01,9.510365e-01,-2.862023e-01
2.08930,9.925412e-01,-1.605676e+00,1.434190e-01,1.769551e+02,4.898114e-03,8.892755e+01,9.510331e-01,-3.138101e-01
2.29087,9.925248e-01,-1.760562e+00,1.434319e-01,1.766615e+02,5.370516e-03,8.882409e+01,9.510289e-01,-3.440804e-01
2.51189,9.925051e-01,-1.930382e+00,1.434475e-01,1.763396e+02,5.888445e-03,8.871065e+01,9.510240e-01,-3.772697e-01
2.75423,9.924814e-01,-2.116576e+00,1.434662e-01,1.759868e+02,6.456275e-03,8.858628e+01,9.510181e-01,-4.136593e-01
3.01995,9.924529e-01,-2.320718e+00,1.434886e-01,1.756000e+02,7.078802e-03,8.844992e+01,9.510109e-01,-4.535572e-01
3.31131,9.924186e-01,-2.544537e+00,1.435156e-01,1.751761e+02,7.761273e-03,8.830042e+01,9.510024e-01,-4.973010e-01
3.63078,9.923775e-01,-2.789923e+00,1.435481e-01,1.747114e+02,8.509435e-03,8.813652e+01,9.509921e-01,-5.452609e-01
3.98107,9.923280e-01,-3.058950e+00,1.435871e-01,1.742022e+02,9.329578e-03,8.795683e+01,9.509797e-01,-5.978420e-01
4.36516,9.922686e-01,-3.353888e+00,1.436339e-01,1.736441e+02,1.022858e-02,8.775984e+01,9.509648e-01,-6.554885e-01
4.78630,9.921971e-01,-3.677222e+00,1.436902e-01,1.730327e+02,1.121397e-02,8.754390e+01,9.509469e-01,-7.186865e-01
5.24807,9.921113e-01,-4.031674e+00,1.437578e-01,1.723628e+02,1.229397e-02,8.730718e+01,9.509254e-01,-7.879686e-01
5.75440,9.920081e-01,-4.420221e+00,1.438390e-01,1.716290e+02,1.347756e-02,8.704770e+01,9.508996e-01,-8.639173e-01
6.30957,9.918842e-01,-4.846120e+00,1.439364e-01,1.708254e+02,1.477455e-02,8.676329e+01,9.508686e-01,-9.471705e-01
6.91831,9.917353e-01,-5.312933e+00,1.440534e-01,1.699455e+02,1.619561e-02,8.645159e+01,9.508313e-01,-1.038425e+00
7.58578,9.915565e-01,-5.824552e+00,1.441937e-01,1.689823e+02,1.775240e-02,8.610999e+01,9.507865e-01,-1.138445e+00
8.31764,9.913418e-01,-6.385224e+00,1.443620e-01,1.679285e+02,1.945757e-02,8.573567e+01,9.507328e-01,-1.248061e+00
9.12011,9.910840e-01,-6.999586e+00,1.445637e-01,1.667758e+02,2.132485e-02,8.532556e+01,9.506683e-01,-1.368184e+00
10.00000,9.907746e-01,-7.672691e+00,1.448053e-01,1.655156e+02,2.336915e-02,8.487629e+01,9.505910e-01,-1.499805e+00
10.96478,9.904035e-01,-8.410038e+00,1.450945e-01,1.641388e+02,2.560654e-02,8.438422e+01,9.504982e-01,-1.644005e+00
12.02264,9.899583e-01,-9.217606e+00,1.454405e-01,1.626354e+02,2.805435e-02,8.384539e+01,9.503869e-01,-1.801961e+00
13.18257,9.894248e-01,-1.010188e+01,1.458539e-01,1.609954e+02,3.073120e-02,8.325551e+01,9.502536e-01,-1.974951e+00
14.45440,9.887856e-01,-1.106989e+01,1.463472e-01,1.592079e+02,3.365694e-02,8.260996e+01,9.500940e-01,-2.164361e+00
15.84893,9.880205e-01,-1.212920e+01,1.469351e-01,1.572619e+02,3.685269e-02,8.190374e+01,9.499031e-01,-2.371692e+00
17.37801,9.871054e-01,-1.328799e+01,1.476346e-01,1.551463e+02,4.034070e-02,8.113151e+01,9.496749e-01,-2.598565e+00
19.05461,9.860121e-01,-1.455500e+01,1.484650e-01,1.528498e+02,4.414424e-02,8.028755e+01,9.494025e-01,-2.846725e+00
20.89296,9.847074e-01,-1.593957e+01,1.494485e-01,1.503616e+02,4.828734e-02,7.936579e+01,9.490778e-01,-3.118044e+00
22.90868,9.831528e-01,-1.745160e+01,1.506102e-01,1.476714e+02,5.279447e-02,7.835985e+01,9.486913e-01,-3.414521e+00
25.11886,9.813037e-01,-1.910153e+01,1.519777e-01,1.447699e+02,5.769004e-02,7.726303e+01,9.482324e-01,-3.738283e+00
27.54229,9.791088e-01,-2.090023e+01,1.535815e-01,1.416493e+02,6.299781e-02,7.606843e+01,9.476885e-01,-4.091579e+00
30.19952,9.765098e-01,-2.285894e+01,1.554539e-01,1.383036e+02,6.873999e-02,7.476899e+01,9.470460e-01,-4.476770e+00
33.11311,9.734415e-01,-2.498910e+01,1.576288e-01,1.347294e+02,7.493623e-02,7.335766e+01,9.462894e-01,-4.896322e+00
36.30781,9.698314e-01,-2.730213e+01,1.601401e-01,1.309260e+02,8.160223e-02,7.182752e+01,9.454018e-01,-5.352786e+00
39.81072,9.656011e-01,-2.980917e+01,1.630205e-01,1.268963e+02,8.874823e-02,7.017202e+01,9.443656e-01,-5.848782e+00
43.65158,9.606673e-01,-3.252072e+01,1.662991e-01,1.226468e+02,9.637712e-02,6.838522e+01,9.431621e-01,-6.386978e+00
47.86301,9.549446e-01,-3.544625e+01,1.699993e-01,1.181879e+02,1.044824e-01,6.646208e+01,9.417732e-01,-6.970072e+00
52.48075,9.483491e-01,-3.859363e+01,1.741356e-01,1.135341e+02,1.130460e-01,6.439884e+01,9.401820e-01,-7.600782e+00
57.54399,9.408030e-01,-4.196863e+01,1.787110e-01,1.087035e+02,1.220364e-01,6.219336e+01,9.383740e-01,-8.281849e+00
63.09573,9.322410e-01,-4.557421e+01,1.837141e-01,1.037178e+02,1.314064e-01,5.984553e+01,9.363393e-01,-9.016055e+00
69.18310,9.226175e-01,-4.940992e+01,1.891166e-01,9.860151e+01,1.410922e-01,5.735763e+01,9.340739e-01,-9.806284e+00
75.85776,9.119146e-01,-5.347120e+01,1.948722e-01,9.338138e+01,1.510129e-01,5.473459e+01,9.315820e-01,-1.065561e+01
83.17638,9.001497e-01,-5.774887e+01,2.009160e-01,8.808583e+01,1.610716e-01,5.198423e+01,9.288776e-01,-1.156743e+01
91.20108,8.873822e-01,-6.222864e+01,2.071660e-01,8.274407e+01,1.711569e-01,4.911722e+01,9.259854e-01,-1.254564e+01
100.00000,8.737174e-01,-6.689095e+01,2.135260e-01,7.738539e+01,1.811477e-01,4.614697e+01,9.229419e-01,-1.359488e+01
109.64782,8.593073e-01,-7.171095e+01,2.198898e-01,7.203840e+01,1.909172e-01,4.308913e+01,9.197942e-01,-1.472071e+01
120.22644,8.443462e-01,-7.665891e+01,2.261469e-01,6.673024e+01,2.003394e-01,3.996107e+01,9.165986e-01,-1.592987e+01
131.82567,8.290625e-01,-8.170083e+01,2.321879e-01,6.148594e+01,2.092951e-01,3.678101e+01,9.134179e-01,-1.723041e+01
144.54398,8.137058e-01,-8.679945e+01,2.379101e-01,5.632762e+01,2.176774e-01,3.356715e+01,9.103177e-01,-1.863184e+01
158.48932,7.985317e-01,-9.191538e+01,2.432225e-01,5.127399e+01,2.253959e-01,3.033673e+01,9.073632e-01,-2.014509e+01
173.78008,7.837859e-01,-9.700855e+01,2.480484e-01,4.633984e+01,2.323799e-01,2.710521e+01,9.046153e-01,-2.178243e+01
190.54607,7.696897e-01,-1.020395e+02,2.523267e-01,4.153576e+01,2.385783e-01,2.388557e+01,9.021285e-01,-2.355727e+01
208.92961,7.564287e-01,-1.069710e+02,2.560117e-01,3.686811e+01,2.439589e-01,2.068788e+01,8.999490e-01,-2.548384e+01
229.08677,7.441456e-01,-1.117688e+02,2.590713e-01,3.233907e+01,2.485056e-01,1.751904e+01,8.981140e-01,-2.757692e+01
251.18864,7.329380e-01,-1.164031e+02,2.614839e-01,2.794707e+01,2.522143e-01,1.438287e+01,8.966527e-01,-2.985138e+01
275.42287,7.228596e-01,-1.208490e+02,2.632351e-01,2.368722e+01,2.550892e-01,1.128030e+01,8.955871e-01,-3.232174e+01
301.99517,7.139252e-01,-1.250871e+02,2.643147e-01,1.955199e+01,2.571387e-01,8.209810e+00,8.949334e-01,-3.500173e+01
331.13112,7.061174e-01,-1.291031e+02,2.647133e-01,1.553188e+01,2.583715e-01,5.168006e+00,8.947038e-01,-3.790377e+01
363.07805,6.993941e-01,-1.328882e+02,2.644207e-01,1.161622e+01,2.587946e-01,2.150236e+00,8.949073e-01,-4.103835e+01
398.10717,6.936957e-01,-1.364384e+02,2.634240e-01,7.793968e+00,2.584110e-01,-8.486954e-01,8.955504e-01,-4.441342e+01
436.51583,6.889515e-01,-1.397540e+02,2.617075e-01,4.054476e+00,2.572196e-01,-3.833809e+00,8.966372e-01,-4.803368e+01
478.63009,6.850848e-01,-1.428388e+02,2.592533e-01,3.882705e-01,2.552158e-01,-6.809221e+00,8.981687e-01,-5.189985e+01
524.80746,6.820168e-01,-1.456999e+02,2.560431e-01,-3.212225e+00,2.523929e-01,-9.777447e+00,9.001410e-01,-5.600793e+01
575.43994,6.796687e-01,-1.483467e+02,2.520607e-01,-6.752035e+00,2.487450e-01,-1.273876e+01,9.025439e-01,-6.034850e+01
630.95734,6.779631e-01,-1.507901e+02,2.472958e-01,-1.023308e+01,2.442707e-01,-1.569064e+01,9.053584e-01,-6.490622e+01
691.83097,6.768247e-01,-1.530425e+02,2.417476e-01,-1.365375e+01,2.389768e-01,-1.862735e+01,9.085552e-01,-6.965950e+01
758.57758,6.761800e-01,-1.551165e+02,2.354289e-01,-1.700871e+01,2.328828e-01,-2.153972e+01,9.120928e-01,-7.458053e+01
831.76377,6.759576e-01,-1.570252e+02,2.283698e-01,-2.028888e+01,2.260239e-01,-2.441512e+01,9.159174e-01,-7.963572e+01
912.01084,6.760880e-01,-1.587812e+02,2.206200e-01,-2.348164e+01,2.184545e-01,-2.723769e+01,9.199638e-01,-8.478659e+01
1000.00000,6.765043e-01,-1.603964e+02,2.122499e-01,-2.657141e+01,2.102487e-01,-2.998880e+01,9.241577e-01,-8.999100e+01
1096.47820,6.771426e-01,-1.618820e+02,2.033499e-01,-2.954026e+01,2.014994e-01,-3.264777e+01,9.284190e-01,-9.520478e+01
1202.26443,6.779438e-01,-1.632482e+02,1.940273e-01,-3.236889e+01,1.923164e-01,-3.519275e+01,9.326671e-01,-1.003836e+02
1318.25674,6.788543e-01,-1.645039e+02,1.844017e-01,-3.503750e+01,1.828208e-01,-3.760162e+01,9.368250e-01,-1.054846e+02
1445.43977,6.798273e-01,-1.656570e+02,1.745997e-01,-3.752682e+01,1.731405e-01,-3.985295e+01,9.408241e-01,-1.104684e+02
1584.89319,6.808240e-01,-1.667145e+02,1.647483e-01,-3.981888e+01,1.634033e-01,-4.192683e+01,9.446076e-01,-1.153001e+02
1737.80083,6.818137e-01,-1.676823e+02,1.549691e-01,-4.189777e+01,1.537314e-01,-4.380557e+01,9.481323e-01,-1.199504e+02
1905.46072,6.827738e-01,-1.685658e+02,1.453735e-01,-4.375009e+01,1.442367e-01,-4.547416e+01,9.513697e-01,-1.243960e+02
2089.29613,6.836895e-01,-1.693695e+02,1.360587e-01,-4.536531e+01,1.350168e-01,-4.692057e+01,9.543049e-01,-1.286198e+02
2290.86765,6.845526e-01,-1.700977e+02,1.271060e-01,-4.673585e+01,1.261531e-01,-4.813590e+01,9.569353e-01,-1.326108e+02
2511.88643,6.853611e-01,-1.707541e+02,1.185793e-01,-4.785715e+01,1.177099e-01,-4.911441e+01,9.592682e-01,-1.363629e+02
2754.22870,6.861174e-01,-1.713423e+02,1.105262e-01,-4.872763e+01,1.097349e-01,-4.985345e+01,9.613182e-01,-1.398752e+02
3019.95172,6.868281e-01,-1.718654e+02,1.029787e-01,-4.934863e+01,1.022603e-01,-5.035343e+01,9.631054e-01,-1.431501e+02
3311.31121,6.875026e-01,-1.723264e+02,9.595500e-02,-4.972441e+01,9.530459e-02,-5.061777e+01,9.646525e-01,-1.461936e+02
3630.78055,6.881526e-01,-1.727279e+02,8.946172e-02,-4.986213e+01,8.887458e-02,-5.065295e+01,9.659839e-01,-1.490139e+02
3981.07171,6.887920e-01,-1.730724e+02,8.349567e-02,-4.977198e+01,8.296729e-02,-5.046855e+01,9.671238e-01,-1.516207e+02
4365.15832,6.894363e-01,-1.733621e+02,7.804581e-02,-4.946726e+01,7.757188e-02,-5.007738e+01,9.680958e-01,-1.540251e+02
4786.30092,6.901026e-01,-1.735991e+02,7.309490e-02,-4.896450e+01,7.267134e-02,-4.949557e+01,9.689216e-01,-1.562387e+02
5248.07460,6.908098e-01,-1.737851e+02,6.862096e-02,-4.828354e+01,6.824386e-02,-4.874261e+01,9.696214e-01,-1.582736e+02
5754.39937,6.915788e-01,-1.739216e+02,6.459840e-02,-4.744749e+01,6.426401e-02,-4.784134e+01,9.702132e-01,-1.601417e+02
6309.57344,6.924331e-01,-1.740099e+02,6.099899e-02,-4.648256e+01,6.070373e-02,-4.681773e+01,9.707130e-01,-1.618547e+02
6918.30971,6.933985e-01,-1.740514e+02,5.779265e-02,-4.541770e+01,5.753310e-02,-4.570048e+01,9.711349e-01,-1.634241e+02
7585.77575,6.945047e-01,-1.740470e+02,5.494806e-02,-4.428402e+01,5.472095e-02,-4.452044e+01,9.714913e-01,-1.648607e+02
8317.63771,6.957850e-01,-1.739976e+02,5.243327e-02,-4.311406e+01,5.223547e-02,-4.330988e+01,9.717927e-01,-1.661749e+02
9120.10839,6.972771e-01,-1.739044e+02,5.021608e-02,-4.194088e+01,5.004463e-02,-4.210151e+01,9.720485e-01,-1.673763e+02
10000.00000,6.990242e-01,-1.737682e+02,4.826453e-02,-4.079711e+01,4.811660e-02,-4.092760e+01,9.722665e-01,-1.684741e+02
