! ! 
! S ! 
! ! 
! # MHz  S  MA  R  50.00000
! ! ===================================================================
1.00000,9.928193e-01,-7.606224e-01,1.135836e-01,1.782997e+02,2.347835e-03,8.949130e+01,9.546967e-01,-1.476197e-01
1.09648,9.928156e-01,-8.340030e-01,1.135878e-01,1.781357e+02,2.574333e-03,8.944219e+01,9.546958e-01,-1.618596e-01
1.20226,9.928112e-01,-9.144623e-01,1.135929e-01,1.779558e+02,2.822678e-03,8.938834e+01,9.546947e-01,-1.774734e-01
1.31826,9.928058e-01,-1.002683e+00,1.135990e-01,1.777586e+02,3.094975e-03,8.932930e+01,9.546935e-01,-1.945936e-01
1.44544,9.927994e-01,-1.099413e+00,1.136063e-01,1.775424e+02,3.393533e-03,8.926457e+01,9.546919e-01,-2.133653e-01
1.58489,9.927917e-01,-1.205474e+00,1.136151e-01,1.773054e+02,3.720884e-03,8.919360e+01,9.546901e-01,-2.339479e-01
1.73780,9.927825e-01,-1.321765e+00,1.136257e-01,1.770455e+02,4.079800e-03,8.911579e+01,9.546879e-01,-2.565158e-01
1.90546,9.927713e-01,-1.449271e+00,1.136384e-01,1.767606e+02,4.473322e-03,8.903048e+01,9.546853e-01,-2.812606e-01
2.08930,9.927580e-01,-1.589075e+00,1.136537e-01,1.764484e+02,4.904782e-03,8.893694e+01,9.546821e-01,-3.083921e-01
2.29087,9.927419e-01,-1.742360e+00,1.136720e-01,1.761061e+02,5.377830e-03,8.883438e+01,9.546782e-01,-3.381401e-01
2.51189,9.927225e-01,-1.910426e+00,1.136941e-01,1.757308e+02,5.896468e-03,8.872193e+01,9.546736e-01,-3.707570e-01
2.75423,9.926993e-01,-2.094695e+00,1.137207e-01,1.753196e+02,6.465078e-03,8.859865e+01,9.546681e-01,-4.065189e-01
3.01995,9.926713e-01,-2.296729e+00,1.137525e-01,1.748688e+02,7.088461e-03,8.846348e+01,9.546614e-01,-4.457288e-01
3.31131,9.926377e-01,-2.518235e+00,1.137909e-01,1.743749e+02,7.771872e-03,8.831529e+01,9.546534e-01,-4.887186e-01
3.63078,9.925974e-01,-2.761087e+00,1.138369e-01,1.738336e+02,8.521068e-03,8.815282e+01,9.546438e-01,-5.358519e-01
3.98107,9.925488e-01,-3.027336e+00,1.138922e-01,1.732406e+02,9.342349e-03,8.797470e+01,9.546322e-01,-5.875272e-01
4.36516,9.924905e-01,-3.319229e+00,1.139587e-01,1.725909e+02,1.024260e-02,8.777944e+01,9.546183e-01,-6.441810e-01
4.78630,9.924204e-01,-3.639227e+00,1.140385e-01,1.718794e+02,1.122937e-02,8.756538e+01,9.546017e-01,-7.062914e-01
5.24807,9.923361e-01,-3.990023e+00,1.141343e-01,1.711003e+02,1.231089e-02,8.733072e+01,9.545816e-01,-7.743818e-01
5.75440,9.922349e-01,-4.374564e+00,1.142493e-01,1.702474e+02,1.349616e-02,8.707351e+01,9.545575e-01,-8.490254e-01
6.30957,9.921133e-01,-4.796075e+00,1.143873e-01,1.693141e+02,1.479500e-02,8.679158e+01,9.545285e-01,-9.308492e-01
6.91831,9.919672e-01,-5.258082e+00,1.145528e-01,1.682930e+02,1.621812e-02,8.648258e+01,9.544937e-01,-1.020539e+00
7.58578,9.917917e-01,-5.764437e+00,1.147513e-01,1.671765e+02,1.777719e-02,8.614396e+01,9.544520e-01,-1.118845e+00
8.31764,9.915810e-01,-6.319348e+00,1.149891e-01,1.659564e+02,1.948488e-02,8.577289e+01,9.544018e-01,-1.226588e+00
9.12011,9.913281e-01,-6.927405e+00,1.152739e-01,1.646239e+02,2.135498e-02,8.536632e+01,9.543416e-01,-1.344661e+00
10.00000,9.910244e-01,-7.593612e+00,1.156147e-01,1.631697e+02,2.340242e-02,8.492094e+01,9.542694e-01,-1.474041e+00
10.96478,9.906601e-01,-8.323417e+00,1.160221e-01,1.615842e+02,2.564333e-02,8.443311e+01,9.541827e-01,-1.615794e+00
12.02264,9.902232e-01,-9.122742e+00,1.165087e-01,1.598573e+02,2.809510e-02,8.389891e+01,9.540789e-01,-1.771079e+00
13.18257,9.896995e-01,-9.998015e+00,1.170889e-01,1.579789e+02,3.077641e-02,8.331408e+01,9.539544e-01,-1.941154e+00
14.45440,9.890721e-01,-1.095620e+01,1.177798e-01,1.559388e+02,3.370722e-02,8.267403e+01,9.538054e-01,-2.127390e+00
15.84893,9.883210e-01,-1.200480e+01,1.186010e-01,1.537266e+02,3.690873e-02,8.197379e+01,9.536270e-01,-2.331267e+00
17.37801,9.874226e-01,-1.315193e+01,1.195749e-01,1.513329e+02,4.040335e-02,8.120806e+01,9.534139e-01,-2.554389e+00
19.05461,9.863490e-01,-1.440626e+01,1.207272e-01,1.487487e+02,4.421449e-02,8.037114e+01,9.531595e-01,-2.798480e+00
20.89296,9.850677e-01,-1.577706e+01,1.220863e-01,1.459661e+02,4.836640e-02,7.945701e+01,9.528561e-01,-3.065397e+00
22.90868,9.835407e-01,-1.727418e+01,1.236841e-01,1.429788e+02,5.288378e-02,7.845929e+01,9.524950e-01,-3.357124e+00
25.11886,9.817241e-01,-1.890797e+01,1.255551e-01,1.397827e+02,5.779137e-02,7.737131e+01,9.520661e-01,-3.675777e+00
27.54229,9.795671e-01,-2.068929e+01,1.277359e-01,1.363756e+02,6.311329e-02,7.618617e+01,9.515577e-01,-4.023597e+00
30.19952,9.770124e-01,-2.262933e+01,1.302650e-01,1.327586e+02,6.887223e-02,7.489682e+01,9.509568e-01,-4.402948e+00
33.11311,9.739953e-01,-2.473951e+01,1.331808e-01,1.289355e+02,7.508837e-02,7.349619e+01,9.502490e-01,-4.816303e+00
36.30781,9.704440e-01,-2.703126e+01,1.365206e-01,1.249135e+02,8.177812e-02,7.197731e+01,9.494184e-01,-5.266234e+00
39.81072,9.662805e-01,-2.951577e+01,1.403181e-01,1.207029e+02,8.895249e-02,7.033356e+01,9.484481e-01,-5.755393e+00
43.65158,9.614221e-01,-3.220362e+01,1.446012e-01,1.163169e+02,9.661528e-02,6.855891e+01,9.473207e-01,-6.286500e+00
47.86301,9.557832e-01,-3.510441e+01,1.493890e-01,1.117717e+02,1.047610e-01,6.664818e+01,9.460187e-01,-6.862321e+00
52.48075,9.492794e-01,-3.822623e+01,1.546893e-01,1.070854e+02,1.133729e-01,6.459744e+01,9.445258e-01,-7.485661e+00
57.54399,9.418319e-01,-4.157509e+01,1.604953e-01,1.022779e+02,1.224203e-01,6.240432e+01,9.428281e-01,-8.159370e+00
63.09573,9.333736e-01,-4.515431e+01,1.667834e-01,9.736992e+01,1.318575e-01,6.006845e+01,9.409155e-01,-8.886356e+00
69.18310,9.238563e-01,-4.896382e+01,1.735110e-01,9.238315e+01,1.416216e-01,5.759180e+01,9.387837e-01,-9.669643e+00
75.85776,9.132586e-01,-5.299958e+01,1.806161e-01,8.733938e+01,1.516327e-01,5.497898e+01,9.364358e-01,-1.051245e+01
83.17638,9.015938e-01,-5.725291e+01,1.880174e-01,8.226044e+01,1.617942e-01,5.223745e+01,9.338840e-01,-1.141833e+01
91.20108,8.889163e-01,-6.171014e+01,1.956161e-01,7.716795e+01,1.719949e-01,4.937755e+01,9.311509e-01,-1.239132e+01
100.00000,8.753268e-01,-6.635228e+01,2.033000e-01,7.208320e+01,1.821128e-01,4.641235e+01,9.282698e-01,-1.343616e+01
109.64782,8.609721e-01,-7.115508e+01,2.109477e-01,6.702684e+01,1.920201e-01,4.335728e+01,9.252848e-01,-1.455847e+01
120.22644,8.460427e-01,-7.608932e+01,2.184351e-01,6.201864e+01,2.015885e-01,4.022949e+01,9.222483e-01,-1.576503e+01
131.82567,8.307641e-01,-8.112145e+01,2.256412e-01,5.707702e+01,2.106964e-01,3.704711e+01,9.192196e-01,-1.706388e+01
144.54398,8.153847e-01,-8.621453e+01,2.324541e-01,5.221856e+01,2.192335e-01,3.382836e+01,9.162608e-01,-1.846444e+01
158.48932,8.001606e-01,-9.132936e+01,2.387757e-01,4.745748e+01,2.271063e-01,3.059058e+01,9.134339e-01,-1.997753e+01
173.78008,7.853398e-01,-9.642587e+01,2.445248e-01,4.280516e+01,2.342406e-01,2.734943e+01,9.107971e-01,-2.161527e+01
190.54607,7.711473e-01,-1.014645e+02,2.496384e-01,3.826976e+01,2.405822e-01,2.411816e+01,9.084028e-01,-2.339090e+01
208.92961,7.577736e-01,-1.064077e+02,2.540710e-01,3.385598e+01,2.460962e-01,2.090712e+01,9.062953e-01,-2.531850e+01
229.08677,7.453666e-01,-1.112209e+02,2.577926e-01,2.956513e+01,2.507640e-01,1.772357e+01,9.045108e-01,-2.741267e+01
251.18864,7.340292e-01,-1.158737e+02,2.607850e-01,2.539527e+01,2.545799e-01,1.457163e+01,9.030772e-01,-2.968814e+01
275.42287,7.238200e-01,-1.203407e+02,2.630389e-01,2.134156e+01,2.575471e-01,1.145254e+01,9.020157e-01,-3.215932e+01
301.99517,7.147580e-01,-1.246018e+02,2.645492e-01,1.739685e+01,2.596728e-01,8.365061e+00,9.013418e-01,-3.483986e+01
331.13112,7.068292e-01,-1.286423e+02,2.653127e-01,1.355224e+01,2.609658e-01,5.306040e+00,9.010667e-01,-3.774213e+01
363.07805,6.999938e-01,-1.324527e+02,2.653249e-01,9.797788e+00,2.614326e-01,2.271023e+00,9.011988e-01,-4.087660e+01
398.10717,6.941938e-01,-1.360285e+02,2.645786e-01,6.123267e+00,2.610766e-01,-7.450243e-01,9.017437e-01,-4.425127e+01
436.51583,6.893594e-01,-1.393695e+02,2.630637e-01,2.518896e+00,2.598969e-01,-3.746991e+00,9.027047e-01,-4.787089e+01
478.63009,6.854141e-01,-1.424795e+02,2.607673e-01,-1.023919e+00,2.578891e-01,-6.738892e+00,9.040823e-01,-5.173629e+01
524.80746,6.822787e-01,-1.453650e+02,2.576757e-01,-4.511883e+00,2.550471e-01,-9.723162e+00,9.058722e-01,-5.584359e+01
575.43994,6.798738e-01,-1.480353e+02,2.537770e-01,-7.949168e+00,2.513654e-01,-1.270001e+01,9.080646e-01,-6.018352e+01
630.95734,6.781214e-01,-1.505012e+02,2.490646e-01,-1.133687e+01,2.468433e-01,-1.566686e+01,9.106413e-01,-6.474089e+01
691.83097,6.769449e-01,-1.527749e+02,2.435415e-01,-1.467262e+01,2.414885e-01,-1.861796e+01,9.135747e-01,-6.949428e+01
758.57758,6.762700e-01,-1.548691e+02,2.372238e-01,-1.795034e+01,2.353213e-01,-2.154410e+01,9.168261e-01,-7.441602e+01
831.76377,6.760240e-01,-1.567967e+02,2.301447e-01,-2.116025e+01,2.283783e-01,-2.443263e+01,9.203454e-01,-7.947267e+01
912.01084,6.761364e-01,-1.585705e+02,2.223572e-01,-2.428915e+01,2.207151e-01,-2.726769e+01,9.240720e-01,-8.462581e+01
1000.00000,6.765392e-01,-1.602024e+02,2.139346e-01,-2.732084e+01,2.124075e-01,-3.003069e+01,9.279367e-01,-8.983336e+01
1096.47820,6.771678e-01,-1.617037e+02,2.049703e-01,-3.023693e+01,2.035503e-01,-3.270097e+01,9.318655e-01,-9.505115e+01
1202.26443,6.779620e-01,-1.630843e+02,1.955742e-01,-3.301764e+01,1.942548e-01,-3.525675e+01,9.357835e-01,-1.002348e+02
1318.25674,6.788676e-01,-1.643535e+02,1.858686e-01,-3.564280e+01,1.846443e-01,-3.767597e+01,9.396194e-01,-1.053414e+02
1445.43977,6.798374e-01,-1.655192e+02,1.759823e-01,-3.809278e+01,1.748480e-01,-3.993730e+01,9.433095e-01,-1.103313e+02
1584.89319,6.808319e-01,-1.665882e+02,1.660444e-01,-4.034933e+01,1.649956e-01,-4.202093e+01,9.468012e-01,-1.151697e+02
1737.80083,6.818202e-01,-1.675668e+02,1.561783e-01,-4.239627e+01,1.552105e-01,-4.390927e+01,9.500546e-01,-1.198269e+02
1905.46072,6.827793e-01,-1.684601e+02,1.464967e-01,-4.421998e+01,1.456057e-01,-4.558740e+01,9.530430e-01,-1.242797e+02
2089.29613,6.836943e-01,-1.692730e+02,1.370980e-01,-4.580970e+01,1.362798e-01,-4.704339e+01,9.557527e-01,-1.285108e+02
2290.86765,6.845570e-01,-1.700096e+02,1.280643e-01,-4.715764e+01,1.273147e-01,-4.826839e+01,9.581811e-01,-1.325089e+02
2511.88643,6.853651e-01,-1.706738e+02,1.194602e-01,-4.825905e+01,1.187752e-01,-4.925671e+01,9.603350e-01,-1.362681e+02
2754.22870,6.861212e-01,-1.712691e+02,1.113336e-01,-4.911213e+01,1.107093e-01,-5.000568e+01,9.622278e-01,-1.397872e+02
3019.95172,6.868316e-01,-1.717987e+02,1.037167e-01,-4.971799e+01,1.031493e-01,-5.051570e+01,9.638779e-01,-1.430687e+02
3311.31121,6.875057e-01,-1.722656e+02,9.662788e-02,-5.008064e+01,9.611370e-02,-5.079010e+01,9.653065e-01,-1.461184e+02
3630.78055,6.881554e-01,-1.726726e+02,9.007376e-02,-5.020700e+01,8.960920e-02,-5.083525e+01,9.665359e-01,-1.489446e+02
3981.07171,6.887944e-01,-1.730221e+02,8.405108e-02,-5.010697e+01,8.363268e-02,-5.066056e+01,9.675887e-01,-1.515569e+02
4365.15832,6.894382e-01,-1.733165e+02,7.854869e-02,-4.979354e+01,7.817316e-02,-5.027864e+01,9.684863e-01,-1.539665e+02
4786.30092,6.901039e-01,-1.735577e+02,7.354924e-02,-4.928292e+01,7.321340e-02,-4.970539e+01,9.692491e-01,-1.561850e+02
5248.07460,6.908104e-01,-1.737475e+02,6.903059e-02,-4.859464e+01,6.873140e-02,-4.896003e+01,9.698956e-01,-1.582243e+02
5754.39937,6.915786e-01,-1.738876e+02,6.496700e-02,-4.775147e+01,6.470154e-02,-4.806515e+01,9.704424e-01,-1.600965e+02
6309.57344,6.924319e-01,-1.739792e+02,6.133008e-02,-4.677934e+01,6.109557e-02,-4.704645e+01,9.709043e-01,-1.618134e+02
6918.30971,6.933962e-01,-1.740237e+02,5.808960e-02,-4.570692e+01,5.788335e-02,-4.593243e+01,9.712945e-01,-1.633863e+02
7585.77575,6.945010e-01,-1.740221e+02,5.521410e-02,-4.456511e+01,5.503353e-02,-4.475378e+01,9.716241e-01,-1.648261e+02
8317.63771,6.957797e-01,-1.739753e+02,5.267144e-02,-4.338628e+01,5.251411e-02,-4.354266e+01,9.719032e-01,-1.661433e+02
9120.10839,6.972699e-01,-1.738844e+02,5.042928e-02,-4.220341e+01,5.029284e-02,-4.233178e+01,9.721403e-01,-1.673474e+02
10000.00000,6.990148e-01,-1.737504e+02,4.845548e-02,-4.104912e+01,4.833771e-02,-4.115347e+01,9.723427e-01,-1.684478e+02
