! ! 
! S ! 
! ! 
! # MHz  S  MA  R  50.00000
! ! ===================================================================
1.00000,9.921152e-01,-7.851887e-01,2.097300e-01,1.788285e+02,2.347676e-03,8.947714e+01,9.509706e-01,-1.559658e-01
1.09648,9.921113e-01,-8.609390e-01,2.097312e-01,1.787154e+02,2.574158e-03,8.942666e+01,9.509695e-01,-1.710106e-01
1.20226,9.921066e-01,-9.439966e-01,2.097327e-01,1.785915e+02,2.822484e-03,8.937132e+01,9.509682e-01,-1.875068e-01
1.31826,9.921009e-01,-1.035066e+00,2.097345e-01,1.784555e+02,3.094761e-03,8.931064e+01,9.509666e-01,-2.055945e-01
1.44544,9.920941e-01,-1.134920e+00,2.097366e-01,1.783065e+02,3.393296e-03,8.924411e+01,9.509647e-01,-2.254271e-01
1.58489,9.920860e-01,-1.244406e+00,2.097392e-01,1.781430e+02,3.720620e-03,8.917116e+01,9.509624e-01,-2.471727e-01
1.73780,9.920761e-01,-1.364451e+00,2.097423e-01,1.779639e+02,4.079507e-03,8.909119e+01,9.509597e-01,-2.710159e-01
1.90546,9.920643e-01,-1.496075e+00,2.097461e-01,1.777674e+02,4.472995e-03,8.900350e+01,9.509564e-01,-2.971588e-01
2.08930,9.920501e-01,-1.640392e+00,2.097506e-01,1.775520e+02,4.904415e-03,8.890735e+01,9.509524e-01,-3.258231e-01
2.29087,9.920331e-01,-1.798625e+00,2.097560e-01,1.773159e+02,5.377419e-03,8.880194e+01,9.509476e-01,-3.572515e-01
2.51189,9.920126e-01,-1.972116e+00,2.097625e-01,1.770570e+02,5.896004e-03,8.868637e+01,9.509419e-01,-3.917105e-01
2.75423,9.919879e-01,-2.162333e+00,2.097703e-01,1.767732e+02,6.464553e-03,8.855965e+01,9.509350e-01,-4.294919e-01
3.01995,9.919583e-01,-2.370886e+00,2.097797e-01,1.764620e+02,7.087862e-03,8.842073e+01,9.509267e-01,-4.709154e-01
3.31131,9.919226e-01,-2.599539e+00,2.097910e-01,1.761209e+02,7.771186e-03,8.826842e+01,9.509168e-01,-5.163315e-01
3.63078,9.918798e-01,-2.850224e+00,2.098045e-01,1.757469e+02,8.520277e-03,8.810144e+01,9.509048e-01,-5.661241e-01
3.98107,9.918283e-01,-3.125060e+00,2.098208e-01,1.753370e+02,9.341430e-03,8.791837e+01,9.508904e-01,-6.207139e-01
4.36516,9.917665e-01,-3.426364e+00,2.098404e-01,1.748876e+02,1.024153e-02,8.771768e+01,9.508731e-01,-6.805613e-01
4.78630,9.916921e-01,-3.756675e+00,2.098639e-01,1.743951e+02,1.122811e-02,8.749768e+01,9.508523e-01,-7.461710e-01
5.24807,9.916028e-01,-4.118771e+00,2.098922e-01,1.738553e+02,1.230939e-02,8.725652e+01,9.508274e-01,-8.180949e-01
5.75440,9.914955e-01,-4.515694e+00,2.099262e-01,1.732636e+02,1.349436e-02,8.699218e+01,9.507974e-01,-8.969374e-01
6.30957,9.913665e-01,-4.950768e+00,2.099670e-01,1.726153e+02,1.479282e-02,8.670244e+01,9.507613e-01,-9.833593e-01
6.91831,9.912116e-01,-5.427630e+00,2.100159e-01,1.719050e+02,1.621546e-02,8.638490e+01,9.507181e-01,-1.078083e+00
7.58578,9.910256e-01,-5.950251e+00,2.100747e-01,1.711268e+02,1.777392e-02,8.603692e+01,9.506661e-01,-1.181899e+00
8.31764,9.908022e-01,-6.522967e+00,2.101453e-01,1.702745e+02,1.948083e-02,8.565562e+01,9.506037e-01,-1.295670e+00
9.12011,9.905340e-01,-7.150510e+00,2.102299e-01,1.693410e+02,2.134994e-02,8.523786e+01,9.505288e-01,-1.420335e+00
10.00000,9.902122e-01,-7.838032e+00,2.103314e-01,1.683191e+02,2.339609e-02,8.478024e+01,9.504390e-01,-1.556921e+00
10.96478,9.898262e-01,-8.591143e+00,2.104531e-01,1.672006e+02,2.563533e-02,8.427905e+01,9.503312e-01,-1.706544e+00
12.02264,9.893632e-01,-9.415936e+00,2.105988e-01,1.659768e+02,2.808496e-02,8.373027e+01,9.502021e-01,-1.870418e+00
13.18257,9.888084e-01,-1.031902e+01,2.107731e-01,1.646385e+02,3.076348e-02,8.312953e+01,9.500474e-01,-2.049861e+00
14.45440,9.881438e-01,-1.130755e+01,2.109817e-01,1.631756e+02,3.369068e-02,8.247215e+01,9.498621e-01,-2.246300e+00
15.84893,9.873485e-01,-1.238923e+01,2.112307e-01,1.615775e+02,3.688750e-02,8.175307e+01,9.496406e-01,-2.461276e+00
17.37801,9.863975e-01,-1.357237e+01,2.115279e-01,1.598331e+02,4.037603e-02,8.096686e+01,9.493759e-01,-2.696451e+00
19.05461,9.852615e-01,-1.486586e+01,2.118818e-01,1.579305e+02,4.417926e-02,8.010775e+01,9.490599e-01,-2.953609e+00
20.89296,9.839063e-01,-1.627915e+01,2.123026e-01,1.558576e+02,4.832091e-02,7.916962e+01,9.486834e-01,-3.234658e+00
22.90868,9.822921e-01,-1.782230e+01,2.128018e-01,1.536019e+02,5.282501e-02,7.814601e+01,9.482355e-01,-3.541628e+00
25.11886,9.803730e-01,-1.950584e+01,2.133926e-01,1.511507e+02,5.771543e-02,7.703019e+01,9.477038e-01,-3.876667e+00
27.54229,9.780962e-01,-2.134076e+01,2.140895e-01,1.484917e+02,6.301521e-02,7.581525e+01,9.470741e-01,-4.242036e+00
30.19952,9.754020e-01,-2.333834e+01,2.149088e-01,1.456129e+02,6.874567e-02,7.449414e+01,9.463306e-01,-4.640092e+00
33.11311,9.722234e-01,-2.551007e+01,2.158679e-01,1.425034e+02,7.492535e-02,7.305985e+01,9.454556e-01,-5.073275e+00
36.30781,9.684870e-01,-2.786731e+01,2.169850e-01,1.391536e+02,8.156861e-02,7.150554e+01,9.444301e-01,-5.544086e+00
39.81072,9.641130e-01,-3.042110e+01,2.182788e-01,1.355560e+02,8.868406e-02,6.982482e+01,9.432340e-01,-6.055063e+00
43.65158,9.590176e-01,-3.318177e+01,2.197672e-01,1.317058e+02,9.627265e-02,6.801194e+01,9.418464e-01,-6.608756e+00
47.86301,9.531157e-01,-3.615844e+01,2.214666e-01,1.276017e+02,1.043257e-01,6.606218e+01,9.402473e-01,-7.207703e+00
52.48075,9.463243e-01,-3.935860e+01,2.233899e-01,1.232464e+02,1.128228e-01,6.397213e+01,9.384178e-01,-7.854418e+00
57.54399,9.385680e-01,-4.278740e+01,2.255450e-01,1.186473e+02,1.217296e-01,6.174013e+01,9.363429e-01,-8.551392e+00
63.09573,9.297856e-01,-4.644711e+01,2.279331e-01,1.138171e+02,1.309965e-01,5.936662e+01,9.340122e-01,-9.301119e+00
69.18310,9.199370e-01,-5.033637e+01,2.305464e-01,1.087740e+02,1.405572e-01,5.685452e+01,9.314231e-01,-1.010616e+01
75.85776,9.090117e-01,-5.444963e+01,2.333671e-01,1.035416e+02,1.503288e-01,5.420944e+01,9.285819e-01,-1.096926e+01
83.17638,8.970363e-01,-5.877655e+01,2.363661e-01,9.814855e+01,1.602130e-01,5.143992e+01,9.255065e-01,-1.189347e+01
91.20108,8.840799e-01,-6.330166e+01,2.395027e-01,9.262792e+01,1.700984e-01,4.855734e+01,9.222271e-01,-1.288242e+01
100.00000,8.702585e-01,-6.800413e+01,2.427259e-01,8.701597e+01,1.798646e-01,4.557571e+01,9.187865e-01,-1.394048e+01
109.64782,8.557339e-01,-7.285797e+01,2.459762e-01,8.135079e+01,1.893873e-01,4.251121e+01,9.152394e-01,-1.507307e+01
120.22644,8.407084e-01,-7.783236e+01,2.491884e-01,7.567080e+01,1.985443e-01,3.938155e+01,9.116501e-01,-1.628687e+01
131.82567,8.254159e-01,-8.289244e+01,2.522950e-01,7.001306e+01,2.072215e-01,3.620508e+01,9.080893e-01,-1.759001e+01
144.54398,8.101082e-01,-8.800033e+01,2.552297e-01,6.441181e+01,2.153177e-01,3.299995e+01,9.046303e-01,-1.899215e+01
158.48932,7.950392e-01,-9.311635e+01,2.579306e-01,5.889720e+01,2.227492e-01,2.978313e+01,9.013445e-01,-2.050450e+01
173.78008,7.804497e-01,-9.820040e+01,2.603423e-01,5.349429e+01,2.294515e-01,2.656964e+01,8.982984e-01,-2.213965e+01
190.54607,7.665528e-01,-1.032134e+02,2.624169e-01,4.822249e+01,2.353797e-01,2.337189e+01,8.955503e-01,-2.391138e+01
208.92961,7.535242e-01,-1.081187e+02,2.641144e-01,4.309534e+01,2.405069e-01,2.019929e+01,8.931492e-01,-2.583431e+01
229.08677,7.414959e-01,-1.128829e+02,2.654013e-01,3.812070e+01,2.448210e-01,1.705807e+01,8.911340e-01,-2.792358e+01
251.18864,7.305546e-01,-1.174775e+02,2.662495e-01,3.330118e+01,2.483214e-01,1.395134e+01,8.895347e-01,-3.019436e+01
275.42287,7.207443e-01,-1.218786e+02,2.666340e-01,2.863480e+01,2.510142e-01,1.087944e+01,8.883735e-01,-3.266145e+01
301.99517,7.120716e-01,-1.260679e+02,2.665309e-01,2.411588e+01,2.529091e-01,7.840284e+00,8.876667e-01,-3.533877e+01
331.13112,7.045125e-01,-1.300326e+02,2.659160e-01,1.973588e+01,2.540153e-01,4.830020e+00,8.874262e-01,-3.823884e+01
363.07805,6.980203e-01,-1.337649e+02,2.647632e-01,1.548443e+01,2.543398e-01,1.843623e+00,8.876607e-01,-4.137220e+01
398.10717,6.925325e-01,-1.372618e+02,2.630441e-01,1.135024e+01,2.538854e-01,-1.124390e+00,8.883767e-01,-4.474674e+01
436.51583,6.879768e-01,-1.405243e+02,2.607281e-01,7.322058e+00,2.526502e-01,-4.079243e+00,8.895780e-01,-4.836707e+01
478.63009,6.842764e-01,-1.435572e+02,2.577834e-01,3.389528e+00,2.506288e-01,-7.025188e+00,8.912650e-01,-5.223372e+01
524.80746,6.813529e-01,-1.463681e+02,2.541791e-01,-4.559814e-01,2.478139e-01,-9.964820e+00,8.934331e-01,-5.634245e+01
575.43994,6.791287e-01,-1.489665e+02,2.498878e-01,-4.220656e+00,2.441988e-01,-1.289844e+01,8.960709e-01,-6.068355e+01
630.95734,6.775281e-01,-1.513640e+02,2.448887e-01,-7.907628e+00,2.397810e-01,-1.582351e+01,8.991572e-01,-6.524136e+01
691.83097,6.764775e-01,-1.535728e+02,2.391721e-01,-1.151652e+01,2.345663e-01,-1.873428e+01,9.026598e-01,-6.999398e+01
758.57758,6.759054e-01,-1.556058e+02,2.327424e-01,-1.504321e+01,2.285729e-01,-2.162149e+01,9.065330e-01,-7.491329e+01
831.76377,6.757422e-01,-1.574761e+02,2.256223e-01,-1.847975e+01,2.218346e-01,-2.447245e+01,9.107178e-01,-7.996546e+01
912.01084,6.759203e-01,-1.591961e+02,2.178547e-01,-2.181469e+01,2.144039e-01,-2.727117e+01,9.151428e-01,-8.511178e+01
1000.00000,6.763746e-01,-1.607779e+02,2.095037e-01,-2.503345e+01,2.063526e-01,-2.999895e+01,9.197267e-01,-9.031000e+01
1096.47820,6.770428e-01,-1.622325e+02,2.006537e-01,-2.811911e+01,1.977715e-01,-3.263498e+01,9.243822e-01,-9.551595e+01
1202.26443,6.778671e-01,-1.635698e+02,1.914064e-01,-3.105327e+01,1.887674e-01,-3.515729e+01,9.290213e-01,-1.006853e+02
1318.25674,6.787954e-01,-1.647988e+02,1.818765e-01,-3.381699e+01,1.794590e-01,-3.754362e+01,9.335600e-01,-1.057755e+02
1445.43977,6.797820e-01,-1.659272e+02,1.721856e-01,-3.639175e+01,1.699710e-01,-3.977242e+01,9.379239e-01,-1.107471e+02
1584.89319,6.807889e-01,-1.669618e+02,1.624565e-01,-3.876031e+01,1.604287e-01,-4.182368e+01,9.420510e-01,-1.155657e+02
1737.80083,6.817862e-01,-1.679086e+02,1.528070e-01,-4.090743e+01,1.509517e-01,-4.367959e+01,9.458947e-01,-1.202021e+02
1905.46072,6.827519e-01,-1.687726e+02,1.433452e-01,-4.282033e+01,1.416497e-01,-4.532505e+01,9.494242e-01,-1.246334e+02
2089.29613,6.836718e-01,-1.695584e+02,1.341656e-01,-4.448905e+01,1.326182e-01,-4.674799e+01,9.526234e-01,-1.288428e+02
2290.86765,6.845381e-01,-1.702702e+02,1.253471e-01,-4.590659e+01,1.239371e-01,-4.793950e+01,9.554899e-01,-1.328193e+02
2511.88643,6.853490e-01,-1.709115e+02,1.169519e-01,-4.706894e+01,1.156695e-01,-4.889384e+01,9.580315e-01,-1.365572e+02
2754.22870,6.861072e-01,-1.714858e+02,1.090262e-01,-4.797506e+01,1.078622e-01,-4.960845e+01,9.602647e-01,-1.400556e+02
3019.95172,6.868195e-01,-1.719961e+02,1.016009e-01,-4.862686e+01,1.005467e-01,-5.008389e+01,9.622112e-01,-1.433173e+02
3311.31121,6.874953e-01,-1.724453e+02,9.469355e-02,-4.902916e+01,9.374115e-02,-5.032380e+01,9.638960e-01,-1.463481e+02
3630.78055,6.881466e-01,-1.728360e+02,8.831035e-02,-4.918972e+01,8.745218e-02,-5.033494e+01,9.653457e-01,-1.491564e+02
3981.07171,6.887874e-01,-1.731706e+02,8.244779e-02,-4.911937e+01,8.167680e-02,-5.012728e+01,9.665868e-01,-1.517519e+02
4365.15832,6.894330e-01,-1.734512e+02,7.709474e-02,-4.883203e+01,7.640425e-02,-4.971406e+01,9.676448e-01,-1.541457e+02
4786.30092,6.901009e-01,-1.736798e+02,7.223394e-02,-4.834493e+01,7.161769e-02,-4.911189e+01,9.685437e-01,-1.563494e+02
5248.07460,6.908098e-01,-1.738581e+02,6.784349e-02,-4.767856e+01,6.729551e-02,-4.834081e+01,9.693052e-01,-1.583751e+02
5754.39937,6.915810e-01,-1.739875e+02,6.389789e-02,-4.685669e+01,6.341257e-02,-4.742417e+01,9.699490e-01,-1.602347e+02
6309.57344,6.924376e-01,-1.740694e+02,6.036910e-02,-4.590613e+01,5.994107e-02,-4.638844e+01,9.704926e-01,-1.619399e+02
6918.30971,6.934060e-01,-1.741048e+02,5.722722e-02,-4.485637e+01,5.685136e-02,-4.526273e+01,9.709514e-01,-1.635020e+02
7585.77575,6.945155e-01,-1.740948e+02,5.444117e-02,-4.373895e+01,5.411262e-02,-4.407822e+01,9.713386e-01,-1.649320e+02
8317.63771,6.957998e-01,-1.740404e+02,5.197920e-02,-4.258671e+01,5.169333e-02,-4.286730e+01,9.716659e-01,-1.662400e+02
9120.10839,6.972967e-01,-1.739424e+02,4.980942e-02,-4.143286e+01,4.956184e-02,-4.166270e+01,9.719432e-01,-1.674358e+02
10000.00000,6.990493e-01,-1.738019e+02,4.790013e-02,-4.031009e+01,4.768672e-02,-4.049652e+01,9.721793e-01,-1.685285e+02
