! ! 
! S ! 
! ! 
! # MHz  S  MA  R  50.00000
! ! ===================================================================
1.00000,9.930078e-01,-7.529476e-01,8.639158e-02,1.779355e+02,2.341766e-03,8.949592e+01,9.511154e-01,-1.452737e-01
1.09648,9.930042e-01,-8.255878e-01,8.639750e-02,1.777364e+02,2.567679e-03,8.944725e+01,9.511146e-01,-1.592871e-01
1.20226,9.929999e-01,-9.052353e-01,8.640461e-02,1.775180e+02,2.815382e-03,8.939389e+01,9.511136e-01,-1.746525e-01
1.31826,9.929947e-01,-9.925660e-01,8.641316e-02,1.772787e+02,3.086976e-03,8.933539e+01,9.511124e-01,-1.915003e-01
1.44544,9.929884e-01,-1.088321e+00,8.642344e-02,1.770163e+02,3.384763e-03,8.927124e+01,9.511110e-01,-2.099735e-01
1.58489,9.929808e-01,-1.193311e+00,8.643580e-02,1.767287e+02,3.711268e-03,8.920092e+01,9.511093e-01,-2.302287e-01
1.73780,9.929717e-01,-1.308429e+00,8.645065e-02,1.764134e+02,4.069258e-03,8.912381e+01,9.511072e-01,-2.524379e-01
1.90546,9.929608e-01,-1.434649e+00,8.646849e-02,1.760678e+02,4.461765e-03,8.903926e+01,9.511048e-01,-2.767892e-01
2.08930,9.929477e-01,-1.573043e+00,8.648995e-02,1.756890e+02,4.892113e-03,8.894657e+01,9.511018e-01,-3.034894e-01
2.29087,9.929319e-01,-1.724782e+00,8.651573e-02,1.752738e+02,5.363943e-03,8.884494e+01,9.510983e-01,-3.327646e-01
2.51189,9.929129e-01,-1.891153e+00,8.654671e-02,1.748189e+02,5.881245e-03,8.873351e+01,9.510940e-01,-3.648631e-01
2.75423,9.928901e-01,-2.073564e+00,8.658394e-02,1.743204e+02,6.448393e-03,8.861134e+01,9.510889e-01,-4.000569e-01
3.01995,9.928627e-01,-2.273560e+00,8.662867e-02,1.737742e+02,7.070173e-03,8.847739e+01,9.510827e-01,-4.386440e-01
3.31131,9.928297e-01,-2.492834e+00,8.668240e-02,1.731759e+02,7.751830e-03,8.833054e+01,9.510753e-01,-4.809511e-01
3.63078,9.927901e-01,-2.733238e+00,8.674695e-02,1.725207e+02,8.499107e-03,8.816954e+01,9.510664e-01,-5.273361e-01
3.98107,9.927425e-01,-2.996804e+00,8.682446e-02,1.718032e+02,9.318286e-03,8.799303e+01,9.510557e-01,-5.781915e-01
4.36516,9.926853e-01,-3.285757e+00,8.691752e-02,1.710178e+02,1.021624e-02,8.779953e+01,9.510428e-01,-6.339467e-01
4.78630,9.926165e-01,-3.602533e+00,8.702922e-02,1.701584e+02,1.120050e-02,8.758740e+01,9.510273e-01,-6.950726e-01
5.24807,9.925338e-01,-3.949798e+00,8.716325e-02,1.692183e+02,1.227928e-02,8.735487e+01,9.510087e-01,-7.620844e-01
5.75440,9.924345e-01,-4.330470e+00,8.732401e-02,1.681905e+02,1.346155e-02,8.709997e+01,9.509864e-01,-8.355465e-01
6.30957,9.923152e-01,-4.747743e+00,8.751674e-02,1.670673e+02,1.475712e-02,8.682058e+01,9.509596e-01,-9.160764e-01
6.91831,9.921719e-01,-5.205108e+00,8.774768e-02,1.658408e+02,1.617668e-02,8.651437e+01,9.509273e-01,-1.004350e+00
7.58578,9.919997e-01,-5.706380e+00,8.802422e-02,1.645026e+02,1.773187e-02,8.617878e+01,9.508886e-01,-1.101106e+00
8.31764,9.917930e-01,-6.255726e+00,8.835508e-02,1.630437e+02,1.943535e-02,8.581105e+01,9.508421e-01,-1.207151e+00
9.12011,9.915448e-01,-6.857693e+00,8.875059e-02,1.614551e+02,2.130089e-02,8.540813e+01,9.507863e-01,-1.323369e+00
10.00000,9.912468e-01,-7.517237e+00,8.922284e-02,1.597276e+02,2.334339e-02,8.496673e+01,9.507194e-01,-1.450722e+00
10.96478,9.908894e-01,-8.239756e+00,8.978599e-02,1.578518e+02,2.557897e-02,8.448325e+01,9.506391e-01,-1.590259e+00
12.02264,9.904606e-01,-9.031119e+00,9.045650e-02,1.558186e+02,2.802502e-02,8.395381e+01,9.505428e-01,-1.743125e+00
13.18257,9.899467e-01,-9.897696e+00,9.125339e-02,1.536194e+02,3.070020e-02,8.337416e+01,9.504275e-01,-1.910563e+00
14.45440,9.893309e-01,-1.084639e+01,9.219847e-02,1.512463e+02,3.362449e-02,8.273976e+01,9.502893e-01,-2.093925e+00
15.84893,9.885937e-01,-1.188465e+01,9.331656e-02,1.486924e+02,3.681911e-02,8.204568e+01,9.501240e-01,-2.294675e+00
17.37801,9.877118e-01,-1.302051e+01,9.463555e-02,1.459525e+02,4.030651e-02,8.128663e+01,9.499264e-01,-2.514400e+00
19.05461,9.866578e-01,-1.426258e+01,9.618645e-02,1.430230e+02,4.411016e-02,8.045697e+01,9.496905e-01,-2.754808e+00
20.89296,9.853998e-01,-1.562008e+01,9.800325e-02,1.399028e+02,4.825442e-02,7.955069e+01,9.494092e-01,-3.017739e+00
22.90868,9.839002e-01,-1.710277e+01,1.001225e-01,1.365931e+02,5.276415e-02,7.856144e+01,9.490743e-01,-3.305165e+00
25.11886,9.821158e-01,-1.872098e+01,1.025828e-01,1.330982e+02,5.766427e-02,7.748260e+01,9.486764e-01,-3.619192e+00
27.54229,9.799967e-01,-2.048549e+01,1.054239e-01,1.294250e+02,6.297920e-02,7.630725e+01,9.482047e-01,-3.962054e+00
30.19952,9.774860e-01,-2.240747e+01,1.086854e-01,1.255832e+02,6.873197e-02,7.502837e+01,9.476470e-01,-4.336116e+00
33.11311,9.745199e-01,-2.449832e+01,1.124052e-01,1.215850e+02,7.494326e-02,7.363884e+01,9.469899e-01,-4.743858e+00
36.30781,9.710274e-01,-2.676948e+01,1.166181e-01,1.174444e+02,8.163005e-02,7.213170e+01,9.462184e-01,-5.187871e+00
39.81072,9.669309e-01,-2.923217e+01,1.213528e-01,1.131768e+02,8.880409e-02,7.050025e+01,9.453169e-01,-5.670839e+00
43.65158,9.621480e-01,-3.189707e+01,1.266305e-01,1.087983e+02,9.647009e-02,6.873837e+01,9.442688e-01,-6.195524e+00
47.86301,9.565934e-01,-3.477389e+01,1.324614e-01,1.043250e+02,1.046236e-01,6.684076e+01,9.430577e-01,-6.764756e+00
52.48075,9.501822e-01,-3.787092e+01,1.388432e-01,9.977257e+01,1.132490e-01,6.480332e+01,9.416681e-01,-7.381421e+00
57.54399,9.428345e-01,-4.119442e+01,1.457578e-01,9.515576e+01,1.223172e-01,6.262349e+01,9.400867e-01,-8.048464e+00
63.09573,9.344818e-01,-4.474803e+01,1.531699e-01,9.048855e+01,1.317835e-01,6.030064e+01,9.383037e-01,-8.768912e+00
69.18310,9.250733e-01,-4.853209e+01,1.610253e-01,8.578414e+01,1.415866e-01,5.783646e+01,9.363144e-01,-9.545917e+00
75.85776,9.145844e-01,-5.254301e+01,1.692507e-01,8.105524e+01,1.516477e-01,5.523524e+01,9.341212e-01,-1.038284e+01
83.17638,9.030242e-01,-5.677266e+01,1.777542e-01,7.631444e+01,1.618712e-01,5.250410e+01,9.317349e-01,-1.128335e+01
91.20108,8.904425e-01,-6.120790e+01,1.864274e-01,7.157452e+01,1.721464e-01,4.965305e+01,9.291760e-01,-1.225163e+01
100.00000,8.769349e-01,-6.583035e+01,1.951493e-01,6.684870e+01,1.823514e-01,4.669488e+01,9.264753e-01,-1.329251e+01
109.64782,8.626435e-01,-7.061632e+01,2.037910e-01,6.215063e+01,1.923575e-01,4.364473e+01,9.236737e-01,-1.441168e+01
120.22644,8.477545e-01,-7.553712e+01,2.122217e-01,5.749428e+01,2.020353e-01,4.051959e+01,9.208205e-01,-1.561595e+01
131.82567,8.324904e-01,-8.055963e+01,2.203148e-01,5.289348e+01,2.112608e-01,3.733752e+01,9.179715e-01,-1.691334e+01
144.54398,8.170979e-01,-8.564723e+01,2.279541e-01,4.836139e+01,2.199215e-01,3.411671e+01,9.151857e-01,-1.831319e+01
158.48932,8.018335e-01,-9.076093e+01,2.350386e-01,4.390987e+01,2.279210e-01,3.087464e+01,9.125224e-01,-1.982624e+01
173.78008,7.869470e-01,-9.586070e+01,2.414853e-01,3.954885e+01,2.351819e-01,2.762716e+01,9.100377e-01,-2.146445e+01
190.54607,7.726669e-01,-1.009069e+02,2.472309e-01,3.528576e+01,2.416474e-01,2.438776e+01,9.077824e-01,-2.324092e+01
208.92961,7.591881e-01,-1.058615e+02,2.522307e-01,3.112521e+01,2.472799e-01,2.116713e+01,9.057999e-01,-2.516956e+01
229.08677,7.466635e-01,-1.106898e+02,2.564568e-01,2.706884e+01,2.520589e-01,1.797285e+01,9.041260e-01,-2.726482e+01
251.18864,7.352012e-01,-1.153608e+02,2.598941e-01,2.311535e+01,2.559770e-01,1.480935e+01,9.027889e-01,-2.954129e+01
275.42287,7.248646e-01,-1.198487e+02,2.625368e-01,1.926079e+01,2.590362e-01,1.167819e+01,9.018103e-01,-3.201328e+01
301.99517,7.156768e-01,-1.241325e+02,2.643845e-01,1.549897e+01,2.612432e-01,8.578392e+00,9.012064e-01,-3.469434e+01
331.13112,7.076270e-01,-1.281971e+02,2.654381e-01,1.182204e+01,2.626065e-01,5.507021e+00,9.009894e-01,-3.759679e+01
363.07805,7.006781e-01,-1.320325e+02,2.656978e-01,8.221123e+00,2.631327e-01,2.459794e+00,9.011686e-01,-4.073109e+01
398.10717,6.947735e-01,-1.356337e+02,2.651609e-01,4.687024e+00,2.628253e-01,-5.682024e-01,9.017507e-01,-4.410523e+01
436.51583,6.898444e-01,-1.390000e+02,2.638213e-01,1.210947e+00,2.616836e-01,-3.581784e+00,9.027402e-01,-4.772404e+01
478.63009,6.858147e-01,-1.421347e+02,2.616699e-01,-2.214779e+00,2.597038e-01,-6.584936e+00,9.041382e-01,-5.158840e+01
524.80746,6.826050e-01,-1.450443e+02,2.586963e-01,-5.596003e+00,2.568798e-01,-9.580106e+00,9.059417e-01,-5.569454e+01
575.43994,6.801356e-01,-1.477377e+02,2.548918e-01,-8.936114e+00,2.532067e-01,-1.256754e+01,9.081417e-01,-6.003332e+01
630.95734,6.783277e-01,-1.502257e+02,2.502523e-01,-1.223550e+01,2.486838e-01,-1.554475e+01,9.107210e-01,-6.458969e+01
691.83097,6.771043e-01,-1.525202e+02,2.447828e-01,-1.549113e+01,2.433189e-01,-1.850606e+01,9.136530e-01,-6.934239e+01
758.57758,6.763901e-01,-1.546340e+02,2.385014e-01,-1.869635e+01,2.371327e-01,-2.144236e+01,9.168999e-01,-7.426390e+01
831.76377,6.761116e-01,-1.565800e+02,2.314430e-01,-2.184085e+01,2.301618e-01,-2.434112e+01,9.204123e-01,-7.932091e+01
912.01084,6.761977e-01,-1.583708e+02,2.236618e-01,-2.491093e+01,2.224622e-01,-2.718659e+01,9.241306e-01,-8.447511e+01
1000.00000,6.765796e-01,-1.600186e+02,2.152328e-01,-2.788995e+01,2.141100e-01,-2.996026e+01,9.279864e-01,-8.968451e+01
1096.47820,6.771920e-01,-1.615346e+02,2.062504e-01,-3.075908e+01,2.052004e-01,-3.264158e+01,9.319062e-01,-9.490498e+01
1202.26443,6.779739e-01,-1.629289e+02,1.968259e-01,-3.349813e+01,1.958455e-01,-3.520880e+01,9.358157e-01,-1.000921e+02
1318.25674,6.788707e-01,-1.642107e+02,1.870831e-01,-3.608656e+01,1.861694e-01,-3.763993e+01,9.396439e-01,-1.052030e+02
1445.43977,6.798342e-01,-1.653881e+02,1.771521e-01,-3.850434e+01,1.763025e-01,-3.991364e+01,9.433274e-01,-1.101980e+02
1584.89319,6.808248e-01,-1.664680e+02,1.671634e-01,-4.073288e+01,1.663753e-01,-4.201015e+01,9.468135e-01,-1.150419e+02
1737.80083,6.818107e-01,-1.674565e+02,1.572418e-01,-4.275565e+01,1.565126e-01,-4.391182e+01,9.500624e-01,-1.197051e+02
1905.46072,6.827689e-01,-1.683591e+02,1.475015e-01,-4.455868e+01,1.468286e-01,-4.560372e+01,9.530474e-01,-1.241643e+02
2089.29613,6.836837e-01,-1.691805e+02,1.380421e-01,-4.613089e+01,1.374229e-01,-4.707385e+01,9.557546e-01,-1.284020e+02
2290.86765,6.845468e-01,-1.699250e+02,1.289468e-01,-4.746421e+01,1.283785e-01,-4.831334e+01,9.581812e-01,-1.324068e+02
2511.88643,6.853557e-01,-1.705965e+02,1.202812e-01,-4.855356e+01,1.197611e-01,-4.931638e+01,9.603338e-01,-1.361726e+02
2754.22870,6.861128e-01,-1.711985e+02,1.120940e-01,-4.939686e+01,1.116194e-01,-5.008024e+01,9.622258e-01,-1.396982e+02
3019.95172,6.868242e-01,-1.717343e+02,1.044181e-01,-4.999495e+01,1.039863e-01,-5.060518e+01,9.638755e-01,-1.429861e+02
3311.31121,6.874993e-01,-1.722070e+02,9.727239e-02,-5.035153e+01,9.688071e-02,-5.089442e+01,9.653038e-01,-1.460420e+02
3630.78055,6.881498e-01,-1.726192e+02,9.066390e-02,-5.047322e+01,9.030970e-02,-5.095414e+01,9.665332e-01,-1.488739e+02
3981.07171,6.887894e-01,-1.729736e+02,8.458960e-02,-5.036963e+01,8.427037e-02,-5.079357e+01,9.675860e-01,-1.514918e+02
4365.15832,6.894337e-01,-1.732724e+02,7.903856e-02,-5.005343e+01,7.875183e-02,-5.042510e+01,9.684837e-01,-1.539065e+02
4786.30092,6.900996e-01,-1.735178e+02,7.399351e-02,-4.954052e+01,7.373692e-02,-4.986436e+01,9.692466e-01,-1.561298e+02
5248.07460,6.908060e-01,-1.737114e+02,6.943237e-02,-4.885009e+01,6.920364e-02,-4.913033e+01,9.698932e-01,-1.581737e+02
5754.39937,6.915740e-01,-1.738550e+02,6.532940e-02,-4.800461e+01,6.512635e-02,-4.824533e+01,9.704402e-01,-1.600501e+02
6309.57344,6.924266e-01,-1.739499e+02,6.165619e-02,-4.702970e+01,6.147671e-02,-4.723482e+01,9.709023e-01,-1.617709e+02
6918.30971,6.933899e-01,-1.739974e+02,5.838245e-02,-4.595379e+01,5.822452e-02,-4.612708e+01,9.712925e-01,-1.633474e+02
7585.77575,6.944935e-01,-1.739985e+02,5.547665e-02,-4.480757e+01,5.533832e-02,-4.495265e+01,9.716223e-01,-1.647905e+02
8317.63771,6.957704e-01,-1.739542e+02,5.290656e-02,-4.362326e+01,5.278597e-02,-4.374360e+01,9.719015e-01,-1.661107e+02
9120.10839,6.972585e-01,-1.738657e+02,5.063973e-02,-4.243377e+01,5.053510e-02,-4.253263e+01,9.721387e-01,-1.673177e+02
10000.00000,6.990006e-01,-1.737339e+02,4.864386e-02,-4.127173e+01,4.855352e-02,-4.135215e+01,9.723411e-01,-1.684206e+02
