! ! 
! S ! 
! ! 
! # MHz  S  MA  R  50.00000
! ! ===================================================================
1.00000,9.922849e-01,-7.795688e-01,1.868242e-01,1.787535e+02,2.346655e-03,8.948041e+01,9.509976e-01,-1.539802e-01
1.09648,9.922811e-01,-8.547770e-01,1.868260e-01,1.786332e+02,2.573038e-03,8.943025e+01,9.509966e-01,-1.688334e-01
1.20226,9.922764e-01,-9.372402e-01,1.868281e-01,1.785012e+02,2.821256e-03,8.937525e+01,9.509953e-01,-1.851196e-01
1.31826,9.922708e-01,-1.027658e+00,1.868306e-01,1.783566e+02,3.093415e-03,8.931495e+01,9.509938e-01,-2.029770e-01
1.44544,9.922641e-01,-1.126797e+00,1.868336e-01,1.781980e+02,3.391821e-03,8.924883e+01,9.509920e-01,-2.225571e-01
1.58489,9.922561e-01,-1.235500e+00,1.868373e-01,1.780242e+02,3.719004e-03,8.917634e+01,9.509898e-01,-2.440260e-01
1.73780,9.922464e-01,-1.354686e+00,1.868416e-01,1.778335e+02,4.077735e-03,8.909687e+01,9.509872e-01,-2.675657e-01
1.90546,9.922347e-01,-1.485368e+00,1.868469e-01,1.776245e+02,4.471054e-03,8.900972e+01,9.509841e-01,-2.933759e-01
2.08930,9.922207e-01,-1.628652e+00,1.868532e-01,1.773954e+02,4.902289e-03,8.891418e+01,9.509803e-01,-3.216754e-01
2.29087,9.922039e-01,-1.785754e+00,1.868608e-01,1.771441e+02,5.375090e-03,8.880943e+01,9.509758e-01,-3.527040e-01
2.51189,9.921837e-01,-1.958003e+00,1.868699e-01,1.768687e+02,5.893454e-03,8.869457e+01,9.509703e-01,-3.867246e-01
2.75423,9.921593e-01,-2.146860e+00,1.868809e-01,1.765668e+02,6.461760e-03,8.856865e+01,9.509637e-01,-4.240255e-01
3.01995,9.921301e-01,-2.353921e+00,1.868941e-01,1.762357e+02,7.084805e-03,8.843060e+01,9.509559e-01,-4.649222e-01
3.31131,9.920949e-01,-2.580939e+00,1.869100e-01,1.758728e+02,7.767841e-03,8.827923e+01,9.509464e-01,-5.097610e-01
3.63078,9.920527e-01,-2.829833e+00,1.869290e-01,1.754750e+02,8.516619e-03,8.811329e+01,9.509350e-01,-5.589208e-01
3.98107,9.920019e-01,-3.102704e+00,1.869520e-01,1.750390e+02,9.337431e-03,8.793137e+01,9.509213e-01,-6.128171e-01
4.36516,9.919408e-01,-3.401856e+00,1.869795e-01,1.745610e+02,1.023716e-02,8.773193e+01,9.509049e-01,-6.719047e-01
4.78630,9.918675e-01,-3.729807e+00,1.870125e-01,1.740372e+02,1.122334e-02,8.751330e+01,9.508851e-01,-7.366817e-01
5.24807,9.917793e-01,-4.089319e+00,1.870523e-01,1.734631e+02,1.230419e-02,8.727364e+01,9.508613e-01,-8.076936e-01
5.75440,9.916734e-01,-4.483410e+00,1.871000e-01,1.728340e+02,1.348869e-02,8.701095e+01,9.508328e-01,-8.855370e-01
6.30957,9.915462e-01,-4.915382e+00,1.871573e-01,1.721447e+02,1.478666e-02,8.672301e+01,9.507985e-01,-9.708650e-01
6.91831,9.913933e-01,-5.388846e+00,1.872261e-01,1.713896e+02,1.620877e-02,8.640744e+01,9.507573e-01,-1.064392e+00
7.58578,9.912098e-01,-5.907746e+00,1.873087e-01,1.705625e+02,1.776666e-02,8.606162e+01,9.507079e-01,-1.166897e+00
8.31764,9.909893e-01,-6.476391e+00,1.874078e-01,1.696567e+02,1.947299e-02,8.568268e+01,9.506485e-01,-1.279233e+00
9.12011,9.907247e-01,-7.099477e+00,1.875266e-01,1.686651e+02,2.134148e-02,8.526750e+01,9.505772e-01,-1.402330e+00
10.00000,9.904071e-01,-7.782125e+00,1.876691e-01,1.675797e+02,2.338701e-02,8.481271e+01,9.504917e-01,-1.537202e+00
10.96478,9.900261e-01,-8.529906e+00,1.878398e-01,1.663923e+02,2.562563e-02,8.431460e+01,9.503892e-01,-1.684954e+00
12.02264,9.895692e-01,-9.348876e+00,1.880443e-01,1.650936e+02,2.807465e-02,8.376918e+01,9.502663e-01,-1.846786e+00
13.18257,9.890216e-01,-1.024560e+01,1.882888e-01,1.636742e+02,3.075261e-02,8.317211e+01,9.501190e-01,-2.024002e+00
14.45440,9.883657e-01,-1.122719e+01,1.885812e-01,1.621235e+02,3.367933e-02,8.251873e+01,9.499427e-01,-2.218015e+00
15.84893,9.875807e-01,-1.230132e+01,1.889302e-01,1.604309e+02,3.687580e-02,8.180399e+01,9.497318e-01,-2.430353e+00
17.37801,9.866419e-01,-1.347623e+01,1.893463e-01,1.585849e+02,4.036416e-02,8.102250e+01,9.494798e-01,-2.662665e+00
19.05461,9.855204e-01,-1.476077e+01,1.898416e-01,1.565736e+02,4.416752e-02,8.016851e+01,9.491790e-01,-2.916719e+00
20.89296,9.841824e-01,-1.616436e+01,1.904299e-01,1.543849e+02,4.830968e-02,7.923590e+01,9.488205e-01,-3.194413e+00
22.90868,9.825885e-01,-1.769699e+01,1.911273e-01,1.520067e+02,5.281482e-02,7.821826e+01,9.483940e-01,-3.497765e+00
25.11886,9.806931e-01,-1.936918e+01,1.919515e-01,1.494267e+02,5.770702e-02,7.710885e+01,9.478876e-01,-3.828917e+00
27.54229,9.784441e-01,-2.119187e+01,1.929225e-01,1.466334e+02,6.300953e-02,7.590077e+01,9.472878e-01,-4.190126e+00
30.19952,9.757823e-01,-2.317633e+01,1.940622e-01,1.436161e+02,6.874400e-02,7.458697e+01,9.465794e-01,-4.583752e+00
33.11311,9.726411e-01,-2.533403e+01,1.953939e-01,1.403653e+02,7.492934e-02,7.316042e+01,9.457455e-01,-5.012243e+00
36.30781,9.689475e-01,-2.767636e+01,1.969419e-01,1.368736e+02,8.158035e-02,7.161425e+01,9.447680e-01,-5.478118e+00
39.81072,9.646222e-01,-3.021439e+01,1.987306e-01,1.331360e+02,8.870620e-02,6.994202e+01,9.436273e-01,-5.983945e+00
43.65158,9.595816e-01,-3.295851e+01,2.007832e-01,1.291507e+02,9.630850e-02,6.813791e+01,9.423037e-01,-6.532315e+00
47.86301,9.537403e-01,-3.591796e+01,2.031200e-01,1.249196e+02,1.043793e-01,6.619709e+01,9.407774e-01,-7.125823e+00
52.48075,9.470150e-01,-3.910036e+01,2.057564e-01,1.204490e+02,1.128990e-01,6.411603e+01,9.390306e-01,-7.767055e+00
57.54399,9.393297e-01,-4.251108e+01,2.087011e-01,1.157502e+02,1.218341e-01,6.189292e+01,9.370480e-01,-8.458586e+00
63.09573,9.306214e-01,-4.615262e+01,2.119530e-01,1.108393e+02,1.311359e-01,5.952800e+01,9.348198e-01,-9.203014e+00
69.18310,9.208485e-01,-5.002393e+01,2.154994e-01,1.057376e+02,1.407389e-01,5.702396e+01,9.323425e-01,-1.000301e+01
75.85776,9.099977e-01,-5.411979e+01,2.193142e-01,1.004710e+02,1.505609e-01,5.438621e+01,9.296219e-01,-1.086143e+01
83.17638,8.980925e-01,-5.843027e+01,2.233570e-01,9.506973e+01,1.605040e-01,5.162303e+01,9.266744e-01,-1.178145e+01
91.20108,8.851989e-01,-6.294027e+01,2.275734e-01,8.956718e+01,1.704567e-01,4.874556e+01,9.235283e-01,-1.276679e+01
100.00000,8.714292e-01,-6.762941e+01,2.318963e-01,8.399887e+01,1.802984e-01,4.576762e+01,9.202242e-01,-1.382190e+01
109.64782,8.569418e-01,-7.247208e+01,2.362489e-01,7.840110e+01,1.899040e-01,4.270522e+01,9.168142e-01,-1.495226e+01
120.22644,8.419367e-01,-7.743780e+01,2.405485e-01,7.280961e+01,1.991499e-01,3.957594e+01,9.133599e-01,-1.616457e+01
131.82567,8.266458e-01,-8.249202e+01,2.447112e-01,6.725814e+01,2.079203e-01,3.639811e+01,9.099291e-01,-1.746692e+01
144.54398,8.113202e-01,-8.759704e+01,2.486560e-01,6.177729e+01,2.161120e-01,3.318989e+01,9.065926e-01,-1.886892e+01
158.48932,7.962146e-01,-9.271328e+01,2.523086e-01,5.639345e+01,2.236393e-01,2.996835e+01,9.034198e-01,-2.038169e+01
173.78008,7.815714e-01,-9.780064e+01,2.556044e-01,5.112808e+01,2.304353e-01,2.674867e+01,9.004752e-01,-2.201769e+01
190.54607,7.676067e-01,-1.028199e+02,2.584893e-01,4.599731e+01,2.364534e-01,2.354344e+01,8.978159e-01,-2.379059e+01
208.92961,7.544994e-01,-1.077342e+02,2.609201e-01,4.101185e+01,2.416646e-01,2.036230e+01,8.954899e-01,-2.571487e+01
229.08677,7.423852e-01,-1.125099e+02,2.628630e-01,3.617718e+01,2.460558e-01,1.721171e+01,8.935356e-01,-2.780555e+01
251.18864,7.313544e-01,-1.171180e+02,2.642915e-01,3.149403e+01,2.496250e-01,1.409501e+01,8.919828e-01,-3.007768e+01
275.42287,7.214542e-01,-1.215343e+02,2.651841e-01,2.695900e+01,2.523779e-01,1.101274e+01,8.908535e-01,-3.254599e+01
301.99517,7.126938e-01,-1.257401e+02,2.655216e-01,2.256539e+01,2.543237e-01,7.962999e+00,8.901642e-01,-3.522433e+01
331.13112,7.050516e-01,-1.297221e+02,2.652851e-01,1.830398e+01,2.554715e-01,4.942090e+00,8.899268e-01,-3.812518e+01
363.07805,6.984823e-01,-1.334721e+02,2.644541e-01,1.416402e+01,2.558282e-01,1.945111e+00,8.901500e-01,-4.125905e+01
398.10717,6.929243e-01,-1.369869e+02,2.630060e-01,1.013406e+01,2.553967e-01,-1.033326e+00,8.908405e-01,-4.463388e+01
436.51583,6.883058e-01,-1.402672e+02,2.609156e-01,6.202849e+00,2.541754e-01,-3.998378e+00,8.920021e-01,-4.825429e+01
478.63009,6.845500e-01,-1.433176e+02,2.581563e-01,2.360176e+00,2.521593e-01,-6.954253e+00,8.936353e-01,-5.212088e+01
524.80746,6.815784e-01,-1.461453e+02,2.547019e-01,-1.402357e+00,2.493411e-01,-9.903517e+00,8.957359e-01,-5.622948e+01
575.43994,6.793130e-01,-1.487599e+02,2.505291e-01,-5.090635e+00,2.457144e-01,-1.284646e+01,8.982929e-01,-6.057050e+01
630.95734,6.776774e-01,-1.511728e+02,2.456211e-01,-8.707452e+00,2.412772e-01,-1.578056e+01,9.012858e-01,-6.512838e+01
691.83097,6.765975e-01,-1.533961e+02,2.399715e-01,-1.225208e+01,2.360356e-01,-1.870005e+01,9.046832e-01,-6.988132e+01
758.57758,6.760011e-01,-1.554429e+02,2.335878e-01,-1.572000e+01,2.300080e-01,-2.159573e+01,9.084412e-01,-7.480130e+01
831.76377,6.758181e-01,-1.573260e+02,2.264955e-01,-1.910294e+01,2.232290e-01,-2.445489e+01,9.125023e-01,-7.985458e+01
912.01084,6.759802e-01,-1.590580e+02,2.187400e-01,-2.238905e+01,2.157516e-01,-2.726162e+01,9.167974e-01,-8.500251e+01
1000.00000,6.764215e-01,-1.606510e+02,2.103877e-01,-2.556344e+01,2.076483e-01,-2.999721e+01,9.212474e-01,-9.020289e+01
1096.47820,6.770796e-01,-1.621159e+02,2.015253e-01,-2.860887e+01,1.990108e-01,-3.264092e+01,9.257676e-01,-9.541154e+01
1202.26443,6.778960e-01,-1.634629e+02,1.922564e-01,-3.150661e+01,1.899468e-01,-3.517080e+01,9.302725e-01,-1.005841e+02
1318.25674,6.788181e-01,-1.647008e+02,1.826974e-01,-3.423746e+01,1.805757e-01,-3.756464e+01,9.346806e-01,-1.056780e+02
1445.43977,6.797998e-01,-1.658374e+02,1.729720e-01,-3.678264e+01,1.710234e-01,-3.980095e+01,9.389193e-01,-1.106538e+02
1584.89319,6.808031e-01,-1.668797e+02,1.632041e-01,-3.912467e+01,1.614160e-01,-4.185973e+01,9.429285e-01,-1.154768e+02
1737.80083,6.817976e-01,-1.678334e+02,1.535132e-01,-4.124807e+01,1.518741e-01,-4.372323e+01,9.466628e-01,-1.201179e+02
1905.46072,6.827612e-01,-1.687039e+02,1.440083e-01,-4.313986e+01,1.425078e-01,-4.537636e+01,9.500920e-01,-1.245540e+02
2089.29613,6.836794e-01,-1.694957e+02,1.347849e-01,-4.478989e+01,1.334136e-01,-4.680709e+01,9.532006e-01,-1.287682e+02
2290.86765,6.845444e-01,-1.702129e+02,1.259228e-01,-4.619097e+01,1.246717e-01,-4.800649e+01,9.559861e-01,-1.327496e+02
2511.88643,6.853543e-01,-1.708593e+02,1.174848e-01,-4.733888e+01,1.163457e-01,-4.896884e+01,9.584561e-01,-1.364923e+02
2754.22870,6.861117e-01,-1.714382e+02,1.095176e-01,-4.823243e+01,1.084827e-01,-4.969155e+01,9.606264e-01,-1.399953e+02
3019.95172,6.868233e-01,-1.719528e+02,1.020523e-01,-4.887331e+01,1.011143e-01,-5.017511e+01,9.625182e-01,-1.432615e+02
3311.31121,6.874985e-01,-1.724059e+02,9.510699e-02,-4.926615e+01,9.425891e-02,-5.042310e+01,9.641557e-01,-1.462966e+02
3630.78055,6.881493e-01,-1.728002e+02,8.868777e-02,-4.941853e+01,8.792313e-02,-5.044219e+01,9.655648e-01,-1.491088e+02
3981.07171,6.887894e-01,-1.731380e+02,8.279134e-02,-4.934104e+01,8.210397e-02,-5.024222e+01,9.667712e-01,-1.517081e+02
4365.15832,6.894345e-01,-1.734217e+02,7.740657e-02,-4.904741e+01,7.679067e-02,-4.983627e+01,9.677997e-01,-1.541054e+02
4786.30092,6.901018e-01,-1.736531e+02,7.251625e-02,-4.855462e+01,7.196631e-02,-4.924080e+01,9.686735e-01,-1.563125e+02
5248.07460,6.908101e-01,-1.738339e+02,6.809844e-02,-4.788295e+01,6.760922e-02,-4.847566e+01,9.694138e-01,-1.583413e+02
5754.39937,6.915804e-01,-1.739657e+02,6.412762e-02,-4.705594e+01,6.369416e-02,-4.756405e+01,9.700397e-01,-1.602037e+02
6309.57344,6.924362e-01,-1.740497e+02,6.057569e-02,-4.610022e+01,6.019324e-02,-4.653224e+01,9.705683e-01,-1.619115e+02
6918.30971,6.934035e-01,-1.740871e+02,5.741268e-02,-4.504508e+01,5.707673e-02,-4.540924e+01,9.710144e-01,-1.634760e+02
7585.77575,6.945119e-01,-1.740790e+02,5.460744e-02,-4.392192e+01,5.431368e-02,-4.422610e+01,9.713910e-01,-1.649082e+02
8317.63771,6.957948e-01,-1.740263e+02,5.212817e-02,-4.276349e+01,5.187249e-02,-4.301518e+01,9.717095e-01,-1.662183e+02
9120.10839,6.972901e-01,-1.739298e+02,4.994286e-02,-4.160294e+01,4.972136e-02,-4.180921e+01,9.719794e-01,-1.674160e+02
10000.00000,6.990408e-01,-1.737908e+02,4.801973e-02,-4.047295e+01,4.782873e-02,-4.064034e+01,9.722092e-01,-1.685104e+02
