! ! 
! S ! 
! ! 
! # MHz  S  MA  R  50.00000
! ! ===================================================================
1.00000,9.436280e-01,-1.830256e+00,4.784023e+00,1.788441e+02,2.565774e-03,8.887961e+01,9.441203e-01,-6.060189e-01
1.09648,9.436110e-01,-2.006751e+00,4.783852e+00,1.787317e+02,2.813216e-03,8.877237e+01,9.440980e-01,-6.644552e-01
1.20226,9.435907e-01,-2.200266e+00,4.783647e+00,1.786085e+02,3.084499e-03,8.865472e+01,9.440712e-01,-7.285228e-01
1.31826,9.435662e-01,-2.412439e+00,4.783401e+00,1.784736e+02,3.381912e-03,8.852566e+01,9.440390e-01,-7.987628e-01
1.44544,9.435368e-01,-2.645065e+00,4.783105e+00,1.783257e+02,3.707964e-03,8.838410e+01,9.440003e-01,-8.757675e-01
1.58489,9.435015e-01,-2.900109e+00,4.782749e+00,1.781636e+02,4.065399e-03,8.822885e+01,9.439537e-01,-9.601856e-01
1.73780,9.434590e-01,-3.179726e+00,4.782321e+00,1.779859e+02,4.457223e-03,8.805861e+01,9.438978e-01,-1.052727e+00
1.90546,9.434080e-01,-3.486275e+00,4.781806e+00,1.777912e+02,4.886722e-03,8.787192e+01,9.438306e-01,-1.154168e+00
2.08930,9.433466e-01,-3.822339e+00,4.781188e+00,1.775778e+02,5.357491e-03,8.766723e+01,9.437498e-01,-1.265359e+00
2.29087,9.432729e-01,-4.190745e+00,4.780445e+00,1.773440e+02,5.873459e-03,8.744282e+01,9.436527e-01,-1.387228e+00
2.51189,9.431843e-01,-4.594587e+00,4.779553e+00,1.770877e+02,6.438915e-03,8.719680e+01,9.435360e-01,-1.520790e+00
2.75423,9.430779e-01,-5.037248e+00,4.778480e+00,1.768068e+02,7.058544e-03,8.692712e+01,9.433958e-01,-1.667151e+00
3.01995,9.429500e-01,-5.522429e+00,4.777192e+00,1.764989e+02,7.737450e-03,8.663154e+01,9.432275e-01,-1.827520e+00
3.31131,9.427965e-01,-6.054171e+00,4.775644e+00,1.761616e+02,8.481193e-03,8.630760e+01,9.430252e-01,-2.003211e+00
3.63078,9.426122e-01,-6.636886e+00,4.773785e+00,1.757920e+02,9.295819e-03,8.595262e+01,9.427824e-01,-2.195656e+00
3.98107,9.423908e-01,-7.275389e+00,4.771553e+00,1.753871e+02,1.018789e-02,8.556369e+01,9.424908e-01,-2.406408e+00
4.36516,9.421252e-01,-7.974925e+00,4.768874e+00,1.749436e+02,1.116452e-02,8.513765e+01,9.421409e-01,-2.637153e+00
4.78630,9.418066e-01,-8.741202e+00,4.765659e+00,1.744579e+02,1.223339e-02,8.467103e+01,9.417211e-01,-2.889711e+00
5.24807,9.414245e-01,-9.580423e+00,4.761802e+00,1.739260e+02,1.340277e-02,8.416011e+01,9.412176e-01,-3.166046e+00
5.75440,9.409666e-01,-1.049932e+01,4.757177e+00,1.733438e+02,1.468155e-02,8.360085e+01,9.406141e-01,-3.468268e+00
6.30957,9.404180e-01,-1.150516e+01,4.751635e+00,1.727067e+02,1.607922e-02,8.298886e+01,9.398911e-01,-3.798633e+00
6.91831,9.397615e-01,-1.260581e+01,4.744997e+00,1.720099e+02,1.760585e-02,8.231948e+01,9.390256e-01,-4.159538e+00
7.58578,9.389764e-01,-1.380971e+01,4.737053e+00,1.712479e+02,1.927207e-02,8.158767e+01,9.379904e-01,-4.553520e+00
8.31764,9.380386e-01,-1.512593e+01,4.727555e+00,1.704153e+02,2.108897e-02,8.078807e+01,9.367534e-01,-4.983232e+00
9.12011,9.369198e-01,-1.656410e+01,4.716211e+00,1.695061e+02,2.306804e-02,7.991503e+01,9.352772e-01,-5.451422e+00
10.00000,9.355871e-01,-1.813444e+01,4.702680e+00,1.685140e+02,2.522093e-02,7.896259e+01,9.335180e-01,-5.960900e+00
10.96478,9.340023e-01,-1.984770e+01,4.686566e+00,1.674326e+02,2.755929e-02,7.792456e+01,9.314252e-01,-6.514482e+00
12.02264,9.321220e-01,-2.171508e+01,4.667409e+00,1.662549e+02,3.009446e-02,7.679457e+01,9.289408e-01,-7.114922e+00
13.18257,9.298967e-01,-2.374809e+01,4.644685e+00,1.649743e+02,3.283703e-02,7.556618e+01,9.259985e-01,-7.764820e+00
14.45440,9.272710e-01,-2.595841e+01,4.617798e+00,1.635840e+02,3.579636e-02,7.423301e+01,9.225240e-01,-8.466507e+00
15.84893,9.241837e-01,-2.835766e+01,4.586083e+00,1.620771e+02,3.897994e-02,7.278891e+01,9.184349e-01,-9.221893e+00
17.37801,9.205690e-01,-3.095708e+01,4.548803e+00,1.604476e+02,4.239269e-02,7.122817e+01,9.136418e-01,-1.003230e+01
19.05461,9.163571e-01,-3.376719e+01,4.505162e+00,1.586898e+02,4.603601e-02,6.954577e+01,9.080496e-01,-1.089823e+01
20.89296,9.114772e-01,-3.679729e+01,4.454318e+00,1.567991e+02,4.990691e-02,6.773776e+01,9.015602e-01,-1.181919e+01
22.90868,9.058601e-01,-4.005496e+01,4.395408e+00,1.547723e+02,5.399694e-02,6.580153e+01,8.940770e-01,-1.279337e+01
25.11886,8.994430e-01,-4.354540e+01,4.327580e+00,1.526076e+02,5.829129e-02,6.373623e+01,8.855096e-01,-1.381749e+01
27.54229,8.921742e-01,-4.727079e+01,4.250039e+00,1.503056e+02,6.276793e-02,6.154319e+01,8.757813e-01,-1.488653e+01
30.19952,8.840201e-01,-5.122956e+01,4.162104e+00,1.478693e+02,6.739712e-02,5.922625e+01,8.648369e-01,-1.599363e+01
33.11311,8.749710e-01,-5.541574e+01,4.063265e+00,1.453041e+02,7.214127e-02,5.679204e+01,8.526519e-01,-1.713010e+01
36.30781,8.650480e-01,-5.981840e+01,3.953254e+00,1.426188e+02,7.695548e-02,5.425021e+01,8.392411e-01,-1.828553e+01
39.81072,8.543081e-01,-6.442118e+01,3.832101e+00,1.398246e+02,8.178867e-02,5.161339e+01,8.246667e-01,-1.944822e+01
43.65158,8.428467e-01,-6.920217e+01,3.700182e+00,1.369357e+02,8.658545e-02,4.889703e+01,8.090430e-01,-2.060570e+01
47.86301,8.307974e-01,-7.413403e+01,3.558248e+00,1.339685e+02,9.128863e-02,4.611895e+01,7.925380e-01,-2.174567e+01
52.48075,8.183278e-01,-7.918444e+01,3.407417e+00,1.309409e+02,9.584205e-02,4.329872e+01,7.753697e-01,-2.285693e+01
57.54399,8.056314e-01,-8.431694e+01,3.249143e+00,1.278718e+02,1.001936e-01,4.045686e+01,7.577974e-01,-2.393060e+01
63.09573,7.929160e-01,-8.949206e+01,3.085147e+00,1.247797e+02,1.042978e-01,3.761387e+01,7.401087e-01,-2.496118e+01
69.18310,7.803908e-01,-9.466869e+01,2.917329e+00,1.216821e+02,1.081181e-01,3.478936e+01,7.226030e-01,-2.594754e+01
75.85776,7.682532e-01,-9.980564e+01,2.747664e+00,1.185946e+02,1.116280e-01,3.200112e+01,7.055741e-01,-2.689361e+01
83.17638,7.566765e-01,-1.048631e+02,2.578101e+00,1.155300e+02,1.148113e-01,2.926450e+01,6.892943e-01,-2.780868e+01
91.20108,7.458019e-01,-1.098041e+02,2.410465e+00,1.124979e+02,1.176619e-01,2.659183e+01,6.740007e-01,-2.870727e+01
100.00000,7.357331e-01,-1.145956e+02,2.246390e+00,1.095046e+02,1.201823e-01,2.399223e+01,6.598871e-01,-2.960856e+01
109.64782,7.265357e-01,-1.192096e+02,2.087264e+00,1.065524e+02,1.223818e-01,2.147147e+01,6.471001e-01,-3.053555e+01
120.22644,7.182390e-01,-1.236231e+02,1.934207e+00,1.036407e+02,1.242748e-01,1.903218e+01,6.357401e-01,-3.151395e+01
131.82567,7.108411e-01,-1.278192e+02,1.788068e+00,1.007652e+02,1.258789e-01,1.667408e+01,6.258666e-01,-3.257105e+01
144.54398,7.043148e-01,-1.317859e+02,1.649437e+00,9.791907e+01,1.272129e-01,1.439433e+01,6.175055e-01,-3.373450e+01
158.48932,6.986143e-01,-1.355165e+02,1.518671e+00,9.509279e+01,1.282953e-01,1.218793e+01,6.106580e-01,-3.503141e+01
173.78008,6.936818e-01,-1.390089e+02,1.395927e+00,9.227488e+01,1.291435e-01,1.004818e+01,6.053105e-01,-3.648743e+01
190.54607,6.894523e-01,-1.422646e+02,1.281199e+00,8.945215e+01,1.297724e-01,7.967031e+00,6.014423e-01,-3.812617e+01
208.92961,6.858589e-01,-1.452883e+02,1.174347e+00,8.661011e+01,1.301938e-01,5.935499e+00,5.990334e-01,-3.996865e+01
229.08677,6.828358e-01,-1.480872e+02,1.075132e+00,8.373335e+01,1.304162e-01,3.944007e+00,5.980702e-01,-4.203298e+01
251.18864,6.803208e-01,-1.506704e+02,9.832434e-01,8.080588e+01,1.304445e-01,1.982727e+00,5.985484e-01,-4.433399e+01
275.42287,6.782570e-01,-1.530482e+02,8.983214e-01,7.781148e+01,1.302795e-01,4.189386e-02,6.004757e-01,-4.688295e+01
301.99517,6.765934e-01,-1.552318e+02,8.199777e-01,7.473411e+01,1.299183e-01,-1.887882e+00,6.038707e-01,-4.968729e+01
331.13112,6.752854e-01,-1.572330e+02,7.478102e-01,7.155827e+01,1.293546e-01,-3.815293e+00,6.087604e-01,-5.275024e+01
363.07805,6.742944e-01,-1.590637e+02,6.814154e-01,6.826949e+01,1.285784e-01,-5.747997e+00,6.151765e-01,-5.607058e+01
398.10717,6.735877e-01,-1.607357e+02,6.203973e-01,6.485483e+01,1.275771e-01,-7.692259e+00,6.231483e-01,-5.964230e+01
436.51583,6.731374e-01,-1.622607e+02,5.643746e-01,6.130349e+01,1.263361e-01,-9.652566e+00,6.326948e-01,-6.345446e+01
478.63009,6.729195e-01,-1.636502e+02,5.129851e-01,5.760744e+01,1.248394e-01,-1.163122e+01,6.438160e-01,-6.749108e+01
524.80746,6.729133e-01,-1.649151e+02,4.658891e-01,5.376216e+01,1.230712e-01,-1.362793e+01,6.564826e-01,-7.173127e+01
575.43994,6.731000e-01,-1.660661e+02,4.227709e-01,4.976740e+01,1.210175e-01,-1.563941e+01,6.706271e-01,-7.614951e+01
630.95734,6.734614e-01,-1.671133e+02,3.833392e-01,4.562787e+01,1.186674e-01,-1.765908e+01,6.861364e-01,-8.071620e+01
691.83097,6.739795e-01,-1.680661e+02,3.473269e-01,4.135392e+01,1.160153e-01,-1.967679e+01,7.028472e-01,-8.539831e+01
758.57758,6.746352e-01,-1.689335e+02,3.144888e-01,3.696201e+01,1.130627e-01,-2.167880e+01,7.205461e-01,-9.016030e+01
831.76377,6.754082e-01,-1.697237e+02,2.846001e-01,3.247496e+01,1.098199e-01,-2.364789e+01,7.389748e-01,-9.496506e+01
912.01084,6.762764e-01,-1.704441e+02,2.574529e-01,2.792185e+01,1.063068e-01,-2.556372e+01,7.578399e-01,-9.977496e+01
1000.00000,6.772167e-01,-1.711014e+02,2.328533e-01,2.333757e+01,1.025534e-01,-2.740350e+01,7.768277e-01,-1.045529e+02
1096.47820,6.782054e-01,-1.717014e+02,2.106186e-01,1.876190e+01,9.859942e-02,-2.914283e+01,7.956219e-01,-1.092634e+02
1202.26443,6.792193e-01,-1.722490e+02,1.905744e-01,1.423829e+01,9.449288e-02,-3.075676e+01,8.139220e-01,-1.138736e+02
1318.25674,6.802366e-01,-1.727483e+02,1.725528e-01,9.812194e+00,9.028777e-02,-3.222093e+01,8.314601e-01,-1.183538e+02
1445.43977,6.812382e-01,-1.732026e+02,1.563918e-01,5.529365e+00,8.604136e-02,-3.351279e+01,8.480141e-01,-1.226786e+02
1584.89319,6.822087e-01,-1.736145e+02,1.419345e-01,1.433954e+00,8.181128e-02,-3.461269e+01,8.634159e-01,-1.268268e+02
1737.80083,6.831365e-01,-1.739862e+02,1.290302e-01,-2.433225e+00,7.765265e-02,-3.550488e+01,8.775545e-01,-1.307820e+02
1905.46072,6.840145e-01,-1.743192e+02,1.175352e-01,-6.036240e+00,7.361563e-02,-3.617827e+01,8.903735e-01,-1.345327e+02
2089.29613,6.848400e-01,-1.746148e+02,1.073138e-01,-9.345282e+00,6.974355e-02,-3.662704e+01,9.018656e-01,-1.380715e+02
2290.86765,6.856140e-01,-1.748740e+02,9.823945e-02,-1.233755e+01,6.607184e-02,-3.685099e+01,9.120639e-01,-1.413953e+02
2511.88643,6.863411e-01,-1.750975e+02,9.019553e-02,-1.499781e+01,6.262741e-02,-3.685568e+01,9.210323e-01,-1.445043e+02
2754.22870,6.870287e-01,-1.752861e+02,8.307537e-02,-1.731860e+01,5.942878e-02,-3.665230e+01,9.288561e-01,-1.474021e+02
3019.95172,6.876870e-01,-1.754403e+02,7.678236e-02,-1.930022e+01,5.648654e-02,-3.625744e+01,9.356338e-01,-1.500942e+02
3311.31121,6.883281e-01,-1.755605e+02,7.122938e-02,-2.095044e+01,5.380410e-02,-3.569252e+01,9.414695e-01,-1.525885e+02
3630.78055,6.889659e-01,-1.756470e+02,6.633813e-02,-2.228404e+01,5.137868e-02,-3.498305e+01,9.464679e-01,-1.548938e+02
3981.07171,6.896162e-01,-1.757002e+02,6.203821e-02,-2.332223e+01,4.920230e-02,-3.415769e+01,9.507299e-01,-1.570200e+02
4365.15832,6.902965e-01,-1.757201e+02,5.826620e-02,-2.409178e+01,4.726289e-02,-3.324721e+01,9.543503e-01,-1.589776e+02
4786.30092,6.910263e-01,-1.757068e+02,5.496474e-02,-2.462414e+01,4.554522e-02,-3.228333e+01,9.574159e-01,-1.607771e+02
5248.07460,6.918271e-01,-1.756603e+02,5.208176e-02,-2.495431e+01,4.403189e-02,-3.129761e+01,9.600048e-01,-1.624291e+02
5754.39937,6.927231e-01,-1.755805e+02,4.956968e-02,-2.511967e+01,4.270411e-02,-3.032041e+01,9.621866e-01,-1.639441e+02
6309.57344,6.937418e-01,-1.754674e+02,4.738493e-02,-2.515868e+01,4.154244e-02,-2.938005e+01,9.640223e-01,-1.653320e+02
6918.30971,6.949139e-01,-1.753207e+02,4.548743e-02,-2.510973e+01,4.052735e-02,-2.850224e+01,9.655649e-01,-1.666025e+02
7585.77575,6.962744e-01,-1.751404e+02,4.384031e-02,-2.500994e+01,3.963966e-02,-2.770966e+01,9.668604e-01,-1.677648e+02
8317.63771,6.978633e-01,-1.749265e+02,4.240958e-02,-2.489430e+01,3.886088e-02,-2.702187e+01,9.679481e-01,-1.688273e+02
9120.10839,6.997256e-01,-1.746793e+02,4.116396e-02,-2.479491e+01,3.817340e-02,-2.645533e+01,9.688618e-01,-1.697983e+02
10000.00000,7.019123e-01,-1.743993e+02,4.007469e-02,-2.474054e+01,3.756058e-02,-2.602366e+01,9.696301e-01,-1.706850e+02
