! ! 
! S ! 
! ! 
! # MHz  S  MA  R  50.00000
! ! ===================================================================
1.00000,9.928181e-01,-7.606428e-01,1.135788e-01,1.783022e+02,2.343193e-03,8.949143e+01,9.510836e-01,-1.476327e-01
1.09648,9.928144e-01,-8.340253e-01,1.135830e-01,1.781383e+02,2.569243e-03,8.944233e+01,9.510827e-01,-1.618737e-01
1.20226,9.928100e-01,-9.144868e-01,1.135880e-01,1.779587e+02,2.817097e-03,8.938850e+01,9.510817e-01,-1.774886e-01
1.31826,9.928046e-01,-1.002710e+00,1.135941e-01,1.777618e+02,3.088856e-03,8.932948e+01,9.510804e-01,-1.946100e-01
1.44544,9.927982e-01,-1.099443e+00,1.136014e-01,1.775459e+02,3.386824e-03,8.926476e+01,9.510789e-01,-2.133831e-01
1.58489,9.927905e-01,-1.205507e+00,1.136101e-01,1.773092e+02,3.713527e-03,8.919381e+01,9.510771e-01,-2.339671e-01
1.73780,9.927813e-01,-1.321800e+00,1.136207e-01,1.770497e+02,4.071733e-03,8.911601e+01,9.510749e-01,-2.565368e-01
1.90546,9.927702e-01,-1.449310e+00,1.136333e-01,1.767652e+02,4.464477e-03,8.903072e+01,9.510722e-01,-2.812834e-01
2.08930,9.927568e-01,-1.589118e+00,1.136485e-01,1.764534e+02,4.895084e-03,8.893720e+01,9.510691e-01,-3.084169e-01
2.29087,9.927407e-01,-1.742407e+00,1.136668e-01,1.761116e+02,5.367198e-03,8.883466e+01,9.510653e-01,-3.381673e-01
2.51189,9.927214e-01,-1.910477e+00,1.136888e-01,1.757369e+02,5.884810e-03,8.872224e+01,9.510607e-01,-3.707866e-01
2.75423,9.926981e-01,-2.094751e+00,1.137152e-01,1.753262e+02,6.452296e-03,8.859899e+01,9.510552e-01,-4.065513e-01
3.01995,9.926702e-01,-2.296790e+00,1.137470e-01,1.748761e+02,7.074446e-03,8.846385e+01,9.510485e-01,-4.457642e-01
3.31131,9.926366e-01,-2.518302e+00,1.137851e-01,1.743828e+02,7.756506e-03,8.831569e+01,9.510406e-01,-4.887573e-01
3.63078,9.925962e-01,-2.761161e+00,1.138310e-01,1.738423e+02,8.504221e-03,8.815327e+01,9.510310e-01,-5.358942e-01
3.98107,9.925477e-01,-3.027417e+00,1.138860e-01,1.732501e+02,9.323878e-03,8.797519e+01,9.510195e-01,-5.875735e-01
4.36516,9.924894e-01,-3.319318e+00,1.139522e-01,1.726014e+02,1.022235e-02,8.777997e+01,9.510057e-01,-6.442318e-01
4.78630,9.924193e-01,-3.639324e+00,1.140316e-01,1.718909e+02,1.120717e-02,8.756596e+01,9.509890e-01,-7.063470e-01
5.24807,9.923351e-01,-3.990130e+00,1.141270e-01,1.711129e+02,1.228655e-02,8.733136e+01,9.509691e-01,-7.744428e-01
5.75440,9.922339e-01,-4.374681e+00,1.142415e-01,1.702611e+02,1.346948e-02,8.707421e+01,9.509451e-01,-8.490922e-01
6.30957,9.921123e-01,-4.796204e+00,1.143789e-01,1.693291e+02,1.476575e-02,8.679235e+01,9.509163e-01,-9.309224e-01
6.91831,9.919663e-01,-5.258223e+00,1.145436e-01,1.683094e+02,1.618606e-02,8.648343e+01,9.508816e-01,-1.020619e+00
7.58578,9.917908e-01,-5.764592e+00,1.147412e-01,1.671944e+02,1.774204e-02,8.614488e+01,9.508401e-01,-1.118933e+00
8.31764,9.915802e-01,-6.319518e+00,1.149780e-01,1.659760e+02,1.944636e-02,8.577390e+01,9.507902e-01,-1.226684e+00
9.12011,9.913273e-01,-6.927591e+00,1.152615e-01,1.646452e+02,2.131277e-02,8.536744e+01,9.507302e-01,-1.344767e+00
10.00000,9.910238e-01,-7.593816e+00,1.156008e-01,1.631929e+02,2.335616e-02,8.492216e+01,9.506584e-01,-1.474157e+00
10.96478,9.906596e-01,-8.323641e+00,1.160064e-01,1.616094e+02,2.559264e-02,8.443444e+01,9.505721e-01,-1.615922e+00
12.02264,9.902228e-01,-9.122988e+00,1.164907e-01,1.598847e+02,2.803957e-02,8.390037e+01,9.504687e-01,-1.771218e+00
13.18257,9.896993e-01,-9.998285e+00,1.170684e-01,1.580087e+02,3.071559e-02,8.331568e+01,9.503449e-01,-1.941308e+00
14.45440,9.890720e-01,-1.095649e+01,1.177562e-01,1.559709e+02,3.364061e-02,8.267578e+01,9.501966e-01,-2.127558e+00
15.84893,9.883212e-01,-1.200513e+01,1.185739e-01,1.537614e+02,3.683580e-02,8.197572e+01,9.500191e-01,-2.331452e+00
17.37801,9.874230e-01,-1.315229e+01,1.195436e-01,1.513703e+02,4.032352e-02,8.121017e+01,9.498070e-01,-2.554592e+00
19.05461,9.863497e-01,-1.440665e+01,1.206909e-01,1.487888e+02,4.412715e-02,8.037345e+01,9.495538e-01,-2.798703e+00
20.89296,9.850688e-01,-1.577749e+01,1.220443e-01,1.460089e+02,4.827086e-02,7.945954e+01,9.492519e-01,-3.065642e+00
22.90868,9.835423e-01,-1.727465e+01,1.236353e-01,1.430244e+02,5.277934e-02,7.846206e+01,9.488925e-01,-3.357394e+00
25.11886,9.817261e-01,-1.890849e+01,1.254985e-01,1.398310e+02,5.767727e-02,7.737434e+01,9.484657e-01,-3.676074e+00
27.54229,9.795698e-01,-2.068986e+01,1.276704e-01,1.364265e+02,6.298872e-02,7.618949e+01,9.479597e-01,-4.023924e+00
30.19952,9.770159e-01,-2.262996e+01,1.301893e-01,1.328119e+02,6.873634e-02,7.490046e+01,9.473618e-01,-4.403308e+00
33.11311,9.739996e-01,-2.474020e+01,1.330936e-01,1.289910e+02,7.494028e-02,7.350017e+01,9.466575e-01,-4.816700e+00
36.30781,9.704493e-01,-2.703203e+01,1.364205e-01,1.249709e+02,8.161691e-02,7.198166e+01,9.458309e-01,-5.266672e+00
39.81072,9.662871e-01,-2.951661e+01,1.402035e-01,1.207618e+02,8.877724e-02,7.033832e+01,9.448654e-01,-5.755877e+00
43.65158,9.614301e-01,-3.220455e+01,1.444707e-01,1.163770e+02,9.642506e-02,6.856411e+01,9.437435e-01,-6.287035e+00
47.86301,9.557928e-01,-3.510544e+01,1.492413e-01,1.118326e+02,1.045550e-01,6.665386e+01,9.424480e-01,-6.862913e+00
52.48075,9.492908e-01,-3.822737e+01,1.545229e-01,1.071466e+02,1.131501e-01,6.460364e+01,9.409626e-01,-7.486318e+00
57.54399,9.418454e-01,-4.157635e+01,1.603091e-01,1.023389e+02,1.221800e-01,6.241108e+01,9.392735e-01,-8.160098e+00
63.09573,9.333894e-01,-4.515569e+01,1.665762e-01,9.743049e+01,1.315989e-01,6.007583e+01,9.373708e-01,-8.887164e+00
69.18310,9.238747e-01,-4.896535e+01,1.732821e-01,9.244290e+01,1.413443e-01,5.759983e+01,9.352501e-01,-9.670542e+00
75.85776,9.132798e-01,-5.300127e+01,1.803649e-01,8.739802e+01,1.513363e-01,5.498772e+01,9.329147e-01,-1.051345e+01
83.17638,9.016180e-01,-5.725478e+01,1.877434e-01,8.231776e+01,1.614785e-01,5.224695e+01,9.303768e-01,-1.141944e+01
91.20108,8.889439e-01,-6.171220e+01,1.953195e-01,7.722382e+01,1.716600e-01,4.938788e+01,9.276591e-01,-1.239256e+01
100.00000,8.753577e-01,-6.635454e+01,2.029810e-01,7.213752e+01,1.817591e-01,4.642357e+01,9.247949e-01,-1.343753e+01
109.64782,8.610066e-01,-7.115756e+01,2.106071e-01,6.707961e+01,1.916482e-01,4.336945e+01,9.218281e-01,-1.455999e+01
120.22644,8.460808e-01,-7.609202e+01,2.180739e-01,6.206989e+01,2.011993e-01,4.024268e+01,9.188115e-01,-1.576672e+01
131.82567,8.308057e-01,-8.112439e+01,2.252608e-01,5.712685e+01,2.102910e-01,3.706142e+01,9.158040e-01,-1.706574e+01
144.54398,8.154296e-01,-8.621771e+01,2.320560e-01,5.226710e+01,2.188134e-01,3.384385e+01,9.128680e-01,-1.846650e+01
158.48932,8.002087e-01,-9.133279e+01,2.383618e-01,4.750491e+01,2.266731e-01,3.060736e+01,9.100654e-01,-1.997979e+01
173.78008,7.853908e-01,-9.642956e+01,2.440971e-01,4.285168e+01,2.337961e-01,2.736759e+01,9.074549e-01,-2.161775e+01
190.54607,7.712009e-01,-1.014685e+02,2.491992e-01,3.831557e+01,2.401284e-01,2.413780e+01,9.050888e-01,-2.339361e+01
208.92961,7.578292e-01,-1.064119e+02,2.536227e-01,3.390133e+01,2.456351e-01,2.092836e+01,9.030120e-01,-2.532146e+01
229.08677,7.454239e-01,-1.112253e+02,2.573375e-01,2.961026e+01,2.502979e-01,1.774652e+01,9.012610e-01,-2.741588e+01
251.18864,7.340876e-01,-1.158783e+02,2.603257e-01,2.544042e+01,2.541112e-01,1.459641e+01,8.998644e-01,-2.969160e+01
275.42287,7.238789e-01,-1.203456e+02,2.625778e-01,2.138698e+01,2.570779e-01,1.147927e+01,8.988441e-01,-3.216303e+01
301.99517,7.148169e-01,-1.246069e+02,2.640890e-01,1.744277e+01,2.592057e-01,8.393855e+00,8.982163e-01,-3.484382e+01
331.13112,7.068873e-01,-1.286475e+02,2.648561e-01,1.359888e+01,2.605032e-01,5.337003e+00,8.979933e-01,-3.774632e+01
363.07805,7.000505e-01,-1.324581e+02,2.648746e-01,9.845352e+00,2.609771e-01,2.304247e+00,8.981840e-01,-4.088101e+01
398.10717,6.942485e-01,-1.360340e+02,2.641373e-01,6.171934e+00,2.606308e-01,-7.094684e-01,8.987952e-01,-4.425586e+01
436.51583,6.894114e-01,-1.393752e+02,2.626342e-01,2.568808e+00,2.594635e-01,-3.709060e+00,8.998311e-01,-4.787562e+01
478.63009,6.854628e-01,-1.424853e+02,2.603523e-01,-9.726627e-01,2.574707e-01,-6.698577e+00,9.012929e-01,-5.174112e+01
524.80746,6.823236e-01,-1.453709e+02,2.572779e-01,-4.459233e+00,2.546462e-01,-9.680500e+00,9.031770e-01,-5.584845e+01
575.43994,6.799144e-01,-1.480412e+02,2.533989e-01,-7.895133e+00,2.509846e-01,-1.265509e+01,9.054739e-01,-6.018834e+01
630.95734,6.781573e-01,-1.505070e+02,2.487086e-01,-1.128153e+01,2.464848e-01,-1.561983e+01,9.081656e-01,-6.474559e+01
691.83097,6.769759e-01,-1.527806e+02,2.432096e-01,-1.461610e+01,2.411543e-01,-1.856902e+01,9.112240e-01,-6.949878e+01
758.57758,6.762960e-01,-1.548747e+02,2.369175e-01,-1.789285e+01,2.350129e-01,-2.149352e+01,9.146096e-01,-7.442025e+01
831.76377,6.760450e-01,-1.568022e+02,2.298653e-01,-2.110207e+01,2.280968e-01,-2.438074e+01,9.182711e-01,-7.947654e+01
912.01084,6.761527e-01,-1.585757e+02,2.221051e-01,-2.423059e+01,2.204611e-01,-2.721487e+01,9.221459e-01,-8.462926e+01
1000.00000,6.765512e-01,-1.602073e+02,2.137098e-01,-2.726229e+01,2.121809e-01,-2.997734e+01,9.261630e-01,-8.983634e+01
1096.47820,6.771759e-01,-1.617082e+02,2.047721e-01,-3.017877e+01,2.033504e-01,-3.264755e+01,9.302457e-01,-9.505363e+01
1202.26443,6.779668e-01,-1.630885e+02,1.954015e-01,-3.296027e+01,1.940805e-01,-3.520368e+01,9.343167e-01,-1.002368e+02
1318.25674,6.788696e-01,-1.643574e+02,1.857197e-01,-3.558660e+01,1.844938e-01,-3.762368e+01,9.383021e-01,-1.053429e+02
1445.43977,6.798373e-01,-1.655227e+02,1.758552e-01,-3.803812e+01,1.747194e-01,-3.988619e+01,9.421360e-01,-1.103324e+02
1584.89319,6.808302e-01,-1.665914e+02,1.659369e-01,-4.029652e+01,1.648866e-01,-4.197134e+01,9.457638e-01,-1.151703e+02
1737.80083,6.818174e-01,-1.675696e+02,1.560881e-01,-4.234557e+01,1.551189e-01,-4.386149e+01,9.491441e-01,-1.198272e+02
1905.46072,6.827759e-01,-1.684626e+02,1.464215e-01,-4.417160e+01,1.455292e-01,-4.554165e+01,9.522492e-01,-1.242796e+02
2089.29613,6.836906e-01,-1.692752e+02,1.370357e-01,-4.576378e+01,1.362162e-01,-4.699984e+01,9.550650e-01,-1.285105e+02
2290.86765,6.845532e-01,-1.700116e+02,1.280128e-01,-4.711426e+01,1.272620e-01,-4.822715e+01,9.575886e-01,-1.325084e+02
2511.88643,6.853614e-01,-1.706755e+02,1.194178e-01,-4.821825e+01,1.187316e-01,-4.921782e+01,9.598270e-01,-1.362675e+02
2754.22870,6.861176e-01,-1.712706e+02,1.112986e-01,-4.907389e+01,1.106733e-01,-4.996917e+01,9.617942e-01,-1.397864e+02
3019.95172,6.868283e-01,-1.718001e+02,1.036879e-01,-4.968227e+01,1.031195e-01,-5.048151e+01,9.635093e-01,-1.430679e+02
3311.31121,6.875027e-01,-1.722669e+02,9.660409e-02,-5.004736e+01,9.608902e-02,-5.075818e+01,9.649942e-01,-1.461176e+02
3630.78055,6.881527e-01,-1.726738e+02,9.005404e-02,-5.017606e+01,8.958866e-02,-5.080551e+01,9.662721e-01,-1.489437e+02
3981.07171,6.887920e-01,-1.730232e+02,8.403465e-02,-5.007824e+01,8.361552e-02,-5.063290e+01,9.673663e-01,-1.515561e+02
4365.15832,6.894360e-01,-1.733175e+02,7.853493e-02,-4.976690e+01,7.815873e-02,-5.025294e+01,9.682993e-01,-1.539657e+02
4786.30092,6.901019e-01,-1.735586e+02,7.353764e-02,-4.925825e+01,7.320119e-02,-4.968153e+01,9.690922e-01,-1.561842e+02
5248.07460,6.908086e-01,-1.737484e+02,6.902074e-02,-4.857180e+01,6.872100e-02,-4.893789e+01,9.697641e-01,-1.582236e+02
5754.39937,6.915769e-01,-1.738884e+02,6.495856e-02,-4.773033e+01,6.469263e-02,-4.804460e+01,9.703323e-01,-1.600958e+02
6309.57344,6.924302e-01,-1.739801e+02,6.132280e-02,-4.675976e+01,6.108786e-02,-4.702738e+01,9.708124e-01,-1.618127e+02
6918.30971,6.933945e-01,-1.740245e+02,5.808327e-02,-4.568879e+01,5.787663e-02,-4.591473e+01,9.712177e-01,-1.633857e+02
7585.77575,6.944992e-01,-1.740229e+02,5.520854e-02,-4.454830e+01,5.502764e-02,-4.473733e+01,9.715601e-01,-1.648256e+02
8317.63771,6.957777e-01,-1.739761e+02,5.266652e-02,-4.337069e+01,5.250890e-02,-4.352736e+01,9.718499e-01,-1.661427e+02
9120.10839,6.972677e-01,-1.738852e+02,5.042490e-02,-4.218892e+01,5.028821e-02,-4.231754e+01,9.720959e-01,-1.673469e+02
10000.00000,6.990123e-01,-1.737512e+02,4.845155e-02,-4.103564e+01,4.833356e-02,-4.114020e+01,9.723057e-01,-1.684473e+02
