! ! 
! S ! 
! ! 
! # MHz  S  MA  R  50.00000
! ! ===================================================================
1.00000,9.928194e-01,-7.606032e-01,1.134679e-01,1.783000e+02,2.345079e-03,8.949140e+01,9.525604e-01,-1.476171e-01
1.09648,9.928157e-01,-8.339819e-01,1.134721e-01,1.781360e+02,2.571311e-03,8.944229e+01,9.525595e-01,-1.618567e-01
1.20226,9.928113e-01,-9.144392e-01,1.134772e-01,1.779561e+02,2.819364e-03,8.938846e+01,9.525585e-01,-1.774700e-01
1.31826,9.928059e-01,-1.002658e+00,1.134833e-01,1.777590e+02,3.091341e-03,8.932943e+01,9.525572e-01,-1.945897e-01
1.44544,9.927995e-01,-1.099386e+00,1.134906e-01,1.775428e+02,3.389549e-03,8.926471e+01,9.525557e-01,-2.133609e-01
1.58489,9.927918e-01,-1.205444e+00,1.134994e-01,1.773058e+02,3.716515e-03,8.919375e+01,9.525539e-01,-2.339429e-01
1.73780,9.927826e-01,-1.321732e+00,1.135099e-01,1.770460e+02,4.075010e-03,8.911595e+01,9.525517e-01,-2.565103e-01
1.90546,9.927714e-01,-1.449235e+00,1.135226e-01,1.767612e+02,4.468070e-03,8.903065e+01,9.525490e-01,-2.812545e-01
2.08930,9.927581e-01,-1.589035e+00,1.135379e-01,1.764489e+02,4.899023e-03,8.893713e+01,9.525458e-01,-3.083853e-01
2.29087,9.927420e-01,-1.742316e+00,1.135562e-01,1.761067e+02,5.371517e-03,8.883459e+01,9.525420e-01,-3.381326e-01
2.51189,9.927226e-01,-1.910378e+00,1.135783e-01,1.757315e+02,5.889546e-03,8.872216e+01,9.525374e-01,-3.707487e-01
2.75423,9.926994e-01,-2.094642e+00,1.136048e-01,1.753203e+02,6.457488e-03,8.859890e+01,9.525319e-01,-4.065097e-01
3.01995,9.926715e-01,-2.296671e+00,1.136367e-01,1.748696e+02,7.080139e-03,8.846375e+01,9.525253e-01,-4.457187e-01
3.31131,9.926379e-01,-2.518171e+00,1.136749e-01,1.743758e+02,7.762748e-03,8.831559e+01,9.525173e-01,-4.887074e-01
3.63078,9.925975e-01,-2.761017e+00,1.137209e-01,1.738346e+02,8.511065e-03,8.815315e+01,9.525077e-01,-5.358396e-01
3.98107,9.925490e-01,-3.027259e+00,1.137762e-01,1.732417e+02,9.331381e-03,8.797506e+01,9.524962e-01,-5.875137e-01
4.36516,9.924907e-01,-3.319145e+00,1.138425e-01,1.725921e+02,1.023058e-02,8.777983e+01,9.524823e-01,-6.441662e-01
4.78630,9.924206e-01,-3.639135e+00,1.139222e-01,1.718807e+02,1.121619e-02,8.756581e+01,9.524657e-01,-7.062751e-01
5.24807,9.923364e-01,-3.989922e+00,1.140179e-01,1.711018e+02,1.229644e-02,8.733120e+01,9.524457e-01,-7.743640e-01
5.75440,9.922352e-01,-4.374454e+00,1.141327e-01,1.702490e+02,1.348032e-02,8.707403e+01,9.524217e-01,-8.490058e-01
6.30957,9.921136e-01,-4.795955e+00,1.142705e-01,1.693158e+02,1.477764e-02,8.679215e+01,9.523928e-01,-9.308277e-01
6.91831,9.919675e-01,-5.257950e+00,1.144359e-01,1.682949e+02,1.619909e-02,8.648321e+01,9.523581e-01,-1.020516e+00
7.58578,9.917921e-01,-5.764292e+00,1.146341e-01,1.671786e+02,1.775632e-02,8.614464e+01,9.523165e-01,-1.118820e+00
8.31764,9.915814e-01,-6.319189e+00,1.148716e-01,1.659587e+02,1.946201e-02,8.577364e+01,9.522665e-01,-1.226559e+00
9.12011,9.913285e-01,-6.927231e+00,1.151560e-01,1.646263e+02,2.132992e-02,8.536715e+01,9.522065e-01,-1.344630e+00
10.00000,9.910250e-01,-7.593421e+00,1.154963e-01,1.631724e+02,2.337496e-02,8.492184e+01,9.521345e-01,-1.474008e+00
10.96478,9.906608e-01,-8.323208e+00,1.159032e-01,1.615871e+02,2.561324e-02,8.443410e+01,9.520481e-01,-1.615758e+00
12.02264,9.902240e-01,-9.122514e+00,1.163890e-01,1.598605e+02,2.806214e-02,8.389999e+01,9.519445e-01,-1.771039e+00
13.18257,9.897004e-01,-9.997766e+00,1.169685e-01,1.579824e+02,3.074031e-02,8.331527e+01,9.518205e-01,-1.941111e+00
14.45440,9.890732e-01,-1.095592e+01,1.176585e-01,1.559425e+02,3.366768e-02,8.267533e+01,9.516719e-01,-2.127343e+00
15.84893,9.883222e-01,-1.200451e+01,1.184786e-01,1.537307e+02,3.686545e-02,8.197522e+01,9.514941e-01,-2.331216e+00
17.37801,9.874240e-01,-1.315161e+01,1.194512e-01,1.513373e+02,4.035598e-02,8.120962e+01,9.512817e-01,-2.554333e+00
19.05461,9.863507e-01,-1.440591e+01,1.206019e-01,1.487534e+02,4.416267e-02,8.037285e+01,9.510280e-01,-2.798421e+00
20.89296,9.850698e-01,-1.577668e+01,1.219593e-01,1.459712e+02,4.830972e-02,7.945888e+01,9.507256e-01,-3.065333e+00
22.90868,9.835432e-01,-1.727376e+01,1.235550e-01,1.429843e+02,5.282183e-02,7.846133e+01,9.503657e-01,-3.357056e+00
25.11886,9.817269e-01,-1.890752e+01,1.254234e-01,1.397885e+02,5.772371e-02,7.737355e+01,9.499381e-01,-3.675704e+00
27.54229,9.795705e-01,-2.068880e+01,1.276015e-01,1.363819e+02,6.303944e-02,7.618862e+01,9.494313e-01,-4.023520e+00
30.19952,9.770164e-01,-2.262880e+01,1.301273e-01,1.327653e+02,6.879169e-02,7.489950e+01,9.488323e-01,-4.402868e+00
33.11311,9.740000e-01,-2.473894e+01,1.330393e-01,1.289426e+02,7.500064e-02,7.349911e+01,9.481268e-01,-4.816220e+00
36.30781,9.704495e-01,-2.703065e+01,1.363749e-01,1.249210e+02,8.168265e-02,7.198050e+01,9.472988e-01,-5.266149e+00
39.81072,9.662871e-01,-2.951511e+01,1.401675e-01,1.207107e+02,8.884876e-02,7.033704e+01,9.463316e-01,-5.755308e+00
43.65158,9.614298e-01,-3.220292e+01,1.444452e-01,1.163251e+02,9.650275e-02,6.856270e+01,9.452078e-01,-6.286416e+00
47.86301,9.557922e-01,-3.510368e+01,1.492270e-01,1.117803e+02,1.046392e-01,6.665231e+01,9.439099e-01,-6.862242e+00
52.48075,9.492899e-01,-3.822546e+01,1.545208e-01,1.070944e+02,1.132413e-01,6.460192e+01,9.424219e-01,-7.485590e+00
57.54399,9.418440e-01,-4.157429e+01,1.603197e-01,1.022871e+02,1.222785e-01,6.240919e+01,9.407297e-01,-8.159311e+00
63.09573,9.333875e-01,-4.515347e+01,1.666002e-01,9.737948e+01,1.317051e-01,6.007373e+01,9.388235e-01,-8.886315e+00
69.18310,9.238721e-01,-4.896297e+01,1.733198e-01,9.239303e+01,1.414583e-01,5.759752e+01,9.366988e-01,-9.669627e+00
75.85776,9.132765e-01,-5.299872e+01,1.804166e-01,8.734958e+01,1.514584e-01,5.498516e+01,9.343589e-01,-1.051247e+01
83.17638,9.016139e-01,-5.725206e+01,1.878093e-01,8.227096e+01,1.616087e-01,5.224412e+01,9.318160e-01,-1.141839e+01
91.20108,8.889388e-01,-6.170932e+01,1.953994e-01,7.717881e+01,1.717985e-01,4.938474e+01,9.290926e-01,-1.239143e+01
100.00000,8.753516e-01,-6.635150e+01,2.030748e-01,7.209441e+01,1.819057e-01,4.642010e+01,9.262223e-01,-1.343632e+01
109.64782,8.609992e-01,-7.115436e+01,2.107142e-01,6.703843e+01,1.918026e-01,4.336560e+01,9.232487e-01,-1.455871e+01
120.22644,8.460721e-01,-7.608868e+01,2.181937e-01,6.203064e+01,2.013613e-01,4.023842e+01,9.202247e-01,-1.576536e+01
131.82567,8.307956e-01,-8.112091e+01,2.253925e-01,5.708946e+01,2.104601e-01,3.705670e+01,9.172092e-01,-1.706430e+01
144.54398,8.154182e-01,-8.621411e+01,2.321987e-01,5.223149e+01,2.189891e-01,3.383864e+01,9.142645e-01,-1.846497e+01
158.48932,8.001957e-01,-9.132908e+01,2.385144e-01,4.747096e+01,2.268547e-01,3.060160e+01,9.114526e-01,-1.997817e+01
173.78008,7.853764e-01,-9.642576e+01,2.442586e-01,4.281925e+01,2.339829e-01,2.736123e+01,9.088319e-01,-2.161604e+01
190.54607,7.711850e-01,-1.014646e+02,2.493683e-01,3.828450e+01,2.403195e-01,2.413080e+01,9.064547e-01,-2.339181e+01
208.92961,7.578121e-01,-1.064080e+02,2.537981e-01,3.387146e+01,2.458297e-01,2.092066e+01,9.043658e-01,-2.531955e+01
229.08677,7.454057e-01,-1.112213e+02,2.575179e-01,2.958142e+01,2.504950e-01,1.773807e+01,9.026014e-01,-2.741387e+01
251.18864,7.340684e-01,-1.158743e+02,2.605099e-01,2.541244e+01,2.543097e-01,1.458716e+01,9.011900e-01,-2.968949e+01
275.42287,7.238590e-01,-1.203416e+02,2.627645e-01,2.135970e+01,2.572770e-01,1.146917e+01,9.001530e-01,-3.216081e+01
301.99517,7.147964e-01,-1.246029e+02,2.642769e-01,1.741603e+01,2.594043e-01,8.382855e+00,8.995065e-01,-3.484150e+01
331.13112,7.068667e-01,-1.286436e+02,2.650438e-01,1.357252e+01,2.607002e-01,5.325059e+00,8.992622e-01,-3.774390e+01
363.07805,7.000300e-01,-1.324542e+02,2.650607e-01,9.819241e+00,2.611715e-01,2.291322e+00,8.994289e-01,-4.087849e+01
398.10717,6.942284e-01,-1.360302e+02,2.643208e-01,6.145944e+00,2.608214e-01,-7.234027e-01,9.000129e-01,-4.425326e+01
436.51583,6.893920e-01,-1.393714e+02,2.628136e-01,2.542832e+00,2.596491e-01,-3.724020e+00,9.010181e-01,-4.787295e+01
478.63009,6.854444e-01,-1.424815e+02,2.605264e-01,-9.987116e-01,2.576502e-01,-6.714565e+00,9.024452e-01,-5.173840e+01
524.80746,6.823065e-01,-1.453672e+02,2.574454e-01,-4.485416e+00,2.548186e-01,-9.697500e+00,9.042905e-01,-5.584571e+01
575.43994,6.798988e-01,-1.480375e+02,2.535587e-01,-7.921486e+00,2.511488e-01,-1.267306e+01,9.065442e-01,-6.018560e+01
630.95734,6.781434e-01,-1.505035e+02,2.488597e-01,-1.130806e+01,2.466398e-01,-1.563872e+01,9.091885e-01,-6.474290e+01
691.83097,6.769639e-01,-1.527772e+02,2.433510e-01,-1.464278e+01,2.412992e-01,-1.858873e+01,9.121953e-01,-6.949617e+01
758.57758,6.762859e-01,-1.548714e+02,2.370486e-01,-1.791963e+01,2.351471e-01,-2.151395e+01,9.155255e-01,-7.441775e+01
831.76377,6.760368e-01,-1.567991e+02,2.299854e-01,-2.112887e+01,2.282198e-01,-2.440175e+01,9.191282e-01,-7.947419e+01
912.01084,6.761463e-01,-1.585728e+02,2.222140e-01,-2.425730e+01,2.205727e-01,-2.723631e+01,9.229418e-01,-8.462709e+01
1000.00000,6.765465e-01,-1.602046e+02,2.138075e-01,-2.728878e+01,2.122810e-01,-2.999904e+01,9.268959e-01,-8.983437e+01
1096.47820,6.771727e-01,-1.617057e+02,2.048587e-01,-3.020490e+01,2.034393e-01,-3.266933e+01,9.309151e-01,-9.505188e+01
1202.26443,6.779649e-01,-1.630862e+02,1.954775e-01,-3.298590e+01,1.941586e-01,-3.522536e+01,9.349228e-01,-1.002352e+02
1318.25674,6.788689e-01,-1.643552e+02,1.857858e-01,-3.561160e+01,1.845618e-01,-3.764509e+01,9.388464e-01,-1.053416e+02
1445.43977,6.798374e-01,-1.655207e+02,1.759121e-01,-3.806235e+01,1.747782e-01,-3.990716e+01,9.426209e-01,-1.103313e+02
1584.89319,6.808309e-01,-1.665896e+02,1.659856e-01,-4.031987e+01,1.649370e-01,-4.199174e+01,9.461925e-01,-1.151694e+02
1737.80083,6.818185e-01,-1.675680e+02,1.561294e-01,-4.236796e+01,1.551618e-01,-4.388119e+01,9.495203e-01,-1.198264e+02
1905.46072,6.827773e-01,-1.684612e+02,1.464564e-01,-4.419294e+01,1.455656e-01,-4.556058e+01,9.525772e-01,-1.242791e+02
2089.29613,6.836921e-01,-1.692739e+02,1.370651e-01,-4.578403e+01,1.362469e-01,-4.701791e+01,9.553492e-01,-1.285101e+02
2290.86765,6.845547e-01,-1.700104e+02,1.280375e-01,-4.713341e+01,1.272879e-01,-4.824433e+01,9.578335e-01,-1.325081e+02
2511.88643,6.853629e-01,-1.706745e+02,1.194385e-01,-4.823628e+01,1.187535e-01,-4.923409e+01,9.600369e-01,-1.362673e+02
2754.22870,6.861191e-01,-1.712697e+02,1.113160e-01,-4.909082e+01,1.106917e-01,-4.998452e+01,9.619734e-01,-1.397863e+02
3019.95172,6.868296e-01,-1.717993e+02,1.037025e-01,-4.969812e+01,1.031351e-01,-5.049596e+01,9.636616e-01,-1.430678e+02
3311.31121,6.875039e-01,-1.722661e+02,9.661641e-02,-5.006218e+01,9.610221e-02,-5.077175e+01,9.651232e-01,-1.461176e+02
3630.78055,6.881538e-01,-1.726731e+02,9.006447e-02,-5.018989e+01,8.959988e-02,-5.081824e+01,9.663811e-01,-1.489437e+02
3981.07171,6.887930e-01,-1.730226e+02,8.404352e-02,-5.009115e+01,8.362510e-02,-5.064483e+01,9.674582e-01,-1.515561e+02
4365.15832,6.894369e-01,-1.733169e+02,7.854251e-02,-4.977893e+01,7.816695e-02,-5.026412e+01,9.683766e-01,-1.539657e+02
4786.30092,6.901027e-01,-1.735581e+02,7.354415e-02,-4.926946e+01,7.320828e-02,-4.969199e+01,9.691570e-01,-1.561842e+02
5248.07460,6.908093e-01,-1.737479e+02,6.902636e-02,-4.858224e+01,6.872714e-02,-4.894769e+01,9.698184e-01,-1.582236e+02
5754.39937,6.915776e-01,-1.738880e+02,6.496345e-02,-4.774006e+01,6.469797e-02,-4.805378e+01,9.703778e-01,-1.600959e+02
6309.57344,6.924308e-01,-1.739796e+02,6.132707e-02,-4.676883e+01,6.109253e-02,-4.703599e+01,9.708504e-01,-1.618128e+02
6918.30971,6.933952e-01,-1.740241e+02,5.808701e-02,-4.569724e+01,5.788074e-02,-4.592279e+01,9.712494e-01,-1.633858e+02
7585.77575,6.944999e-01,-1.740224e+02,5.521185e-02,-4.455619e+01,5.503126e-02,-4.474489e+01,9.715866e-01,-1.648256e+02
8317.63771,6.957785e-01,-1.739757e+02,5.266946e-02,-4.337805e+01,5.251211e-02,-4.353446e+01,9.718719e-01,-1.661428e+02
9120.10839,6.972686e-01,-1.738848e+02,5.042752e-02,-4.219580e+01,5.029106e-02,-4.232420e+01,9.721142e-01,-1.673470e+02
10000.00000,6.990132e-01,-1.737508e+02,4.845390e-02,-4.104207e+01,4.833611e-02,-4.114645e+01,9.723210e-01,-1.684474e+02
