! ! 
! S ! 
! ! 
! # MHz  S  MA  R  50.00000
! ! ===================================================================
1.00000,9.090896e-01,-2.496942e+00,7.258403e+00,1.784880e+02,2.764827e-03,8.850764e+01,9.385560e-01,-9.278192e-01
1.09648,9.090630e-01,-2.737624e+00,7.257940e+00,1.783407e+02,3.031382e-03,8.836611e+01,9.385102e-01,-1.017254e+00
1.20226,9.090309e-01,-3.001508e+00,7.257382e+00,1.781795e+02,3.323591e-03,8.821073e+01,9.384551e-01,-1.115300e+00
1.31826,9.089924e-01,-3.290821e+00,7.256712e+00,1.780028e+02,3.643911e-03,8.804019e+01,9.383889e-01,-1.222782e+00
1.44544,9.089461e-01,-3.608004e+00,7.255906e+00,1.778092e+02,3.995028e-03,8.785307e+01,9.383094e-01,-1.340602e+00
1.58489,9.088905e-01,-3.955728e+00,7.254938e+00,1.775971e+02,4.379878e-03,8.764779e+01,9.382138e-01,-1.469746e+00
1.73780,9.088236e-01,-4.336917e+00,7.253774e+00,1.773647e+02,4.801673e-03,8.742262e+01,9.380989e-01,-1.611294e+00
1.90546,9.087433e-01,-4.754772e+00,7.252376e+00,1.771100e+02,5.263916e-03,8.717568e+01,9.379609e-01,-1.766424e+00
2.08930,9.086468e-01,-5.212789e+00,7.250697e+00,1.768309e+02,5.770433e-03,8.690490e+01,9.377951e-01,-1.936422e+00
2.29087,9.085309e-01,-5.714796e+00,7.248679e+00,1.765251e+02,6.325394e-03,8.660804e+01,9.375959e-01,-2.122691e+00
2.51189,9.083916e-01,-6.264969e+00,7.246255e+00,1.761900e+02,6.933338e-03,8.628263e+01,9.373566e-01,-2.326759e+00
2.75423,9.082245e-01,-6.867869e+00,7.243344e+00,1.758230e+02,7.599199e-03,8.592600e+01,9.370693e-01,-2.550289e+00
3.01995,9.080238e-01,-7.528470e+00,7.239849e+00,1.754209e+02,8.328335e-03,8.553520e+01,9.367243e-01,-2.795086e+00
3.31131,9.077830e-01,-8.252190e+00,7.235653e+00,1.749804e+02,9.126545e-03,8.510707e+01,9.363104e-01,-3.063108e+00
3.63078,9.074942e-01,-9.044923e+00,7.230619e+00,1.744982e+02,1.000009e-02,8.463815e+01,9.358137e-01,-3.356472e+00
3.98107,9.071479e-01,-9.913070e+00,7.224580e+00,1.739702e+02,1.095572e-02,8.412469e+01,9.352180e-01,-3.677459e+00
4.36516,9.067329e-01,-1.086357e+01,7.217340e+00,1.733923e+02,1.200067e-02,8.356264e+01,9.345039e-01,-4.028523e+00
4.78630,9.062359e-01,-1.190393e+01,7.208664e+00,1.727599e+02,1.314265e-02,8.294762e+01,9.336485e-01,-4.412286e+00
5.24807,9.056411e-01,-1.304223e+01,7.198274e+00,1.720684e+02,1.438985e-02,8.227496e+01,9.326245e-01,-4.831538e+00
5.75440,9.049301e-01,-1.428718e+01,7.185843e+00,1.713124e+02,1.575089e-02,8.153962e+01,9.313997e-01,-5.289227e+00
6.30957,9.040810e-01,-1.564807e+01,7.170981e+00,1.704865e+02,1.723477e-02,8.073626e+01,9.299362e-01,-5.788441e+00
6.91831,9.030683e-01,-1.713480e+01,7.153235e+00,1.695847e+02,1.885077e-02,7.985925e+01,9.281896e-01,-6.332380e+00
7.58578,9.018625e-01,-1.875784e+01,7.132073e+00,1.686011e+02,2.060828e-02,7.890265e+01,9.261082e-01,-6.924315e+00
8.31764,9.004294e-01,-2.052816e+01,7.106877e+00,1.675292e+02,2.251666e-02,7.786032e+01,9.236320e-01,-7.567525e+00
9.12011,8.987301e-01,-2.245716e+01,7.076935e+00,1.663625e+02,2.458496e-02,7.672598e+01,9.206923e-01,-8.265222e+00
10.00000,8.967202e-01,-2.455654e+01,7.041432e+00,1.650943e+02,2.682157e-02,7.549329e+01,9.172108e-01,-9.020439e+00
10.96478,8.943507e-01,-2.683809e+01,6.999447e+00,1.637181e+02,2.923383e-02,7.415600e+01,9.130993e-01,-9.835893e+00
12.02264,8.915674e-01,-2.931344e+01,6.949948e+00,1.622277e+02,3.182746e-02,7.270815e+01,9.082603e-01,-1.071382e+01
13.18257,8.883121e-01,-3.199377e+01,6.891804e+00,1.606171e+02,3.460601e-02,7.114425e+01,9.025874e-01,-1.165574e+01
14.45440,8.845241e-01,-3.488939e+01,6.823792e+00,1.588814e+02,3.757009e-02,6.945961e+01,8.959679e-01,-1.266226e+01
15.84893,8.801420e-01,-3.800922e+01,6.744625e+00,1.570163e+02,4.071661e-02,6.765062e+01,8.882850e-01,-1.373275e+01
17.37801,8.751069e-01,-4.136024e+01,6.652993e+00,1.550194e+02,4.403800e-02,6.571513e+01,8.794232e-01,-1.486506e+01
19.05461,8.693662e-01,-4.494685e+01,6.547612e+00,1.528898e+02,4.752145e-02,6.365286e+01,8.692738e-01,-1.605523e+01
20.89296,8.628789e-01,-4.877011e+01,6.427300e+00,1.506289e+02,5.114824e-02,6.146572e+01,8.577436e-01,-1.729720e+01
22.90868,8.556205e-01,-5.282708e+01,6.291060e+00,1.482405e+02,5.489343e-02,5.915826e+01,8.447637e-01,-1.858263e+01
25.11886,8.475892e-01,-5.711012e+01,6.138176e+00,1.457314e+02,5.872584e-02,5.673788e+01,8.302999e-01,-1.990080e+01
27.54229,8.388112e-01,-6.160635e+01,5.968312e+00,1.431113e+02,6.260851e-02,5.421501e+01,8.143632e-01,-2.123874e+01
30.19952,8.293445e-01,-6.629727e+01,5.781600e+00,1.403928e+02,6.649979e-02,5.160310e+01,7.970182e-01,-2.258147e+01
33.11311,8.192811e-01,-7.115867e+01,5.578707e+00,1.375912e+02,7.035487e-02,4.891837e+01,7.783895e-01,-2.391267e+01
36.30781,8.087455e-01,-7.616088e+01,5.360870e+00,1.347240e+02,7.412794e-02,4.617935e+01,7.586632e-01,-2.521545e+01
39.81072,7.978902e-01,-8.126939e+01,5.129878e+00,1.318105e+02,7.777445e-02,4.340623e+01,7.380834e-01,-2.647350e+01
43.65158,7.868874e-01,-8.644583e+01,4.888016e+00,1.288703e+02,8.125355e-02,4.062001e+01,7.169427e-01,-2.767226e+01
47.86301,7.759193e-01,-9.164921e+01,4.637952e+00,1.259230e+02,8.453017e-02,3.784157e+01,6.955682e-01,-2.880030e+01
52.48075,7.651656e-01,-9.683751e+01,4.382600e+00,1.229871e+02,8.757665e-02,3.509075e+01,6.743036e-01,-2.985051e+01
57.54399,7.547925e-01,-1.019692e+02,4.124963e+00,1.200790e+02,9.037358e-02,3.238552e+01,6.534895e-01,-3.082111e+01
63.09573,7.449429e-01,-1.070050e+02,3.867972e+00,1.172123e+02,9.291006e-02,2.974130e+01,6.334457e-01,-3.171633e+01
69.18310,7.357297e-01,-1.119088e+02,3.614357e+00,1.143977e+02,9.518309e-02,2.717051e+01,6.144552e-01,-3.254661e+01
75.85776,7.272329e-01,-1.166493e+02,3.366533e+00,1.116423e+02,9.719656e-02,2.468234e+01,5.967539e-01,-3.332841e+01
83.17638,7.194990e-01,-1.212005e+02,3.126540e+00,1.089498e+02,9.895984e-02,2.228272e+01,5.805248e-01,-3.408352e+01
91.20108,7.125443e-01,-1.255418e+02,2.896005e+00,1.063205e+02,1.004862e-01,1.997448e+01,5.658974e-01,-3.483809e+01
100.00000,7.063591e-01,-1.296585e+02,2.676145e+00,1.037518e+02,1.017915e-01,1.775762e+01,5.529520e-01,-3.562131e+01
109.64782,7.009136e-01,-1.335412e+02,2.467791e+00,1.012383e+02,1.028925e-01,1.562970e+01,5.417266e-01,-3.646417e+01
120.22644,6.961633e-01,-1.371854e+02,2.271428e+00,9.877233e+01,1.038059e-01,1.358617e+01,5.322261e-01,-3.739803e+01
131.82567,6.920547e-01,-1.405908e+02,2.087247e+00,9.634421e+01,1.045476e-01,1.162085e+01,5.244327e-01,-3.845351e+01
144.54398,6.885296e-01,-1.437607e+02,1.915196e+00,9.394265e+01,1.051318e-01,9.726217e+00,5.183155e-01,-3.965946e+01
158.48932,6.855287e-01,-1.467012e+02,1.755032e+00,9.155512e+01,1.055704e-01,7.893818e+00,5.138397e-01,-4.104219e+01
173.78008,6.829946e-01,-1.494204e+02,1.606366e+00,8.916805e+01,1.058731e-01,6.114536e+00,5.109739e-01,-4.262484e+01
190.54607,6.808734e-01,-1.519283e+02,1.468709e+00,8.676716e+01,1.060469e-01,4.378873e+00,5.096959e-01,-4.442703e+01
208.92961,6.791160e-01,-1.542355e+02,1.341501e+00,8.433765e+01,1.060958e-01,2.677194e+00,5.099970e-01,-4.646447e+01
229.08677,6.776785e-01,-1.563536e+02,1.224140e+00,8.186441e+01,1.060213e-01,9.999537e-01,5.118833e-01,-4.874875e+01
251.18864,6.765230e-01,-1.582942e+02,1.116007e+00,7.933227e+01,1.058220e-01,-6.620874e-01,5.153758e-01,-5.128716e+01
275.42287,6.756166e-01,-1.600692e+02,1.016482e+00,7.672622e+01,1.054938e-01,-2.317636e+00,5.205085e-01,-5.408248e+01
301.99517,6.749321e-01,-1.616899e+02,9.249562e-01,7.403163e+01,1.050301e-01,-3.974628e+00,5.273242e-01,-5.713288e+01
331.13112,6.744465e-01,-1.631677e+02,8.408439e-01,7.123463e+01,1.044219e-01,-5.639960e+00,5.358684e-01,-6.043186e+01
363.07805,6.741412e-01,-1.645134e+02,7.635881e-01,6.832239e+01,1.036580e-01,-7.319199e+00,5.461816e-01,-6.396828e+01
398.10717,6.740009e-01,-1.657374e+02,6.926660e-01,6.528360e+01,1.027260e-01,-9.016242e+00,5.582899e-01,-6.772654e+01
436.51583,6.740131e-01,-1.668496e+02,6.275920e-01,6.210892e+01,1.016122e-01,-1.073296e+01,5.721949e-01,-7.168689e+01
478.63009,6.741671e-01,-1.678594e+02,5.679196e-01,5.879154e+01,1.003031e-01,-1.246884e+01,5.878633e-01,-7.582592e+01
524.80746,6.744533e-01,-1.687757e+02,5.132415e-01,5.532776e+01,9.878618e-02,-1.422055e+01,6.052169e-01,-8.011706e+01
575.43994,6.748623e-01,-1.696069e+02,4.631892e-01,5.171763e+01,9.705103e-02,-1.598170e+01,6.241257e-01,-8.453129e+01
630.95734,6.753840e-01,-1.703609e+02,4.174311e-01,4.796546e+01,9.509106e-02,-1.774253e+01,6.444031e-01,-8.903777e+01
691.83097,6.760075e-01,-1.710452e+02,3.756692e-01,4.408042e+01,9.290476e-02,-1.948983e+01,6.658061e-01,-9.360451e+01
758.57758,6.767197e-01,-1.716663e+02,3.376353e-01,4.007683e+01,9.049712e-02,-2.120702e+01,6.880409e-01,-9.819904e+01
831.76377,6.775060e-01,-1.722306e+02,3.030865e-01,3.597437e+01,8.788057e-02,-2.287449e+01,7.107740e-01,-1.027890e+02
912.01084,6.783501e-01,-1.727435e+02,2.717988e-01,3.179801e+01,8.507556e-02,-2.447018e+01,7.336473e-01,-1.073426e+02
1000.00000,6.792345e-01,-1.732098e+02,2.435626e-01,2.757766e+01,8.211045e-02,-2.597041e+01,7.562975e-01,-1.118296e+02
1096.47820,6.801413e-01,-1.736335e+02,2.181769e-01,2.334753e+01,7.902062e-02,-2.735100e+01,7.783766e-01,-1.162215e+02
1202.26443,6.810532e-01,-1.740180e+02,1.954455e-01,1.914525e+01,7.584698e-02,-2.858843e+01,7.995703e-01,-1.204925e+02
1318.25674,6.819546e-01,-1.743660e+02,1.751742e-01,1.501071e+01,7.263391e-02,-2.966120e+01,8.196146e-01,-1.246198e+02
1445.43977,6.828323e-01,-1.746795e+02,1.571696e-01,1.098476e+01,6.942686e-02,-3.055102e+01,8.383055e-01,-1.285840e+02
1584.89319,6.836763e-01,-1.749602e+02,1.412395e-01,7.107758e+00,6.627001e-02,-3.124395e+01,8.555039e-01,-1.323698e+02
1737.80083,6.844801e-01,-1.752091e+02,1.271946e-01,3.418098e+00,6.320410e-02,-3.173127e+01,8.711346e-01,-1.359657e+02
1905.46072,6.852411e-01,-1.754271e+02,1.148506e-01,-4.922728e-02,6.026469e-02,-3.201016e+01,8.851802e-01,-1.393642e+02
2089.29613,6.859599e-01,-1.756148e+02,1.040308e-01,-3.263990e+00,5.748100e-02,-3.208392e+01,8.976723e-01,-1.425613e+02
2290.86765,6.866405e-01,-1.757726e+02,9.456904e-02,-6.201896e+00,5.487529e-02,-3.196200e+01,9.086806e-01,-1.455565e+02
2511.88643,6.872897e-01,-1.759006e+02,8.631083e-02,-8.845529e+00,5.246272e-02,-3.165968e+01,9.183022e-01,-1.483520e+02
2754.22870,6.879168e-01,-1.759990e+02,7.911501e-02,-1.118500e+01,5.025169e-02,-3.119736e+01,9.266515e-01,-1.509526e+02
3019.95172,6.885331e-01,-1.760680e+02,7.285407e-02,-1.321830e+01,4.824446e-02,-3.059966e+01,9.338513e-01,-1.533647e+02
3311.31121,6.891520e-01,-1.761074e+02,6.741391e-02,-1.495126e+01,4.643797e-02,-2.989437e+01,9.400261e-01,-1.555964e+02
3630.78055,6.897886e-01,-1.761173e+02,6.269318e-02,-1.639727e+01,4.482482e-02,-2.911112e+01,9.452973e-01,-1.576565e+02
3981.07171,6.904601e-01,-1.760973e+02,5.860221e-02,-1.757654e+01,4.339418e-02,-2.828023e+01,9.497792e-01,-1.595547e+02
4365.15832,6.911857e-01,-1.760473e+02,5.506175e-02,-1.851523e+01,4.213274e-02,-2.743151e+01,9.535773e-01,-1.613007e+02
4786.30092,6.919867e-01,-1.759670e+02,5.200178e-02,-1.924417e+01,4.102559e-02,-2.659325e+01,9.567869e-01,-1.629046e+02
5248.07460,6.928875e-01,-1.758561e+02,4.936025e-02,-1.979759e+01,4.005690e-02,-2.579155e+01,9.594931e-01,-1.643761e+02
5754.39937,6.939152e-01,-1.757141e+02,4.708204e-02,-2.021162e+01,3.921055e-02,-2.504973e+01,9.617707e-01,-1.657247e+02
6309.57344,6.951011e-01,-1.755409e+02,4.511802e-02,-2.052295e+01,3.847057e-02,-2.438816e+01,9.636850e-01,-1.669597e+02
6918.30971,6.964803e-01,-1.753360e+02,4.342427e-02,-2.076759e+01,3.782148e-02,-2.382425e+01,9.652924e-01,-1.680898e+02
7585.77575,6.980933e-01,-1.750994e+02,4.196141e-02,-2.097974e+01,3.724848e-02,-2.337253e+01,9.666417e-01,-1.691231e+02
8317.63771,6.999855e-01,-1.748312e+02,4.069409e-02,-2.119110e+01,3.673756e-02,-2.304501e+01,9.677744e-01,-1.700675e+02
9120.10839,7.022086e-01,-1.745319e+02,3.959049e-02,-2.143026e+01,3.627551e-02,-2.285144e+01,9.687260e-01,-1.709302e+02
10000.00000,7.048202e-01,-1.742023e+02,3.862191e-02,-2.172248e+01,3.584989e-02,-2.279967e+01,9.695267e-01,-1.717180e+02
