! ! 
! S ! 
! ! 
! # MHz  S  MA  R  50.00000
! ! ===================================================================
1.00000,9.928195e-01,-7.605782e-01,1.133071e-01,1.783004e+02,2.341303e-03,8.949153e+01,9.496133e-01,-1.476158e-01
1.09648,9.928158e-01,-8.339545e-01,1.133113e-01,1.781364e+02,2.567171e-03,8.944244e+01,9.496124e-01,-1.618550e-01
1.20226,9.928114e-01,-9.144091e-01,1.133164e-01,1.779566e+02,2.814825e-03,8.938861e+01,9.496114e-01,-1.774680e-01
1.31826,9.928061e-01,-1.002625e+00,1.133225e-01,1.777594e+02,3.086364e-03,8.932960e+01,9.496101e-01,-1.945873e-01
1.44544,9.927997e-01,-1.099350e+00,1.133297e-01,1.775433e+02,3.384092e-03,8.926490e+01,9.496086e-01,-2.133581e-01
1.58489,9.927920e-01,-1.205404e+00,1.133385e-01,1.773064e+02,3.710532e-03,8.919396e+01,9.496068e-01,-2.339397e-01
1.73780,9.927827e-01,-1.321688e+00,1.133491e-01,1.770466e+02,4.068449e-03,8.911617e+01,9.496046e-01,-2.565067e-01
1.90546,9.927716e-01,-1.449187e+00,1.133617e-01,1.767619e+02,4.460877e-03,8.903089e+01,9.496019e-01,-2.812503e-01
2.08930,9.927582e-01,-1.588983e+00,1.133770e-01,1.764497e+02,4.891136e-03,8.893739e+01,9.495988e-01,-3.083806e-01
2.29087,9.927421e-01,-1.742259e+00,1.133953e-01,1.761075e+02,5.362869e-03,8.883487e+01,9.495950e-01,-3.381274e-01
2.51189,9.927228e-01,-1.910315e+00,1.134173e-01,1.757324e+02,5.880064e-03,8.872247e+01,9.495904e-01,-3.707428e-01
2.75423,9.926996e-01,-2.094574e+00,1.134438e-01,1.753213e+02,6.447092e-03,8.859924e+01,9.495849e-01,-4.065032e-01
3.01995,9.926716e-01,-2.296595e+00,1.134756e-01,1.748707e+02,7.068740e-03,8.846413e+01,9.495783e-01,-4.457115e-01
3.31131,9.926381e-01,-2.518088e+00,1.135138e-01,1.743769e+02,7.750251e-03,8.831600e+01,9.495703e-01,-4.886994e-01
3.63078,9.925977e-01,-2.760926e+00,1.135597e-01,1.738359e+02,8.497363e-03,8.815360e+01,9.495608e-01,-5.358308e-01
3.98107,9.925492e-01,-3.027160e+00,1.136148e-01,1.732431e+02,9.316359e-03,8.797556e+01,9.495493e-01,-5.875040e-01
4.36516,9.924909e-01,-3.319036e+00,1.136810e-01,1.725937e+02,1.021411e-02,8.778037e+01,9.495355e-01,-6.441555e-01
4.78630,9.924208e-01,-3.639016e+00,1.137606e-01,1.718824e+02,1.119814e-02,8.756640e+01,9.495190e-01,-7.062633e-01
5.24807,9.923366e-01,-3.989791e+00,1.138561e-01,1.711036e+02,1.227665e-02,8.733185e+01,9.494990e-01,-7.743511e-01
5.75440,9.922355e-01,-4.374310e+00,1.139707e-01,1.702510e+02,1.345862e-02,8.707474e+01,9.494751e-01,-8.489916e-01
6.30957,9.921139e-01,-4.795797e+00,1.141083e-01,1.693180e+02,1.475385e-02,8.679293e+01,9.494464e-01,-9.308122e-01
6.91831,9.919679e-01,-5.257778e+00,1.142733e-01,1.682973e+02,1.617301e-02,8.648406e+01,9.494118e-01,-1.020499e+00
7.58578,9.917926e-01,-5.764104e+00,1.144711e-01,1.671812e+02,1.772774e-02,8.614558e+01,9.493704e-01,-1.118801e+00
8.31764,9.915820e-01,-6.318983e+00,1.147082e-01,1.659615e+02,1.943069e-02,8.577466e+01,9.493206e-01,-1.226539e+00
9.12011,9.913291e-01,-6.927005e+00,1.149921e-01,1.646295e+02,2.129559e-02,8.536827e+01,9.492608e-01,-1.344608e+00
10.00000,9.910257e-01,-7.593174e+00,1.153318e-01,1.631758e+02,2.333734e-02,8.492307e+01,9.491891e-01,-1.473984e+00
10.96478,9.906616e-01,-8.322937e+00,1.157380e-01,1.615908e+02,2.557202e-02,8.443545e+01,9.491031e-01,-1.615732e+00
12.02264,9.902250e-01,-9.122218e+00,1.162229e-01,1.598646e+02,2.801699e-02,8.390147e+01,9.490000e-01,-1.771010e+00
13.18257,9.897016e-01,-9.997442e+00,1.168013e-01,1.579868e+02,3.069085e-02,8.331689e+01,9.488765e-01,-1.941080e+00
14.45440,9.890746e-01,-1.095557e+01,1.174901e-01,1.559473e+02,3.361353e-02,8.267710e+01,9.487286e-01,-2.127310e+00
15.84893,9.883239e-01,-1.200412e+01,1.183087e-01,1.537359e+02,3.680616e-02,8.197716e+01,9.485516e-01,-2.331181e+00
17.37801,9.874260e-01,-1.315118e+01,1.192796e-01,1.513430e+02,4.029110e-02,8.121174e+01,9.483400e-01,-2.554296e+00
19.05461,9.863531e-01,-1.440545e+01,1.204282e-01,1.487595e+02,4.409168e-02,8.037518e+01,9.480875e-01,-2.798380e+00
20.89296,9.850725e-01,-1.577618e+01,1.217832e-01,1.459778e+02,4.823209e-02,7.946143e+01,9.477864e-01,-3.065291e+00
22.90868,9.835464e-01,-1.727321e+01,1.233760e-01,1.429914e+02,5.273699e-02,7.846412e+01,9.474280e-01,-3.357012e+00
25.11886,9.817308e-01,-1.890693e+01,1.252411e-01,1.397961e+02,5.763103e-02,7.737659e+01,9.470022e-01,-3.675659e+00
27.54229,9.795751e-01,-2.068816e+01,1.274153e-01,1.363900e+02,6.293828e-02,7.619195e+01,9.464977e-01,-4.023475e+00
30.19952,9.770218e-01,-2.262811e+01,1.299366e-01,1.327739e+02,6.868137e-02,7.490314e+01,9.459013e-01,-4.402822e+00
33.11311,9.740064e-01,-2.473820e+01,1.328436e-01,1.289517e+02,7.488045e-02,7.350309e+01,9.451988e-01,-4.816177e+00
36.30781,9.704571e-01,-2.702985e+01,1.361733e-01,1.249306e+02,8.155188e-02,7.198484e+01,9.443745e-01,-5.266109e+00
39.81072,9.662960e-01,-2.951426e+01,1.399595e-01,1.207209e+02,8.870666e-02,7.034178e+01,9.434115e-01,-5.755276e+00
43.65158,9.614402e-01,-3.220202e+01,1.442298e-01,1.163358e+02,9.634861e-02,6.856786e+01,9.422926e-01,-6.286394e+00
47.86301,9.558043e-01,-3.510272e+01,1.490035e-01,1.117914e+02,1.044723e-01,6.665793e+01,9.410005e-01,-6.862234e+00
52.48075,9.493040e-01,-3.822446e+01,1.542884e-01,1.071060e+02,1.130609e-01,6.460803e+01,9.395191e-01,-7.485603e+00
57.54399,9.418603e-01,-4.157324e+01,1.600777e-01,1.022992e+02,1.220841e-01,6.241582e+01,9.378346e-01,-8.159350e+00
63.09573,9.334062e-01,-4.515240e+01,1.663479e-01,9.739199e+01,1.314962e-01,6.008093e+01,9.359370e-01,-8.886390e+00
69.18310,9.238935e-01,-4.896188e+01,1.730567e-01,9.240599e+01,1.412345e-01,5.760531e+01,9.338222e-01,-9.669746e+00
75.85776,9.133008e-01,-5.299762e+01,1.801421e-01,8.736299e+01,1.512195e-01,5.499359e+01,9.314932e-01,-1.051265e+01
83.17638,9.016412e-01,-5.725098e+01,1.875232e-01,8.228483e+01,1.613546e-01,5.225322e+01,9.289625e-01,-1.141864e+01
91.20108,8.889693e-01,-6.170827e+01,1.951017e-01,7.719317e+01,1.715293e-01,4.939456e+01,9.262526e-01,-1.239176e+01
100.00000,8.753852e-01,-6.635051e+01,2.027654e-01,7.210928e+01,1.816218e-01,4.643066e+01,9.233969e-01,-1.343675e+01
109.64782,8.610360e-01,-7.115345e+01,2.103935e-01,6.705384e+01,1.915045e-01,4.337696e+01,9.204392e-01,-1.455925e+01
120.22644,8.461120e-01,-7.608788e+01,2.178623e-01,6.204664e+01,2.010499e-01,4.025063e+01,9.174321e-01,-1.576603e+01
131.82567,8.308384e-01,-8.112026e+01,2.250510e-01,5.710610e+01,2.101363e-01,3.706980e+01,9.144348e-01,-1.706512e+01
144.54398,8.154636e-01,-8.621362e+01,2.318481e-01,5.224884e+01,2.186540e-01,3.385268e+01,9.115095e-01,-1.846595e+01
158.48932,8.002435e-01,-9.132879e+01,2.381559e-01,4.748908e+01,2.265098e-01,3.061665e+01,9.087183e-01,-1.997934e+01
173.78008,7.854261e-01,-9.642569e+01,2.438933e-01,4.283821e+01,2.336295e-01,2.737737e+01,9.061196e-01,-2.161741e+01
190.54607,7.712363e-01,-1.014648e+02,2.489976e-01,3.830440e+01,2.399592e-01,2.414809e+01,9.037661e-01,-2.339338e+01
208.92961,7.578646e-01,-1.064084e+02,2.534235e-01,3.389239e+01,2.454642e-01,2.093919e+01,9.017026e-01,-2.532134e+01
229.08677,7.454588e-01,-1.112220e+02,2.571410e-01,2.960348e+01,2.501260e-01,1.775792e+01,8.999660e-01,-2.741589e+01
251.18864,7.341217e-01,-1.158753e+02,2.601323e-01,2.543574e+01,2.539391e-01,1.460842e+01,8.985851e-01,-2.969173e+01
275.42287,7.239120e-01,-1.203429e+02,2.623879e-01,2.138433e+01,2.569066e-01,1.149194e+01,8.975819e-01,-3.216329e+01
301.99517,7.148488e-01,-1.246045e+02,2.639031e-01,1.744211e+01,2.590359e-01,8.407225e+00,8.969732e-01,-3.484420e+01
331.13112,7.069178e-01,-1.286454e+02,2.646747e-01,1.360014e+01,2.603359e-01,5.351114e+00,8.967712e-01,-3.774681e+01
363.07805,7.000794e-01,-1.324563e+02,2.646983e-01,9.848487e+00,2.608132e-01,2.319136e+00,8.969857e-01,-4.088160e+01
398.10717,6.942756e-01,-1.360325e+02,2.639669e-01,6.176887e+00,2.604711e-01,-6.937694e-01,8.976236e-01,-4.425653e+01
436.51583,6.894366e-01,-1.393740e+02,2.624702e-01,2.575517e+00,2.593090e-01,-3.692531e+00,8.986895e-01,-4.787637e+01
478.63009,6.854859e-01,-1.424843e+02,2.601956e-01,-9.642656e-01,2.573224e-01,-6.681212e+00,9.001849e-01,-5.174190e+01
524.80746,6.823444e-01,-1.453702e+02,2.571292e-01,-4.449228e+00,2.545050e-01,-9.662309e+00,9.021066e-01,-5.584925e+01
575.43994,6.799330e-01,-1.480407e+02,2.532590e-01,-7.883617e+00,2.508514e-01,-1.263610e+01,9.044450e-01,-6.018912e+01
630.95734,6.781735e-01,-1.505068e+02,2.485783e-01,-1.126861e+01,2.463604e-01,-1.560011e+01,9.071823e-01,-6.474634e+01
691.83097,6.769897e-01,-1.527805e+02,2.430893e-01,-1.460193e+01,2.410393e-01,-1.854864e+01,9.102903e-01,-6.949945e+01
758.57758,6.763074e-01,-1.548747e+02,2.368079e-01,-1.787758e+01,2.349079e-01,-2.147258e+01,9.137292e-01,-7.442081e+01
831.76377,6.760542e-01,-1.568023e+02,2.297665e-01,-2.108587e+01,2.280022e-01,-2.435938e+01,9.174470e-01,-7.947696e+01
912.01084,6.761598e-01,-1.585759e+02,2.220172e-01,-2.421365e+01,2.203770e-01,-2.719323e+01,9.213807e-01,-8.462953e+01
1000.00000,6.765563e-01,-1.602075e+02,2.136327e-01,-2.724482e+01,2.121072e-01,-2.995560e+01,9.254582e-01,-8.983643e+01
1096.47820,6.771793e-01,-1.617084e+02,2.047054e-01,-3.016098e+01,2.032868e-01,-3.262588e+01,9.296020e-01,-9.505355e+01
1202.26443,6.779688e-01,-1.630887e+02,1.953446e-01,-3.294237e+01,1.940263e-01,-3.518225e+01,9.337336e-01,-1.002365e+02
1318.25674,6.788705e-01,-1.643575e+02,1.856719e-01,-3.556880e+01,1.844485e-01,-3.760268e+01,9.377783e-01,-1.053424e+02
1445.43977,6.798372e-01,-1.655228e+02,1.758157e-01,-3.802059e+01,1.746821e-01,-3.986576e+01,9.416693e-01,-1.103318e+02
1584.89319,6.808295e-01,-1.665915e+02,1.659047e-01,-4.027944e+01,1.648564e-01,-4.195163e+01,9.453512e-01,-1.151696e+02
1737.80083,6.818162e-01,-1.675697e+02,1.560622e-01,-4.232908e+01,1.550948e-01,-4.384262e+01,9.487819e-01,-1.198264e+02
1905.46072,6.827744e-01,-1.684627e+02,1.464010e-01,-4.415581e+01,1.455103e-01,-4.552371e+01,9.519335e-01,-1.242787e+02
2089.29613,6.836890e-01,-1.692752e+02,1.370198e-01,-4.574878e+01,1.362017e-01,-4.698290e+01,9.547914e-01,-1.285095e+02
2290.86765,6.845516e-01,-1.700116e+02,1.280006e-01,-4.710012e+01,1.272511e-01,-4.821126e+01,9.573528e-01,-1.325074e+02
2511.88643,6.853598e-01,-1.706755e+02,1.194086e-01,-4.820500e+01,1.187236e-01,-4.920301e+01,9.596249e-01,-1.362665e+02
2754.22870,6.861161e-01,-1.712706e+02,1.112918e-01,-4.906155e+01,1.106676e-01,-4.995542e+01,9.616217e-01,-1.397855e+02
3019.95172,6.868269e-01,-1.718001e+02,1.036830e-01,-4.967084e+01,1.031156e-01,-5.046883e+01,9.633626e-01,-1.430669e+02
3311.31121,6.875015e-01,-1.722668e+02,9.660063e-02,-5.003683e+01,9.608643e-02,-5.074654e+01,9.648698e-01,-1.461167e+02
3630.78055,6.881516e-01,-1.726737e+02,9.005169e-02,-5.016639e+01,8.958709e-02,-5.079486e+01,9.661670e-01,-1.489429e+02
3981.07171,6.887910e-01,-1.730232e+02,8.403314e-02,-5.006942e+01,8.361469e-02,-5.062321e+01,9.672777e-01,-1.515553e+02
4365.15832,6.894351e-01,-1.733175e+02,7.853402e-02,-4.975887e+01,7.815843e-02,-5.024416e+01,9.682249e-01,-1.539649e+02
4786.30092,6.901011e-01,-1.735586e+02,7.353716e-02,-4.925097e+01,7.320126e-02,-4.967359e+01,9.690297e-01,-1.561834e+02
5248.07460,6.908078e-01,-1.737484e+02,6.902056e-02,-4.856521e+01,6.872131e-02,-4.893074e+01,9.697117e-01,-1.582229e+02
5754.39937,6.915762e-01,-1.738885e+02,6.495859e-02,-4.772439e+01,6.469308e-02,-4.803818e+01,9.702885e-01,-1.600952e+02
6309.57344,6.924295e-01,-1.739801e+02,6.132295e-02,-4.675441e+01,6.108838e-02,-4.702162e+01,9.707757e-01,-1.618122e+02
6918.30971,6.933938e-01,-1.740246e+02,5.808348e-02,-4.568397e+01,5.787718e-02,-4.590956e+01,9.711871e-01,-1.633851e+02
7585.77575,6.944985e-01,-1.740229e+02,5.520878e-02,-4.454397e+01,5.502817e-02,-4.473271e+01,9.715346e-01,-1.648251e+02
8317.63771,6.957769e-01,-1.739762e+02,5.266677e-02,-4.336678e+01,5.250939e-02,-4.352322e+01,9.718286e-01,-1.661423e+02
9120.10839,6.972669e-01,-1.738853e+02,5.042513e-02,-4.218539e+01,5.028865e-02,-4.231381e+01,9.720782e-01,-1.673465e+02
10000.00000,6.990112e-01,-1.737514e+02,4.845175e-02,-4.103244e+01,4.833395e-02,-4.113684e+01,9.722910e-01,-1.684469e+02
