! ! 
! S ! 
! ! 
! # MHz  S  MA  R  50.00000
! ! ===================================================================
1.00000,9.928194e-01,-7.605985e-01,1.134384e-01,1.783001e+02,2.344381e-03,8.949142e+01,9.520173e-01,-1.476167e-01
1.09648,9.928157e-01,-8.339767e-01,1.134426e-01,1.781360e+02,2.570546e-03,8.944232e+01,9.520164e-01,-1.618561e-01
1.20226,9.928113e-01,-9.144335e-01,1.134476e-01,1.779562e+02,2.818525e-03,8.938849e+01,9.520154e-01,-1.774694e-01
1.31826,9.928060e-01,-1.002651e+00,1.134537e-01,1.777591e+02,3.090421e-03,8.932946e+01,9.520141e-01,-1.945890e-01
1.44544,9.927996e-01,-1.099379e+00,1.134610e-01,1.775429e+02,3.388540e-03,8.926475e+01,9.520126e-01,-2.133601e-01
1.58489,9.927919e-01,-1.205436e+00,1.134698e-01,1.773059e+02,3.715409e-03,8.919379e+01,9.520108e-01,-2.339421e-01
1.73780,9.927826e-01,-1.321723e+00,1.134804e-01,1.770461e+02,4.073797e-03,8.911599e+01,9.520086e-01,-2.565093e-01
1.90546,9.927715e-01,-1.449226e+00,1.134931e-01,1.767613e+02,4.466740e-03,8.903070e+01,9.520059e-01,-2.812534e-01
2.08930,9.927581e-01,-1.589025e+00,1.135083e-01,1.764491e+02,4.897565e-03,8.893718e+01,9.520027e-01,-3.083840e-01
2.29087,9.927420e-01,-1.742305e+00,1.135267e-01,1.761068e+02,5.369918e-03,8.883464e+01,9.519989e-01,-3.381312e-01
2.51189,9.927227e-01,-1.910366e+00,1.135487e-01,1.757317e+02,5.887793e-03,8.872222e+01,9.519943e-01,-3.707471e-01
2.75423,9.926994e-01,-2.094629e+00,1.135752e-01,1.753205e+02,6.455566e-03,8.859896e+01,9.519888e-01,-4.065080e-01
3.01995,9.926715e-01,-2.296656e+00,1.136071e-01,1.748698e+02,7.078031e-03,8.846382e+01,9.519822e-01,-4.457168e-01
3.31131,9.926379e-01,-2.518156e+00,1.136453e-01,1.743760e+02,7.760437e-03,8.831567e+01,9.519742e-01,-4.887053e-01
3.63078,9.925975e-01,-2.761000e+00,1.136913e-01,1.738348e+02,8.508532e-03,8.815323e+01,9.519646e-01,-5.358373e-01
3.98107,9.925490e-01,-3.027241e+00,1.137465e-01,1.732419e+02,9.328604e-03,8.797516e+01,9.519531e-01,-5.875112e-01
4.36516,9.924907e-01,-3.319125e+00,1.138128e-01,1.725924e+02,1.022754e-02,8.777993e+01,9.519393e-01,-6.441634e-01
4.78630,9.924206e-01,-3.639113e+00,1.138925e-01,1.718811e+02,1.121285e-02,8.756592e+01,9.519226e-01,-7.062721e-01
5.24807,9.923364e-01,-3.989897e+00,1.139882e-01,1.711021e+02,1.229278e-02,8.733132e+01,9.519027e-01,-7.743606e-01
5.75440,9.922352e-01,-4.374427e+00,1.141030e-01,1.702494e+02,1.347631e-02,8.707416e+01,9.518786e-01,-8.490022e-01
6.30957,9.921136e-01,-4.795925e+00,1.142407e-01,1.693162e+02,1.477324e-02,8.679229e+01,9.518498e-01,-9.308237e-01
6.91831,9.919676e-01,-5.257917e+00,1.144060e-01,1.682953e+02,1.619426e-02,8.648337e+01,9.518152e-01,-1.020511e+00
7.58578,9.917922e-01,-5.764257e+00,1.146041e-01,1.671791e+02,1.775104e-02,8.614481e+01,9.517735e-01,-1.118815e+00
8.31764,9.915815e-01,-6.319150e+00,1.148416e-01,1.659592e+02,1.945622e-02,8.577383e+01,9.517236e-01,-1.226554e+00
9.12011,9.913286e-01,-6.927188e+00,1.151259e-01,1.646269e+02,2.132357e-02,8.536736e+01,9.516636e-01,-1.344624e+00
10.00000,9.910251e-01,-7.593375e+00,1.154661e-01,1.631730e+02,2.336800e-02,8.492207e+01,9.515917e-01,-1.474002e+00
10.96478,9.906609e-01,-8.323157e+00,1.158728e-01,1.615878e+02,2.560562e-02,8.443435e+01,9.515054e-01,-1.615751e+00
12.02264,9.902242e-01,-9.122458e+00,1.163585e-01,1.598613e+02,2.805379e-02,8.390027e+01,9.514019e-01,-1.771031e+00
13.18257,9.897006e-01,-9.997705e+00,1.169378e-01,1.579832e+02,3.073116e-02,8.331557e+01,9.512779e-01,-1.941103e+00
14.45440,9.890734e-01,-1.095586e+01,1.176275e-01,1.559434e+02,3.365767e-02,8.267566e+01,9.511295e-01,-2.127334e+00
15.84893,9.883226e-01,-1.200443e+01,1.184473e-01,1.537317e+02,3.685449e-02,8.197558e+01,9.509519e-01,-2.331207e+00
17.37801,9.874244e-01,-1.315153e+01,1.194197e-01,1.513384e+02,4.034398e-02,8.121001e+01,9.507396e-01,-2.554323e+00
19.05461,9.863512e-01,-1.440582e+01,1.205700e-01,1.487546e+02,4.414954e-02,8.037328e+01,9.504861e-01,-2.798410e+00
20.89296,9.850703e-01,-1.577658e+01,1.219269e-01,1.459724e+02,4.829537e-02,7.945935e+01,9.501839e-01,-3.065321e+00
22.90868,9.835438e-01,-1.727365e+01,1.235221e-01,1.429857e+02,5.280615e-02,7.846185e+01,9.498243e-01,-3.357043e+00
25.11886,9.817276e-01,-1.890741e+01,1.253899e-01,1.397900e+02,5.770657e-02,7.737411e+01,9.493970e-01,-3.675691e+00
27.54229,9.795714e-01,-2.068868e+01,1.275672e-01,1.363835e+02,6.302074e-02,7.618924e+01,9.488907e-01,-4.023507e+00
30.19952,9.770174e-01,-2.262867e+01,1.300922e-01,1.327669e+02,6.877130e-02,7.490017e+01,9.482922e-01,-4.402854e+00
33.11311,9.740012e-01,-2.473880e+01,1.330033e-01,1.289443e+02,7.497842e-02,7.349985e+01,9.475872e-01,-4.816206e+00
36.30781,9.704509e-01,-2.703050e+01,1.363377e-01,1.249228e+02,8.165848e-02,7.198130e+01,9.467599e-01,-5.266135e+00
39.81072,9.662887e-01,-2.951495e+01,1.401292e-01,1.207126e+02,8.882249e-02,7.033792e+01,9.457935e-01,-5.755295e+00
43.65158,9.614317e-01,-3.220275e+01,1.444055e-01,1.163272e+02,9.647426e-02,6.856366e+01,9.446706e-01,-6.286405e+00
47.86301,9.557945e-01,-3.510350e+01,1.491858e-01,1.117824e+02,1.046084e-01,6.665335e+01,9.433738e-01,-6.862232e+00
52.48075,9.492925e-01,-3.822527e+01,1.544779e-01,1.070965e+02,1.132079e-01,6.460305e+01,9.418870e-01,-7.485583e+00
57.54399,9.418470e-01,-4.157409e+01,1.602751e-01,1.022894e+02,1.222426e-01,6.241042e+01,9.401962e-01,-8.159308e+00
63.09573,9.333909e-01,-4.515327e+01,1.665536e-01,9.738184e+01,1.316664e-01,6.007507e+01,9.382916e-01,-8.886318e+00
69.18310,9.238761e-01,-4.896276e+01,1.732713e-01,9.239547e+01,1.414170e-01,5.759896e+01,9.361687e-01,-9.669638e+00
75.85776,9.132810e-01,-5.299851e+01,1.803660e-01,8.735210e+01,1.514142e-01,5.498672e+01,9.338308e-01,-1.051249e+01
83.17638,9.016190e-01,-5.725186e+01,1.877565e-01,8.227357e+01,1.615618e-01,5.224581e+01,9.312902e-01,-1.141842e+01
91.20108,8.889445e-01,-6.170912e+01,1.953445e-01,7.718151e+01,1.717487e-01,4.938656e+01,9.285693e-01,-1.239148e+01
100.00000,8.753578e-01,-6.635131e+01,2.030177e-01,7.209720e+01,1.818532e-01,4.642205e+01,9.257016e-01,-1.343639e+01
109.64782,8.610061e-01,-7.115418e+01,2.106550e-01,6.704132e+01,1.917475e-01,4.336770e+01,9.227310e-01,-1.455880e+01
120.22644,8.460795e-01,-7.608852e+01,2.181325e-01,6.203363e+01,2.013038e-01,4.024068e+01,9.197101e-01,-1.576546e+01
131.82567,8.308036e-01,-8.112078e+01,2.253294e-01,5.709257e+01,2.104003e-01,3.705913e+01,9.166980e-01,-1.706443e+01
144.54398,8.154266e-01,-8.621401e+01,2.321340e-01,5.223473e+01,2.189272e-01,3.384124e+01,9.137569e-01,-1.846513e+01
158.48932,8.002046e-01,-9.132902e+01,2.384482e-01,4.747434e+01,2.267910e-01,3.060439e+01,9.109487e-01,-1.997837e+01
173.78008,7.853856e-01,-9.642574e+01,2.441911e-01,4.282278e+01,2.339176e-01,2.736422e+01,9.083321e-01,-2.161627e+01
190.54607,7.711946e-01,-1.014646e+02,2.492998e-01,3.828821e+01,2.402529e-01,2.413400e+01,9.059593e-01,-2.339207e+01
208.92961,7.578218e-01,-1.064080e+02,2.537289e-01,3.387535e+01,2.457621e-01,2.092409e+01,9.038751e-01,-2.531985e+01
229.08677,7.454155e-01,-1.112214e+02,2.574483e-01,2.958552e+01,2.504268e-01,1.774175e+01,9.021158e-01,-2.741421e+01
251.18864,7.340783e-01,-1.158745e+02,2.604401e-01,2.541677e+01,2.542413e-01,1.459109e+01,9.007100e-01,-2.968987e+01
275.42287,7.238688e-01,-1.203418e+02,2.626949e-01,2.136427e+01,2.572085e-01,1.147338e+01,8.996793e-01,-3.216123e+01
301.99517,7.148061e-01,-1.246032e+02,2.642078e-01,1.742086e+01,2.593362e-01,8.387361e+00,8.990397e-01,-3.484196e+01
331.13112,7.068762e-01,-1.286439e+02,2.649756e-01,1.357764e+01,2.606329e-01,5.329876e+00,8.988033e-01,-3.774439e+01
363.07805,7.000392e-01,-1.324546e+02,2.649938e-01,9.824660e+00,2.611053e-01,2.296463e+00,8.989788e-01,-4.087902e+01
398.10717,6.942372e-01,-1.360306e+02,2.642554e-01,6.151675e+00,2.607567e-01,-7.179256e-01,8.995727e-01,-4.425381e+01
436.51583,6.894003e-01,-1.393719e+02,2.627502e-01,2.548883e+00,2.595863e-01,-3.718201e+00,9.005891e-01,-4.787354e+01
478.63009,6.854521e-01,-1.424820e+02,2.604653e-01,-9.923365e-01,2.575897e-01,-6.708402e+00,9.020288e-01,-5.173900e+01
524.80746,6.823135e-01,-1.453677e+02,2.573870e-01,-4.478721e+00,2.547607e-01,-9.690997e+00,9.038882e-01,-5.584631e+01
575.43994,6.799052e-01,-1.480381e+02,2.535034e-01,-7.914481e+00,2.510938e-01,-1.266623e+01,9.061575e-01,-6.018620e+01
630.95734,6.781490e-01,-1.505041e+02,2.488077e-01,-1.130076e+01,2.465882e-01,-1.563158e+01,9.088189e-01,-6.474348e+01
691.83097,6.769687e-01,-1.527778e+02,2.433027e-01,-1.463523e+01,2.412512e-01,-1.858133e+01,9.118444e-01,-6.949672e+01
758.57758,6.762899e-01,-1.548720e+02,2.370041e-01,-1.791186e+01,2.351029e-01,-2.150631e+01,9.151946e-01,-7.441825e+01
831.76377,6.760400e-01,-1.567997e+02,2.299450e-01,-2.112092e+01,2.281796e-01,-2.439393e+01,9.188186e-01,-7.947464e+01
912.01084,6.761488e-01,-1.585733e+02,2.221776e-01,-2.424924e+01,2.205366e-01,-2.722835e+01,9.226543e-01,-8.462748e+01
1000.00000,6.765483e-01,-1.602051e+02,2.137752e-01,-2.728065e+01,2.122489e-01,-2.999102e+01,9.266311e-01,-8.983469e+01
1096.47820,6.771739e-01,-1.617062e+02,2.048304e-01,-3.019679e+01,2.034111e-01,-3.266130e+01,9.306732e-01,-9.505213e+01
1202.26443,6.779656e-01,-1.630867e+02,1.954530e-01,-3.297786e+01,1.941342e-01,-3.521740e+01,9.347038e-01,-1.002354e+02
1318.25674,6.788692e-01,-1.643556e+02,1.857647e-01,-3.560370e+01,1.845409e-01,-3.763726e+01,9.386497e-01,-1.053417e+02
1445.43977,6.798373e-01,-1.655211e+02,1.758943e-01,-3.805464e+01,1.747604e-01,-3.989951e+01,9.424457e-01,-1.103313e+02
1584.89319,6.808307e-01,-1.665899e+02,1.659707e-01,-4.031241e+01,1.649221e-01,-4.198433e+01,9.460376e-01,-1.151694e+02
1737.80083,6.818181e-01,-1.675683e+02,1.561170e-01,-4.236078e+01,1.551494e-01,-4.387407e+01,9.493844e-01,-1.198264e+02
1905.46072,6.827768e-01,-1.684615e+02,1.464462e-01,-4.418609e+01,1.455554e-01,-4.555377e+01,9.524587e-01,-1.242790e+02
2089.29613,6.836915e-01,-1.692742e+02,1.370567e-01,-4.577752e+01,1.362385e-01,-4.701145e+01,9.552465e-01,-1.285099e+02
2290.86765,6.845542e-01,-1.700106e+02,1.280307e-01,-4.712726e+01,1.272811e-01,-4.823823e+01,9.577450e-01,-1.325079e+02
2511.88643,6.853623e-01,-1.706747e+02,1.194329e-01,-4.823050e+01,1.187480e-01,-4.922835e+01,9.599611e-01,-1.362671e+02
2754.22870,6.861185e-01,-1.712699e+02,1.113115e-01,-4.908541e+01,1.106873e-01,-4.997915e+01,9.619086e-01,-1.397861e+02
3019.95172,6.868291e-01,-1.717994e+02,1.036989e-01,-4.969309e+01,1.031315e-01,-5.049095e+01,9.636066e-01,-1.430676e+02
3311.31121,6.875035e-01,-1.722663e+02,9.661350e-02,-5.005750e+01,9.609930e-02,-5.076710e+01,9.650766e-01,-1.461174e+02
3630.78055,6.881534e-01,-1.726732e+02,9.006211e-02,-5.018556e+01,8.959752e-02,-5.081393e+01,9.663417e-01,-1.489435e+02
3981.07171,6.887926e-01,-1.730227e+02,8.404160e-02,-5.008713e+01,8.362318e-02,-5.064084e+01,9.674250e-01,-1.515559e+02
4365.15832,6.894366e-01,-1.733170e+02,7.854094e-02,-4.977523e+01,7.816538e-02,-5.026043e+01,9.683487e-01,-1.539655e+02
4786.30092,6.901024e-01,-1.735582e+02,7.354286e-02,-4.926604e+01,7.320698e-02,-4.968859e+01,9.691336e-01,-1.561841e+02
5248.07460,6.908090e-01,-1.737480e+02,6.902529e-02,-4.857909e+01,6.872607e-02,-4.894456e+01,9.697988e-01,-1.582235e+02
5754.39937,6.915773e-01,-1.738881e+02,6.496255e-02,-4.773716e+01,6.469706e-02,-4.805090e+01,9.703614e-01,-1.600958e+02
6309.57344,6.924306e-01,-1.739797e+02,6.132631e-02,-4.676617e+01,6.109176e-02,-4.703333e+01,9.708366e-01,-1.618127e+02
6918.30971,6.933949e-01,-1.740242e+02,5.808636e-02,-4.569479e+01,5.788008e-02,-4.592035e+01,9.712379e-01,-1.633856e+02
7585.77575,6.944997e-01,-1.740225e+02,5.521128e-02,-4.455393e+01,5.503069e-02,-4.474264e+01,9.715770e-01,-1.648255e+02
8317.63771,6.957782e-01,-1.739758e+02,5.266896e-02,-4.337597e+01,5.251161e-02,-4.353238e+01,9.718640e-01,-1.661427e+02
9120.10839,6.972682e-01,-1.738849e+02,5.042708e-02,-4.219388e+01,5.029062e-02,-4.232228e+01,9.721076e-01,-1.673469e+02
10000.00000,6.990128e-01,-1.737509e+02,4.845350e-02,-4.104029e+01,4.833571e-02,-4.114467e+01,9.723155e-01,-1.684473e+02
