! ! 
! S ! 
! ! 
! # MHz  S  MA  R  50.00000
! ! ===================================================================
1.00000,8.195167e-01,-4.197989e+00,1.116881e+01,1.776106e+02,3.648295e-03,8.759909e+01,9.226865e-01,-1.893809e+00
1.09648,8.194719e-01,-4.602132e+00,1.116697e+01,1.773782e+02,3.999632e-03,8.737618e+01,9.225510e-01,-2.076187e+00
1.20226,8.194181e-01,-5.045168e+00,1.116476e+01,1.771237e+02,4.384655e-03,8.713110e+01,9.223883e-01,-2.276081e+00
1.31826,8.193534e-01,-5.530803e+00,1.116211e+01,1.768449e+02,4.806548e-03,8.686183e+01,9.221928e-01,-2.495152e+00
1.44544,8.192757e-01,-6.063087e+00,1.115892e+01,1.765394e+02,5.268782e-03,8.656610e+01,9.219580e-01,-2.735216e+00
1.58489,8.191825e-01,-6.646443e+00,1.115510e+01,1.762049e+02,5.775133e-03,8.624149e+01,9.216759e-01,-2.998248e+00
1.73780,8.190705e-01,-7.285697e+00,1.115050e+01,1.758385e+02,6.329707e-03,8.588531e+01,9.213371e-01,-3.286405e+00
1.90546,8.189362e-01,-7.986110e+00,1.114498e+01,1.754372e+02,6.936959e-03,8.549464e+01,9.209305e-01,-3.602026e+00
2.08930,8.187749e-01,-8.753409e+00,1.113836e+01,1.749978e+02,7.601711e-03,8.506631e+01,9.204423e-01,-3.947656e+00
2.29087,8.185815e-01,-9.593821e+00,1.113041e+01,1.745167e+02,8.329170e-03,8.459688e+01,9.198567e-01,-4.326048e+00
2.51189,8.183497e-01,-1.051410e+01,1.112088e+01,1.739900e+02,9.124937e-03,8.408259e+01,9.191543e-01,-4.740179e+00
2.75423,8.180719e-01,-1.152158e+01,1.110945e+01,1.734136e+02,9.995018e-03,8.351940e+01,9.183123e-01,-5.193255e+00
3.01995,8.177394e-01,-1.262414e+01,1.109576e+01,1.727831e+02,1.094582e-02,8.290296e+01,9.173036e-01,-5.688717e+00
3.31131,8.173415e-01,-1.383031e+01,1.107937e+01,1.720937e+02,1.198412e-02,8.222856e+01,9.160959e-01,-6.230241e+00
3.63078,8.168661e-01,-1.514921e+01,1.105975e+01,1.713401e+02,1.311706e-02,8.149121e+01,9.146513e-01,-6.821728e+00
3.98107,8.162985e-01,-1.659058e+01,1.103631e+01,1.705170e+02,1.435208e-02,8.068558e+01,9.129250e-01,-7.467296e+00
4.36516,8.156220e-01,-1.816476e+01,1.100831e+01,1.696185e+02,1.569683e-02,7.980604e+01,9.108646e-01,-8.171246e+00
4.78630,8.148169e-01,-1.988266e+01,1.097494e+01,1.686387e+02,1.715905e-02,7.884671e+01,9.084087e-01,-8.938021e+00
5.24807,8.138607e-01,-2.175564e+01,1.093522e+01,1.675712e+02,1.874642e-02,7.780150e+01,9.054866e-01,-9.772148e+00
5.75440,8.127278e-01,-2.379545e+01,1.088802e+01,1.664096e+02,2.046632e-02,7.666419e+01,9.020167e-01,-1.067814e+01
6.30957,8.113892e-01,-2.601407e+01,1.083208e+01,1.651475e+02,2.232556e-02,7.542853e+01,8.979061e-01,-1.166041e+01
6.91831,8.098130e-01,-2.842342e+01,1.076596e+01,1.637786e+02,2.433003e-02,7.408839e+01,8.930501e-01,-1.272306e+01
7.58578,8.079641e-01,-3.103517e+01,1.068803e+01,1.622967e+02,2.648424e-02,7.263796e+01,8.873324e-01,-1.386975e+01
8.31764,8.058052e-01,-3.386028e+01,1.059655e+01,1.606964e+02,2.879080e-02,7.107197e+01,8.806262e-01,-1.510344e+01
9.12011,8.032979e-01,-3.690858e+01,1.048961e+01,1.589729e+02,3.124985e-02,6.938597e+01,8.727960e-01,-1.642609e+01
10.00000,8.004037e-01,-4.018821e+01,1.036522e+01,1.571226e+02,3.385841e-02,6.757668e+01,8.637009e-01,-1.783836e+01
10.96478,7.970870e-01,-4.370496e+01,1.022137e+01,1.551434e+02,3.660970e-02,6.564232e+01,8.532002e-01,-1.933921e+01
12.02264,7.933168e-01,-4.746155e+01,1.005609e+01,1.530350e+02,3.949256e-02,6.358304e+01,8.411597e-01,-2.092559e+01
13.18257,7.890708e-01,-5.145690e+01,9.867603e+00,1.507995e+02,4.249096e-02,6.140128e+01,8.274612e-01,-2.259202e+01
14.45440,7.843385e-01,-5.568535e+01,9.654420e+00,1.484415e+02,4.558370e-02,5.910216e+01,8.120125e-01,-2.433032e+01
15.84893,7.791251e-01,-6.013602e+01,9.415514e+00,1.459686e+02,4.874450e-02,5.669371e+01,7.947595e-01,-2.612935e+01
17.37801,7.734547e-01,-6.479229e+01,9.150459e+00,1.433913e+02,5.194243e-02,5.418700e+01,7.756971e-01,-2.797504e+01
19.05461,7.673720e-01,-6.963157e+01,8.859570e+00,1.407230e+02,5.514288e-02,5.159613e+01,7.548803e-01,-2.985047e+01
20.89296,7.609434e-01,-7.462535e+01,8.543996e+00,1.379801e+02,5.830887e-02,4.893795e+01,7.324304e-01,-3.173629e+01
22.90868,7.542550e-01,-7.973974e+01,8.205761e+00,1.351807e+02,6.140288e-02,4.623155e+01,7.085387e-01,-3.361144e+01
25.11886,7.474088e-01,-8.493633e+01,7.847737e+00,1.323450e+02,6.438871e-02,4.349761e+01,6.834627e-01,-3.545398e+01
27.54229,7.405171e-01,-9.017347e+01,7.473533e+00,1.294933e+02,6.723350e-02,4.075751e+01,6.575175e-01,-3.724228e+01
30.19952,7.336952e-01,-9.540789e+01,7.087325e+00,1.266459e+02,6.990939e-02,3.803242e+01,6.310619e-01,-3.895625e+01
33.11311,7.270539e-01,-1.005964e+02,6.693634e+00,1.238217e+02,7.239477e-02,3.534240e+01,6.044794e-01,-4.057858e+01
36.30781,7.206926e-01,-1.056975e+02,6.297081e+00,1.210379e+02,7.467496e-02,3.270552e+01,5.781596e-01,-4.209599e+01
39.81072,7.146937e-01,-1.106733e+02,5.902149e+00,1.183085e+02,7.674224e-02,3.013730e+01,5.524780e-01,-4.350021e+01
43.65158,7.091193e-01,-1.154901e+02,5.512982e+00,1.156449e+02,7.859539e-02,2.765025e+01,5.277802e-01,-4.478883e+01
47.86301,7.040105e-01,-1.201202e+02,5.133226e+00,1.130547e+02,8.023879e-02,2.525366e+01,5.043689e-01,-4.596574e+01
52.48075,6.993874e-01,-1.245413e+02,4.765935e+00,1.105424e+02,8.168121e-02,2.295362e+01,4.824967e-01,-4.704134e+01
57.54399,6.952524e-01,-1.287373e+02,4.413526e+00,1.081093e+02,8.293461e-02,2.075319e+01,4.623623e-01,-4.803233e+01
63.09573,6.915929e-01,-1.326979e+02,4.077789e+00,1.057538e+02,8.401293e-02,1.865269e+01,4.441124e-01,-4.896125e+01
69.18310,6.883851e-01,-1.364176e+02,3.759926e+00,1.034716e+02,8.493097e-02,1.665009e+01,4.278455e-01,-4.985558e+01
75.85776,6.855979e-01,-1.398958e+02,3.460618e+00,1.012565e+02,8.570357e-02,1.474134e+01,4.136188e-01,-5.074661e+01
83.17638,6.831956e-01,-1.431354e+02,3.180102e+00,9.910014e+01,8.634486e-02,1.292081e+01,4.014562e-01,-5.166811e+01
91.20108,6.811409e-01,-1.461423e+02,2.918255e+00,9.699293e+01,8.686778e-02,1.118162e+01,3.913575e-01,-5.265477e+01
100.00000,6.793967e-01,-1.489247e+02,2.674668e+00,9.492399e+01,8.728372e-02,9.515975e+00,3.833067e-01,-5.374061e+01
109.64782,6.779276e-01,-1.514923e+02,2.448719e+00,9.288154e+01,8.760233e-02,7.915427e+00,3.772807e-01,-5.495751e+01
120.22644,6.767010e-01,-1.538562e+02,2.239632e+00,9.085311e+01,8.783134e-02,6.371117e+00,3.732559e-01,-5.633379e+01
131.82567,6.756876e-01,-1.560279e+02,2.046534e+00,8.882565e+01,8.797655e-02,4.873972e+00,3.712143e-01,-5.789313e+01
144.54398,6.748615e-01,-1.580191e+02,1.868490e+00,8.678577e+01,8.804177e-02,3.414871e+00,3.711475e-01,-5.965367e+01
158.48932,6.742004e-01,-1.598418e+02,1.704540e+00,8.471978e+01,8.802884e-02,1.984800e+00,3.730590e-01,-6.162757e+01
173.78008,6.736858e-01,-1.615074e+02,1.553721e+00,8.261388e+01,8.793766e-02,5.749863e-01,3.769644e-01,-6.382086e+01
190.54607,6.733022e-01,-1.630272e+02,1.415091e+00,8.045425e+01,8.776618e-02,-8.229539e-01,3.828902e-01,-6.623356e+01
208.92961,6.730374e-01,-1.644120e+02,1.287740e+00,7.822719e+01,8.751050e-02,-2.216866e+00,3.908700e-01,-6.886022e+01
229.08677,6.728818e-01,-1.656721e+02,1.170799e+00,7.591931e+01,8.716492e-02,-3.613882e+00,4.009397e-01,-7.169064e+01
251.18864,6.728283e-01,-1.668171e+02,1.063447e+00,7.351773e+01,8.672205e-02,-5.020219e+00,4.131305e-01,-7.471082e+01
275.42287,6.728720e-01,-1.678562e+02,9.649202e-01,7.101031e+01,8.617299e-02,-6.440943e+00,4.274615e-01,-7.790393e+01
301.99517,6.730094e-01,-1.687980e+02,8.745070e-01,6.838600e+01,8.550761e-02,-7.879692e+00,4.439309e-01,-8.125137e+01
331.13112,6.732384e-01,-1.696508e+02,7.915547e-01,6.563518e+01,8.471493e-02,-9.338366e+00,4.625068e-01,-8.473359e+01
363.07805,6.735576e-01,-1.704220e+02,7.154676e-01,6.275011e+01,8.378368e-02,-1.081679e+01,4.831187e-01,-8.833081e+01
398.10717,6.739655e-01,-1.711189e+02,6.457064e-01,5.972539e+01,8.270298e-02,-1.231237e+01,5.056494e-01,-9.202343e+01
436.51583,6.744604e-01,-1.717482e+02,5.817869e-01,5.655846e+01,8.146323e-02,-1.381976e+01,5.299289e-01,-9.579216e+01
478.63009,6.750392e-01,-1.723164e+02,5.232766e-01,5.325011e+01,8.005715e-02,-1.533061e+01,5.557309e-01,-9.961802e+01
524.80746,6.756975e-01,-1.728292e+02,4.697911e-01,4.980493e+01,7.848085e-02,-1.683338e+01,5.827731e-01,-1.034821e+02
575.43994,6.764285e-01,-1.732923e+02,4.209895e-01,4.623167e+01,7.673498e-02,-1.831339e+01,6.107218e-01,-1.073651e+02
630.95734,6.772233e-01,-1.737105e+02,3.765679e-01,4.254346e+01,7.482571e-02,-1.975301e+01,6.392015e-01,-1.112476e+02
691.83097,6.780707e-01,-1.740883e+02,3.362522e-01,3.875791e+01,7.276531e-02,-2.113217e+01,6.678094e-01,-1.151095e+02
758.57758,6.789574e-01,-1.744297e+02,2.997912e-01,3.489688e+01,7.057248e-02,-2.242911e+01,6.961340e-01,-1.189300e+02
831.76377,6.798691e-01,-1.747379e+02,2.669482e-01,3.098615e+01,6.827195e-02,-2.362140e+01,7.237751e-01,-1.226887e+02
912.01084,6.807909e-01,-1.750155e+02,2.374952e-01,2.705488e+01,6.589362e-02,-2.468716e+01,7.503652e-01,-1.263652e+02
1000.00000,6.817086e-01,-1.752647e+02,2.112066e-01,2.313488e+01,6.347110e-02,-2.560636e+01,7.755874e-01,-1.299402e+02
1096.47820,6.826096e-01,-1.754870e+02,1.878566e-01,1.925977e+01,6.103991e-02,-2.636220e+01,7.991890e-01,-1.333961e+02
1202.26443,6.834839e-01,-1.756834e+02,1.672172e-01,1.546409e+01,5.863552e-02,-2.694228e+01,8.209894e-01,-1.367175e+02
1318.25674,6.843244e-01,-1.758545e+02,1.490591e-01,1.178231e+01,5.629144e-02,-2.733956e+01,8.408814e-01,-1.398916e+02
1445.43977,6.851277e-01,-1.760006e+02,1.331542e-01,8.247768e+00,5.403754e-02,-2.755302e+01,8.588270e-01,-1.429087e+02
1584.89319,6.858938e-01,-1.761217e+02,1.192782e-01,4.891658e+00,5.189886e-02,-2.758790e+01,8.748488e-01,-1.457622e+02
1737.80083,6.866260e-01,-1.762177e+02,1.072150e-01,1.741872e+00,4.989479e-02,-2.745553e+01,8.890185e-01,-1.484485e+02
1905.46072,6.873309e-01,-1.762883e+02,9.675927e-02,-1.178085e+00,4.803879e-02,-2.717277e+01,9.014446e-01,-1.509665e+02
2089.29613,6.880178e-01,-1.763333e+02,8.771981e-02,-3.850135e+00,4.633857e-02,-2.676116e+01,9.122599e-01,-1.533180e+02
2290.86765,6.886986e-01,-1.763520e+02,7.992109e-02,-6.262521e+00,4.479651e-02,-2.624571e+01,9.216113e-01,-1.555064e+02
2511.88643,6.893875e-01,-1.763442e+02,7.320435e-02,-8.410468e+00,4.341036e-02,-2.565368e+01,9.296506e-01,-1.575370e+02
2754.22870,6.901011e-01,-1.763092e+02,6.742765e-02,-1.029652e+01,4.217411e-02,-2.501322e+01,9.365276e-01,-1.594163e+02
3019.95172,6.908580e-01,-1.762466e+02,6.246523e-02,-1.193049e+01,4.107880e-02,-2.435226e+01,9.423854e-01,-1.611516e+02
3311.31121,6.916797e-01,-1.761558e+02,5.820649e-02,-1.332903e+01,4.011341e-02,-2.369739e+01,9.473570e-01,-1.627507e+02
3630.78055,6.925899e-01,-1.760363e+02,5.455450e-02,-1.451483e+01,3.926554e-02,-2.307322e+01,9.515638e-01,-1.642220e+02
3981.07171,6.936159e-01,-1.758874e+02,5.142455e-02,-1.551542e+01,3.852212e-02,-2.250179e+01,9.551144e-01,-1.655736e+02
4365.15832,6.947883e-01,-1.757087e+02,4.874258e-02,-1.636190e+01,3.786984e-02,-2.200242e+01,9.581052e-01,-1.668137e+02
4786.30092,6.961419e-01,-1.754997e+02,4.644378e-02,-1.708743e+01,3.729556e-02,-2.159165e+01,9.606206e-01,-1.679503e+02
5248.07460,6.977162e-01,-1.752601e+02,4.447133e-02,-1.772589e+01,3.678653e-02,-2.128342e+01,9.627338e-01,-1.689912e+02
5754.39937,6.995562e-01,-1.749899e+02,4.277525e-02,-1.831057e+01,3.633053e-02,-2.108932e+01,9.645079e-01,-1.699436e+02
6309.57344,7.017122e-01,-1.746892e+02,4.131148e-02,-1.887315e+01,3.591593e-02,-2.101890e+01,9.659972e-01,-1.708145e+02
6918.30971,7.042412e-01,-1.743589e+02,4.004103e-02,-1.944293e+01,3.553163e-02,-2.107996e+01,9.672479e-01,-1.716104e+02
7585.77575,7.072058e-01,-1.740003e+02,3.892926e-02,-2.004633e+01,3.516710e-02,-2.127888e+01,9.682996e-01,-1.723373e+02
8317.63771,7.106751e-01,-1.736155e+02,3.794532e-02,-2.070658e+01,3.481217e-02,-2.162079e+01,9.691857e-01,-1.730010e+02
9120.10839,7.147229e-01,-1.732075e+02,3.706154e-02,-2.144364e+01,3.445703e-02,-2.210976e+01,9.699345e-01,-1.736067e+02
10000.00000,7.194270e-01,-1.727808e+02,3.625304e-02,-2.227422e+01,3.409211e-02,-2.274884e+01,9.705702e-01,-1.741593e+02
