! ! 
! S ! 
! ! 
! # MHz  S  MA  R  50.00000
! ! ===================================================================
1.00000,9.919939e-01,-7.784733e-01,1.823747e-01,1.787368e+02,2.346074e-03,8.948112e+01,9.510028e-01,-1.535950e-01
1.09648,9.919901e-01,-8.535758e-01,1.823766e-01,1.786149e+02,2.572401e-03,8.943102e+01,9.510018e-01,-1.684111e-01
1.20226,9.919855e-01,-9.359231e-01,1.823788e-01,1.784812e+02,2.820558e-03,8.937609e+01,9.510005e-01,-1.846566e-01
1.31826,9.919799e-01,-1.026214e+00,1.823815e-01,1.783346e+02,3.092650e-03,8.931587e+01,9.509991e-01,-2.024693e-01
1.44544,9.919732e-01,-1.125214e+00,1.823847e-01,1.781739e+02,3.390982e-03,8.924985e+01,9.509973e-01,-2.220004e-01
1.58489,9.919652e-01,-1.233764e+00,1.823885e-01,1.779977e+02,3.718084e-03,8.917746e+01,9.509951e-01,-2.434156e-01
1.73780,9.919555e-01,-1.352783e+00,1.823932e-01,1.778046e+02,4.076727e-03,8.909808e+01,9.509925e-01,-2.668965e-01
1.90546,9.919439e-01,-1.483281e+00,1.823987e-01,1.775928e+02,4.469949e-03,8.901106e+01,9.509894e-01,-2.926421e-01
2.08930,9.919300e-01,-1.626364e+00,1.824054e-01,1.773606e+02,4.901078e-03,8.891565e+01,9.509857e-01,-3.208709e-01
2.29087,9.919132e-01,-1.783245e+00,1.824135e-01,1.771060e+02,5.373762e-03,8.881103e+01,9.509812e-01,-3.518219e-01
2.51189,9.918930e-01,-1.955252e+00,1.824232e-01,1.768269e+02,5.891998e-03,8.869634e+01,9.509758e-01,-3.857575e-01
2.75423,9.918688e-01,-2.143844e+00,1.824348e-01,1.765209e+02,6.460165e-03,8.857058e+01,9.509693e-01,-4.229651e-01
3.01995,9.918397e-01,-2.350614e+00,1.824488e-01,1.761855e+02,7.083057e-03,8.843271e+01,9.509615e-01,-4.637597e-01
3.31131,9.918046e-01,-2.577314e+00,1.824657e-01,1.758177e+02,7.765927e-03,8.828155e+01,9.509521e-01,-5.084865e-01
3.63078,9.917626e-01,-2.825858e+00,1.824859e-01,1.754146e+02,8.514522e-03,8.811584e+01,9.509408e-01,-5.575236e-01
3.98107,9.917120e-01,-3.098347e+00,1.825102e-01,1.749728e+02,9.335135e-03,8.793416e+01,9.509273e-01,-6.112854e-01
4.36516,9.916511e-01,-3.397079e+00,1.825394e-01,1.744885e+02,1.023465e-02,8.773499e+01,9.509110e-01,-6.702256e-01
4.78630,9.915781e-01,-3.724570e+00,1.825744e-01,1.739577e+02,1.122059e-02,8.751665e+01,9.508914e-01,-7.348411e-01
5.24807,9.914902e-01,-4.083578e+00,1.826166e-01,1.733760e+02,1.230118e-02,8.727732e+01,9.508679e-01,-8.056761e-01
5.75440,9.913847e-01,-4.477117e+00,1.826672e-01,1.727386e+02,1.348540e-02,8.701497e+01,9.508396e-01,-8.833258e-01
6.30957,9.912579e-01,-4.908484e+00,1.827280e-01,1.720402e+02,1.478306e-02,8.672742e+01,9.508057e-01,-9.684416e-01
6.91831,9.911057e-01,-5.381286e+00,1.828009e-01,1.712752e+02,1.620483e-02,8.641228e+01,9.507649e-01,-1.061736e+00
7.58578,9.909228e-01,-5.899462e+00,1.828885e-01,1.704372e+02,1.776237e-02,8.606691e+01,9.507160e-01,-1.163987e+00
8.31764,9.907031e-01,-6.467312e+00,1.829936e-01,1.695196e+02,1.946830e-02,8.568848e+01,9.506572e-01,-1.276045e+00
9.12011,9.904395e-01,-7.089530e+00,1.831197e-01,1.685151e+02,2.133638e-02,8.527386e+01,9.505866e-01,-1.398838e+00
10.00000,9.901231e-01,-7.771228e+00,1.832708e-01,1.674158e+02,2.338145e-02,8.481967e+01,9.505020e-01,-1.533378e+00
10.96478,9.897435e-01,-8.517972e+00,1.834518e-01,1.662131e+02,2.561960e-02,8.432222e+01,9.504004e-01,-1.680767e+00
12.02264,9.892883e-01,-9.335807e+00,1.836686e-01,1.648980e+02,2.806811e-02,8.377752e+01,9.502787e-01,-1.842202e+00
13.18257,9.887427e-01,-1.023130e+01,1.839279e-01,1.634607e+02,3.074554e-02,8.318124e+01,9.501329e-01,-2.018986e+00
14.45440,9.880892e-01,-1.121153e+01,1.842378e-01,1.618908e+02,3.367170e-02,8.252871e+01,9.499584e-01,-2.212530e+00
15.84893,9.873070e-01,-1.228419e+01,1.846077e-01,1.601775e+02,3.686760e-02,8.181491e+01,9.497496e-01,-2.424357e+00
17.37801,9.863716e-01,-1.345749e+01,1.850487e-01,1.583092e+02,4.035539e-02,8.103443e+01,9.495001e-01,-2.656113e+00
19.05461,9.852542e-01,-1.474029e+01,1.855735e-01,1.562743e+02,4.415818e-02,8.018154e+01,9.492022e-01,-2.909566e+00
20.89296,9.839210e-01,-1.614200e+01,1.861969e-01,1.540606e+02,4.829981e-02,7.925012e+01,9.488473e-01,-3.186610e+00
22.90868,9.823328e-01,-1.767259e+01,1.869354e-01,1.516559e+02,5.280448e-02,7.823375e+01,9.484250e-01,-3.489261e+00
25.11886,9.804442e-01,-1.934257e+01,1.878082e-01,1.490483e+02,5.769630e-02,7.712573e+01,9.479235e-01,-3.819661e+00
27.54229,9.782030e-01,-2.116288e+01,1.888360e-01,1.462265e+02,6.299858e-02,7.591912e+01,9.473295e-01,-4.180065e+00
30.19952,9.755504e-01,-2.314480e+01,1.900419e-01,1.431800e+02,6.873302e-02,7.460689e+01,9.466279e-01,-4.572834e+00
33.11311,9.724199e-01,-2.529978e+01,1.914504e-01,1.398998e+02,7.491860e-02,7.318200e+01,9.458021e-01,-5.000417e+00
36.30781,9.687387e-01,-2.763922e+01,1.930869e-01,1.363789e+02,8.157024e-02,7.163758e+01,9.448339e-01,-5.465339e+00
39.81072,9.644275e-01,-3.017420e+01,1.949768e-01,1.326129e+02,8.869721e-02,6.996717e+01,9.437041e-01,-5.970172e+00
43.65158,9.594029e-01,-3.291512e+01,1.971441e-01,1.286007e+02,9.630126e-02,6.816495e+01,9.423929e-01,-6.517516e+00
47.86301,9.535798e-01,-3.587126e+01,1.996099e-01,1.243451e+02,1.043746e-01,6.622606e+01,9.408809e-01,-7.109976e+00
52.48075,9.468746e-01,-3.905025e+01,2.023900e-01,1.198530e+02,1.128978e-01,6.414694e+01,9.391502e-01,-7.750153e+00
57.54399,9.392112e-01,-4.245750e+01,2.054927e-01,1.151365e+02,1.218376e-01,6.192575e+01,9.371857e-01,-8.440639e+00
63.09573,9.305266e-01,-4.609556e+01,2.089164e-01,1.102123e+02,1.311454e-01,5.956269e+01,9.349773e-01,-9.184052e+00
69.18310,9.207787e-01,-4.996346e+01,2.126472e-01,1.051024e+02,1.407560e-01,5.706040e+01,9.325218e-01,-9.983084e+00
75.85776,9.099537e-01,-5.405603e+01,2.166572e-01,9.983291e+01,1.505873e-01,5.442424e+01,9.298247e-01,-1.084061e+01
83.17638,8.980745e-01,-5.836341e+01,2.209038e-01,9.443426e+01,1.605414e-01,5.166244e+01,9.269020e-01,-1.175984e+01
91.20108,8.852063e-01,-6.287060e+01,2.253295e-01,8.893974e+01,1.705071e-01,4.878610e+01,9.237817e-01,-1.274450e+01
100.00000,8.714607e-01,-6.755729e+01,2.298644e-01,8.338452e+01,1.803635e-01,4.580898e+01,9.205040e-01,-1.379906e+01
109.64782,8.569951e-01,-7.239793e+01,2.344283e-01,7.780440e+01,1.899854e-01,4.274705e+01,9.171204e-01,-1.492902e+01
120.22644,8.420088e-01,-7.736213e+01,2.389353e-01,7.223441e+01,1.992490e-01,3.961789e+01,9.136920e-01,-1.614105e+01
131.82567,8.267332e-01,-8.241537e+01,2.432986e-01,6.670756e+01,2.080381e-01,3.643980e+01,9.102862e-01,-1.744327e+01
144.54398,8.114191e-01,-8.751999e+01,2.474344e-01,6.125365e+01,2.162492e-01,3.323095e+01,9.069732e-01,-1.884527e+01
158.48932,7.963209e-01,-9.263642e+01,2.512665e-01,5.589830e+01,2.237959e-01,3.000844e+01,9.038219e-01,-2.035812e+01
173.78008,7.816813e-01,-9.772456e+01,2.547284e-01,5.066226e+01,2.306112e-01,2.678746e+01,9.008966e-01,-2.199430e+01
190.54607,7.677166e-01,-1.027452e+02,2.577653e-01,4.556105e+01,2.366478e-01,2.358066e+01,8.982541e-01,-2.376743e+01
208.92961,7.546064e-01,-1.076613e+02,2.603334e-01,4.060485e+01,2.418765e-01,2.039772e+01,8.959421e-01,-2.569198e+01
229.08677,7.424868e-01,-1.124393e+02,2.623989e-01,3.579874e+01,2.462836e-01,1.724515e+01,8.939992e-01,-2.778292e+01
251.18864,7.314489e-01,-1.170500e+02,2.639357e-01,3.114313e+01,2.498673e-01,1.412635e+01,8.924550e-01,-3.005531e+01
275.42287,7.215405e-01,-1.214693e+02,2.649230e-01,2.663440e+01,2.526329e-01,1.104188e+01,8.913316e-01,-3.252384e+01
301.99517,7.127714e-01,-1.256783e+02,2.653426e-01,2.226569e+01,2.545894e-01,7.989903e+00,8.906453e-01,-3.520236e+01
331.13112,7.051203e-01,-1.296636e+02,2.651765e-01,1.802771e+01,2.557461e-01,4.966744e+00,8.904081e-01,-3.810333e+01
363.07805,6.985423e-01,-1.334171e+02,2.644054e-01,1.390966e+01,2.561099e-01,1.967531e+00,8.906290e-01,-4.123729e+01
398.10717,6.929762e-01,-1.369353e+02,2.630076e-01,9.900087e+00,2.556835e-01,-1.013104e+00,8.913143e-01,-4.461214e+01
436.51583,6.883503e-01,-1.402190e+02,2.609591e-01,5.987778e+00,2.544656e-01,-3.980305e+00,8.924680e-01,-4.823254e+01
478.63009,6.845878e-01,-1.432726e+02,2.582342e-01,2.162565e+00,2.524510e-01,-6.938267e+00,8.940908e-01,-5.209909e+01
524.80746,6.816104e-01,-1.461035e+02,2.548075e-01,-1.583886e+00,2.496327e-01,-9.889553e+00,8.961783e-01,-5.620765e+01
575.43994,6.793399e-01,-1.487212e+02,2.506566e-01,-5.257392e+00,2.460043e-01,-1.283445e+01,8.987196e-01,-6.054863e+01
630.95734,6.777000e-01,-1.511369e+02,2.457654e-01,-8.860670e+00,2.415637e-01,-1.577043e+01,9.016944e-01,-6.510649e+01
691.83097,6.766166e-01,-1.533630e+02,2.401281e-01,-1.239291e+01,2.363172e-01,-1.869175e+01,9.050716e-01,-6.985946e+01
758.57758,6.760173e-01,-1.554124e+02,2.337527e-01,-1.584953e+01,2.302834e-01,-2.158918e+01,9.088074e-01,-7.477955e+01
831.76377,6.758320e-01,-1.572979e+02,2.266654e-01,-1.922217e+01,2.234968e-01,-2.445005e+01,9.128447e-01,-7.983302e+01
912.01084,6.759922e-01,-1.590322e+02,2.189119e-01,-2.249891e+01,2.160106e-01,-2.725843e+01,9.171148e-01,-8.498125e+01
1000.00000,6.764322e-01,-1.606272e+02,2.105591e-01,-2.566480e+01,2.078975e-01,-2.999564e+01,9.215391e-01,-9.018203e+01
1096.47820,6.770892e-01,-1.620941e+02,2.016941e-01,-2.870252e+01,1.992493e-01,-3.264093e+01,9.260333e-01,-9.539119e+01
1202.26443,6.779049e-01,-1.634429e+02,1.924208e-01,-3.159331e+01,1.901738e-01,-3.517237e+01,9.305125e-01,-1.005644e+02
1318.25674,6.788264e-01,-1.646824e+02,1.828562e-01,-3.431788e+01,1.807908e-01,-3.756776e+01,9.348955e-01,-1.056590e+02
1445.43977,6.798078e-01,-1.658206e+02,1.731240e-01,-3.685741e+01,1.712262e-01,-3.980560e+01,9.391102e-01,-1.106356e+02
1584.89319,6.808108e-01,-1.668643e+02,1.633486e-01,-3.919438e+01,1.616063e-01,-4.186592e+01,9.430967e-01,-1.154594e+02
1737.80083,6.818051e-01,-1.678194e+02,1.536496e-01,-4.131327e+01,1.520519e-01,-4.373096e+01,9.468100e-01,-1.201014e+02
1905.46072,6.827687e-01,-1.686911e+02,1.441363e-01,-4.320106e+01,1.426733e-01,-4.538566e+01,9.502200e-01,-1.245385e+02
2089.29613,6.836869e-01,-1.694840e+02,1.349045e-01,-4.484755e+01,1.335670e-01,-4.681796e+01,9.533113e-01,-1.287536e+02
2290.86765,6.845519e-01,-1.702023e+02,1.260339e-01,-4.624551e+01,1.248134e-01,-4.801896e+01,9.560812e-01,-1.327359e+02
2511.88643,6.853617e-01,-1.708496e+02,1.175877e-01,-4.739070e+01,1.164762e-01,-4.898292e+01,9.585375e-01,-1.364796e+02
2754.22870,6.861192e-01,-1.714293e+02,1.096123e-01,-4.828188e+01,1.086023e-01,-4.970726e+01,9.606957e-01,-1.399835e+02
3019.95172,6.868307e-01,-1.719447e+02,1.021394e-01,-4.892071e+01,1.012237e-01,-5.019245e+01,9.625770e-01,-1.432505e+02
3311.31121,6.875059e-01,-1.723986e+02,9.518665e-02,-4.931178e+01,9.435871e-02,-5.044207e+01,9.642055e-01,-1.462865e+02
3630.78055,6.881567e-01,-1.727935e+02,8.876045e-02,-4.946263e+01,8.801387e-02,-5.046275e+01,9.656068e-01,-1.490995e+02
3981.07171,6.887968e-01,-1.731320e+02,8.285743e-02,-4.938382e+01,8.218623e-02,-5.026431e+01,9.668066e-01,-1.516995e+02
4365.15832,6.894419e-01,-1.734163e+02,7.746651e-02,-4.908902e+01,7.686503e-02,-4.985982e+01,9.678294e-01,-1.540975e+02
4786.30092,6.901090e-01,-1.736482e+02,7.257046e-02,-4.859517e+01,7.203334e-02,-4.926569e+01,9.686984e-01,-1.563053e+02
5248.07460,6.908172e-01,-1.738295e+02,6.814733e-02,-4.792251e+01,6.766948e-02,-4.850174e+01,9.694346e-01,-1.583346e+02
5754.39937,6.915874e-01,-1.739617e+02,6.417160e-02,-4.709455e+01,6.374819e-02,-4.759113e+01,9.700572e-01,-1.601976e+02
6309.57344,6.924430e-01,-1.740462e+02,6.061517e-02,-4.613785e+01,6.024156e-02,-4.656012e+01,9.705829e-01,-1.619059e+02
6918.30971,6.934101e-01,-1.740840e+02,5.744805e-02,-4.508169e+01,5.711984e-02,-4.543766e+01,9.710266e-01,-1.634709e+02
7585.77575,6.945182e-01,-1.740762e+02,5.463908e-02,-4.395745e+01,5.435206e-02,-4.425480e+01,9.714011e-01,-1.649035e+02
8317.63771,6.958007e-01,-1.740238e+02,5.215643e-02,-4.279782e+01,5.190661e-02,-4.304389e+01,9.717179e-01,-1.662140e+02
9120.10839,6.972956e-01,-1.739277e+02,4.996809e-02,-4.163598e+01,4.975166e-02,-4.183766e+01,9.719864e-01,-1.674121e+02
10000.00000,6.990458e-01,-1.737890e+02,4.804227e-02,-4.050458e+01,4.785563e-02,-4.066827e+01,9.722150e-01,-1.685068e+02
