! ! 
! S ! 
! ! 
! # MHz  S  MA  R  50.00000
! ! ===================================================================
1.00000,9.928853e-01,-7.580167e-01,1.040799e-01,1.781961e+02,2.342708e-03,8.949296e+01,9.510947e-01,-1.468090e-01
1.09648,9.928816e-01,-8.311459e-01,1.040846e-01,1.780220e+02,2.568712e-03,8.944401e+01,9.510939e-01,-1.609705e-01
1.20226,9.928772e-01,-9.113296e-01,1.040902e-01,1.778312e+02,2.816514e-03,8.939034e+01,9.510928e-01,-1.764983e-01
1.31826,9.928719e-01,-9.992481e-01,1.040970e-01,1.776220e+02,3.088217e-03,8.933149e+01,9.510916e-01,-1.935241e-01
1.44544,9.928655e-01,-1.095647e+00,1.041052e-01,1.773926e+02,3.386123e-03,8.926697e+01,9.510901e-01,-2.121925e-01
1.58489,9.928579e-01,-1.201345e+00,1.041151e-01,1.771412e+02,3.712759e-03,8.919623e+01,9.510883e-01,-2.326617e-01
1.73780,9.928487e-01,-1.317237e+00,1.041269e-01,1.768655e+02,4.070892e-03,8.911867e+01,9.510862e-01,-2.551055e-01
1.90546,9.928376e-01,-1.444307e+00,1.041411e-01,1.765634e+02,4.463556e-03,8.903363e+01,9.510836e-01,-2.797141e-01
2.08930,9.928243e-01,-1.583632e+00,1.041581e-01,1.762321e+02,4.894074e-03,8.894039e+01,9.510805e-01,-3.066963e-01
2.29087,9.928083e-01,-1.736392e+00,1.041787e-01,1.758690e+02,5.366091e-03,8.883817e+01,9.510768e-01,-3.362807e-01
2.51189,9.927891e-01,-1.903882e+00,1.042033e-01,1.754711e+02,5.883599e-03,8.872608e+01,9.510723e-01,-3.687182e-01
2.75423,9.927660e-01,-2.087521e+00,1.042329e-01,1.750349e+02,6.450969e-03,8.860320e+01,9.510669e-01,-4.042835e-01
3.01995,9.927383e-01,-2.288863e+00,1.042686e-01,1.745569e+02,7.072994e-03,8.846847e+01,9.510605e-01,-4.432779e-01
3.31131,9.927049e-01,-2.509611e+00,1.043113e-01,1.740332e+02,7.754917e-03,8.832076e+01,9.510527e-01,-4.860314e-01
3.63078,9.926648e-01,-2.751632e+00,1.043627e-01,1.734594e+02,8.502483e-03,8.815882e+01,9.510434e-01,-5.329058e-01
3.98107,9.926166e-01,-3.016970e+00,1.044245e-01,1.728307e+02,9.321978e-03,8.798128e+01,9.510321e-01,-5.842974e-01
4.36516,9.925586e-01,-3.307865e+00,1.044987e-01,1.721423e+02,1.022028e-02,8.778664e+01,9.510186e-01,-6.406403e-01
4.78630,9.924890e-01,-3.626769e+00,1.045877e-01,1.713884e+02,1.120491e-02,8.757328e+01,9.510024e-01,-7.024101e-01
5.24807,9.924053e-01,-3.976366e+00,1.046946e-01,1.705631e+02,1.228408e-02,8.733938e+01,9.509829e-01,-7.701274e-01
5.75440,9.923048e-01,-4.359594e+00,1.048229e-01,1.696599e+02,1.346679e-02,8.708300e+01,9.509595e-01,-8.443622e-01
6.30957,9.921840e-01,-4.779667e+00,1.049768e-01,1.686718e+02,1.476282e-02,8.680198e+01,9.509314e-01,-9.257383e-01
6.91831,9.920389e-01,-5.240098e+00,1.051614e-01,1.675915e+02,1.618287e-02,8.649398e+01,9.508976e-01,-1.014938e+00
7.58578,9.918646e-01,-5.744727e+00,1.053826e-01,1.664108e+02,1.773859e-02,8.615645e+01,9.508571e-01,-1.112708e+00
8.31764,9.916552e-01,-6.297749e+00,1.056476e-01,1.651213e+02,1.944262e-02,8.578657e+01,9.508084e-01,-1.219863e+00
9.12011,9.914039e-01,-6.903738e+00,1.059647e-01,1.637141e+02,2.130873e-02,8.538132e+01,9.507499e-01,-1.337295e+00
10.00000,9.911023e-01,-7.567683e+00,1.063441e-01,1.621798e+02,2.335182e-02,8.493736e+01,9.506797e-01,-1.465974e+00
10.96478,9.907405e-01,-8.295015e+00,1.067972e-01,1.605088e+02,2.558800e-02,8.445109e+01,9.505956e-01,-1.606961e+00
12.02264,9.903064e-01,-9.091638e+00,1.073379e-01,1.586910e+02,2.803463e-02,8.391860e+01,9.504947e-01,-1.761409e+00
13.18257,9.897862e-01,-9.963960e+00,1.079822e-01,1.567167e+02,3.071037e-02,8.333563e+01,9.503738e-01,-1.930572e+00
14.45440,9.891629e-01,-1.091892e+01,1.087486e-01,1.545759e+02,3.363514e-02,8.269761e+01,9.502291e-01,-2.115815e+00
15.84893,9.884167e-01,-1.196402e+01,1.096583e-01,1.522593e+02,3.683015e-02,8.199958e+01,9.500559e-01,-2.318611e+00
17.37801,9.875241e-01,-1.310732e+01,1.107357e-01,1.497583e+02,4.031776e-02,8.123625e+01,9.498489e-01,-2.540558e+00
19.05461,9.864574e-01,-1.435749e+01,1.120083e-01,1.470653e+02,4.412140e-02,8.040194e+01,9.496017e-01,-2.783377e+00
20.89296,9.851843e-01,-1.572378e+01,1.135064e-01,1.441741e+02,4.826531e-02,7.949063e+01,9.493070e-01,-3.048917e+00
22.90868,9.836670e-01,-1.721600e+01,1.152639e-01,1.410806e+02,5.277422e-02,7.849596e+01,9.489562e-01,-3.339159e+00
25.11886,9.818617e-01,-1.884451e+01,1.173167e-01,1.377829e+02,5.767291e-02,7.741126e+01,9.485395e-01,-3.656215e+00
27.54229,9.797182e-01,-2.062014e+01,1.197033e-01,1.342818e+02,6.298556e-02,7.622965e+01,9.480456e-01,-4.002325e+00
30.19952,9.771791e-01,-2.255406e+01,1.224628e-01,1.305809e+02,6.873495e-02,7.494408e+01,9.474618e-01,-4.379853e+00
33.11311,9.741799e-01,-2.465769e+01,1.256342e-01,1.266870e+02,7.494142e-02,7.354745e+01,9.467740e-01,-4.791274e+00
36.30781,9.706494e-01,-2.694247e+01,1.292546e-01,1.226099e+02,8.162154e-02,7.203282e+01,9.459668e-01,-5.239168e+00
39.81072,9.665097e-01,-2.941959e+01,1.333566e-01,1.183622e+02,8.878657e-02,7.039353e+01,9.450237e-01,-5.726199e+00
43.65158,9.616780e-01,-3.209968e+01,1.379663e-01,1.139588e+02,9.644062e-02,6.862351e+01,9.439276e-01,-6.255101e+00
47.86301,9.560689e-01,-3.499237e+01,1.431004e-01,1.094166e+02,1.045786e-01,6.671756e+01,9.426617e-01,-6.828664e+00
52.48075,9.495980e-01,-3.810582e+01,1.487633e-01,1.047538e+02,1.131841e-01,6.467168e+01,9.412099e-01,-7.449722e+00
57.54399,9.421859e-01,-4.144613e+01,1.549447e-01,9.998936e+01,1.222271e-01,6.248345e+01,9.395585e-01,-8.121158e+00
63.09573,9.337651e-01,-4.501673e+01,1.616167e-01,9.514260e+01,1.316622e-01,6.015240e+01,9.376977e-01,-8.845924e+00
69.18310,9.242866e-01,-4.881769e+01,1.687326e-01,9.023280e+01,1.414273e-01,5.768041e+01,9.356230e-01,-9.627088e+00
75.85776,9.137278e-01,-5.284511e+01,1.762259e-01,8.527906e+01,1.514429e-01,5.507198e+01,9.333374e-01,-1.046792e+01
83.17638,9.021005e-01,-5.709052e+01,1.840114e-01,8.030027e+01,1.616128e-01,5.233447e+01,9.308525e-01,-1.137202e+01
91.20108,8.894577e-01,-6.154043e+01,1.919864e-01,7.531511e+01,1.718263e-01,4.947809e+01,9.281904e-01,-1.234346e+01
100.00000,8.758981e-01,-6.617604e+01,2.000352e-01,7.034204e+01,1.819615e-01,4.651584e+01,9.253834e-01,-1.338702e+01
109.64782,8.615671e-01,-7.097330e+01,2.080335e-01,6.539917e+01,1.918903e-01,4.346303e+01,9.224744e-01,-1.450837e+01
120.22644,8.466536e-01,-7.590317e+01,2.158544e-01,6.050408e+01,2.014845e-01,4.033678e+01,9.195149e-01,-1.571426e+01
131.82567,8.313819e-01,-8.093224e+01,2.233746e-01,5.567339e+01,2.106217e-01,3.715519e+01,9.165628e-01,-1.701275e+01
144.54398,8.160000e-01,-8.602367e+01,2.304807e-01,5.092230e+01,2.191910e-01,3.393648e+01,9.136793e-01,-1.841322e+01
158.48932,8.007640e-01,-9.113834e+01,2.370734e-01,4.626399e+01,2.270982e-01,3.069804e+01,9.109254e-01,-1.992647e+01
173.78008,7.859226e-01,-9.623619e+01,2.430709e-01,4.170916e+01,2.342679e-01,2.745561e+01,9.083589e-01,-2.156456e+01
190.54607,7.717018e-01,-1.012776e+02,2.484101e-01,3.726555e+01,2.406453e-01,2.422251e+01,9.060315e-01,-2.334067e+01
208.92961,7.582936e-01,-1.062249e+02,2.530459e-01,3.293768e+01,2.461946e-01,2.100922e+01,9.039876e-01,-2.526884e+01
229.08677,7.458476e-01,-1.110434e+02,2.569489e-01,2.872686e+01,2.508966e-01,1.782311e+01,9.022636e-01,-2.736361e+01
251.18864,7.344684e-01,-1.157026e+02,2.601025e-01,2.463126e+01,2.547452e-01,1.466841e+01,9.008879e-01,-2.963965e+01
275.42287,7.242163e-01,-1.201769e+02,2.624984e-01,2.064628e+01,2.577431e-01,1.154647e+01,8.998821e-01,-3.211133e+01
301.99517,7.151115e-01,-1.244459e+02,2.641335e-01,1.676501e+01,2.598976e-01,8.456129e+00,8.992627e-01,-3.479228e+01
331.13112,7.071411e-01,-1.284947e+02,2.650060e-01,1.297887e+01,2.612172e-01,5.394308e+00,8.990418e-01,-3.769483e+01
363.07805,7.002663e-01,-1.323138e+02,2.651134e-01,9.278224e+00,2.617086e-01,2.356600e+00,8.992285e-01,-4.082945e+01
398.10717,6.944295e-01,-1.358983e+02,2.644502e-01,5.653159e+00,2.613753e-01,-6.620010e-01,8.998296e-01,-4.420412e+01
436.51583,6.895612e-01,-1.392480e+02,2.630075e-01,2.094186e+00,2.602164e-01,-3.666378e+00,9.008493e-01,-4.782363e+01
478.63009,6.855851e-01,-1.423665e+02,2.607741e-01,-1.407013e+00,2.582278e-01,-6.660560e+00,9.022888e-01,-5.168879e+01
524.80746,6.824219e-01,-1.452603e+02,2.577374e-01,-4.856892e+00,2.554032e-01,-9.647014e+00,9.041448e-01,-5.579578e+01
575.43994,6.799923e-01,-1.479384e+02,2.538866e-01,-8.259398e+00,2.517374e-01,-1.262600e+01,9.064079e-01,-6.013535e+01
630.95734,6.782180e-01,-1.504118e+02,2.492160e-01,-1.161543e+01,2.472296e-01,-1.559500e+01,9.090603e-01,-6.469236e+01
691.83097,6.770223e-01,-1.526925e+02,2.437290e-01,-1.492244e+01,2.418872e-01,-1.854832e+01,9.120745e-01,-6.944543e+01
758.57758,6.763306e-01,-1.547932e+02,2.374422e-01,-1.817420e+01,2.357303e-01,-2.147685e+01,9.154116e-01,-7.436696e+01
831.76377,6.760702e-01,-1.567270e+02,2.303892e-01,-2.136078e+01,2.287954e-01,-2.436800e+01,9.190210e-01,-7.942355e+01
912.01084,6.761705e-01,-1.585064e+02,2.226231e-01,-2.446884e+01,2.211378e-01,-2.720599e+01,9.228411e-01,-8.457681e+01
1000.00000,6.765632e-01,-1.601435e+02,2.142173e-01,-2.748207e+01,2.128329e-01,-2.997227e+01,9.268017e-01,-8.978472e+01
1096.47820,6.771835e-01,-1.616495e+02,2.052652e-01,-3.038193e+01,2.039755e-01,-3.264624e+01,9.308275e-01,-9.500313e+01
1202.26443,6.779712e-01,-1.630346e+02,1.958769e-01,-3.314852e+01,1.946766e-01,-3.520613e+01,9.348419e-01,-1.001876e+02
1318.25674,6.788718e-01,-1.643078e+02,1.861750e-01,-3.576151e+01,1.850595e-01,-3.762989e+01,9.387723e-01,-1.052954e+02
1445.43977,6.798379e-01,-1.654772e+02,1.762885e-01,-3.820113e+01,1.752537e-01,-3.989617e+01,9.425536e-01,-1.102868e+02
1584.89319,6.808299e-01,-1.665497e+02,1.663468e-01,-4.044898e+01,1.653888e-01,-4.198515e+01,9.461318e-01,-1.151267e+02
1737.80083,6.818165e-01,-1.675314e+02,1.564737e-01,-4.248872e+01,1.555889e-01,-4.387917e+01,9.494660e-01,-1.197858e+02
1905.46072,6.827747e-01,-1.684277e+02,1.467825e-01,-4.430657e+01,1.459673e-01,-4.556328e+01,9.525291e-01,-1.242405e+02
2089.29613,6.836893e-01,-1.692433e+02,1.373722e-01,-4.589162e+01,1.366229e-01,-4.702548e+01,9.553068e-01,-1.284737e+02
2290.86765,6.845519e-01,-1.699824e+02,1.283251e-01,-4.723596e+01,1.276382e-01,-4.825687e+01,9.577964e-01,-1.324740e+02
2511.88643,6.853602e-01,-1.706489e+02,1.197064e-01,-4.833467e+01,1.190784e-01,-4.925170e+01,9.600047e-01,-1.362354e+02
2754.22870,6.861166e-01,-1.712463e+02,1.115645e-01,-4.918583e+01,1.109919e-01,-5.000724e+01,9.619456e-01,-1.397566e+02
3019.95172,6.868274e-01,-1.717779e+02,1.039320e-01,-4.979045e+01,1.034114e-01,-5.052381e+01,9.636377e-01,-1.430402e+02
3311.31121,6.875020e-01,-1.722467e+02,9.682750e-02,-5.015240e+01,9.635555e-02,-5.080469e+01,9.651028e-01,-1.460920e+02
3630.78055,6.881521e-01,-1.726554e+02,9.025790e-02,-5.027848e+01,8.983136e-02,-5.085617e+01,9.663637e-01,-1.489201e+02
3981.07171,6.887915e-01,-1.730065e+02,8.422016e-02,-5.017848e+01,8.383590e-02,-5.068760e+01,9.674434e-01,-1.515343e+02
4365.15832,6.894355e-01,-1.733023e+02,7.870328e-02,-4.986528e+01,7.835830e-02,-5.031149e+01,9.683640e-01,-1.539457e+02
4786.30092,6.901013e-01,-1.735449e+02,7.369002e-02,-4.935499e+01,7.338143e-02,-4.974364e+01,9.691464e-01,-1.561658e+02
5248.07460,6.908079e-01,-1.737360e+02,6.915833e-02,-4.866700e+01,6.888336e-02,-4.900321e+01,9.698094e-01,-1.582067e+02
5754.39937,6.915760e-01,-1.738772e+02,6.508252e-02,-4.782401e+01,6.483851e-02,-4.811269e+01,9.703702e-01,-1.600804e+02
6309.57344,6.924291e-01,-1.739699e+02,6.143424e-02,-4.685182e+01,6.121863e-02,-4.709770e+01,9.708439e-01,-1.617986e+02
6918.30971,6.933930e-01,-1.740154e+02,5.818327e-02,-4.577903e+01,5.799361e-02,-4.598666e+01,9.712440e-01,-1.633727e+02
7585.77575,6.944973e-01,-1.740147e+02,5.529817e-02,-4.463648e+01,5.513210e-02,-4.481023e+01,9.715820e-01,-1.648137e+02
8317.63771,6.957753e-01,-1.739687e+02,5.274677e-02,-4.345649e+01,5.260205e-02,-4.360053e+01,9.718680e-01,-1.661319e+02
9120.10839,6.972646e-01,-1.738786e+02,5.049673e-02,-4.227201e+01,5.037120e-02,-4.239029e+01,9.721109e-01,-1.673370e+02
10000.00000,6.990083e-01,-1.737454e+02,4.851586e-02,-4.111568e+01,4.840749e-02,-4.121185e+01,9.723181e-01,-1.684383e+02
