! ! 
! S ! 
! ! 
! # MHz  S  MA  R  50.00000
! ! ===================================================================
1.00000,9.928194e-01,-7.605987e-01,1.134396e-01,1.783001e+02,2.344410e-03,8.949142e+01,9.520402e-01,-1.476167e-01
1.09648,9.928157e-01,-8.339769e-01,1.134438e-01,1.781360e+02,2.570578e-03,8.944232e+01,9.520393e-01,-1.618562e-01
1.20226,9.928113e-01,-9.144337e-01,1.134489e-01,1.779562e+02,2.818560e-03,8.938848e+01,9.520382e-01,-1.774695e-01
1.31826,9.928060e-01,-1.002652e+00,1.134550e-01,1.777590e+02,3.090460e-03,8.932946e+01,9.520370e-01,-1.945890e-01
1.44544,9.927996e-01,-1.099379e+00,1.134623e-01,1.775429e+02,3.388583e-03,8.926474e+01,9.520355e-01,-2.133602e-01
1.58489,9.927919e-01,-1.205437e+00,1.134711e-01,1.773059e+02,3.715456e-03,8.919379e+01,9.520336e-01,-2.339421e-01
1.73780,9.927826e-01,-1.321724e+00,1.134816e-01,1.770461e+02,4.073848e-03,8.911599e+01,9.520314e-01,-2.565094e-01
1.90546,9.927715e-01,-1.449226e+00,1.134943e-01,1.767613e+02,4.466796e-03,8.903070e+01,9.520288e-01,-2.812534e-01
2.08930,9.927581e-01,-1.589025e+00,1.135096e-01,1.764491e+02,4.897627e-03,8.893717e+01,9.520256e-01,-3.083841e-01
2.29087,9.927420e-01,-1.742306e+00,1.135279e-01,1.761068e+02,5.369985e-03,8.883464e+01,9.520218e-01,-3.381313e-01
2.51189,9.927227e-01,-1.910366e+00,1.135500e-01,1.757317e+02,5.887867e-03,8.872222e+01,9.520172e-01,-3.707472e-01
2.75423,9.926994e-01,-2.094630e+00,1.135765e-01,1.753205e+02,6.455647e-03,8.859896e+01,9.520117e-01,-4.065081e-01
3.01995,9.926715e-01,-2.296657e+00,1.136083e-01,1.748698e+02,7.078120e-03,8.846382e+01,9.520051e-01,-4.457169e-01
3.31131,9.926379e-01,-2.518156e+00,1.136466e-01,1.743760e+02,7.760535e-03,8.831566e+01,9.519971e-01,-4.887054e-01
3.63078,9.925975e-01,-2.761001e+00,1.136925e-01,1.738348e+02,8.508638e-03,8.815323e+01,9.519875e-01,-5.358374e-01
3.98107,9.925490e-01,-3.027241e+00,1.137478e-01,1.732419e+02,9.328721e-03,8.797515e+01,9.519760e-01,-5.875113e-01
4.36516,9.924907e-01,-3.319126e+00,1.138141e-01,1.725924e+02,1.022766e-02,8.777993e+01,9.519622e-01,-6.441635e-01
4.78630,9.924206e-01,-3.639113e+00,1.138938e-01,1.718810e+02,1.121299e-02,8.756591e+01,9.519455e-01,-7.062722e-01
5.24807,9.923364e-01,-3.989898e+00,1.139894e-01,1.711021e+02,1.229294e-02,8.733131e+01,9.519255e-01,-7.743608e-01
5.75440,9.922352e-01,-4.374428e+00,1.141042e-01,1.702494e+02,1.347648e-02,8.707415e+01,9.519015e-01,-8.490023e-01
6.30957,9.921136e-01,-4.795926e+00,1.142420e-01,1.693162e+02,1.477342e-02,8.679229e+01,9.518727e-01,-9.308239e-01
6.91831,9.919676e-01,-5.257919e+00,1.144073e-01,1.682953e+02,1.619447e-02,8.648336e+01,9.518380e-01,-1.020511e+00
7.58578,9.917922e-01,-5.764258e+00,1.146054e-01,1.671791e+02,1.775126e-02,8.614481e+01,9.517964e-01,-1.118815e+00
8.31764,9.915815e-01,-6.319152e+00,1.148428e-01,1.659592e+02,1.945646e-02,8.577382e+01,9.517465e-01,-1.226554e+00
9.12011,9.913286e-01,-6.927190e+00,1.151271e-01,1.646269e+02,2.132384e-02,8.536735e+01,9.516865e-01,-1.344624e+00
10.00000,9.910251e-01,-7.593377e+00,1.154674e-01,1.631730e+02,2.336829e-02,8.492206e+01,9.516145e-01,-1.474002e+00
10.96478,9.906609e-01,-8.323159e+00,1.158741e-01,1.615878e+02,2.560594e-02,8.443434e+01,9.515282e-01,-1.615751e+00
12.02264,9.902242e-01,-9.122460e+00,1.163598e-01,1.598612e+02,2.805414e-02,8.390026e+01,9.514248e-01,-1.771031e+00
13.18257,9.897006e-01,-9.997707e+00,1.169391e-01,1.579832e+02,3.073155e-02,8.331556e+01,9.513008e-01,-1.941103e+00
14.45440,9.890734e-01,-1.095586e+01,1.176288e-01,1.559434e+02,3.365809e-02,8.267564e+01,9.511523e-01,-2.127334e+00
15.84893,9.883225e-01,-1.200444e+01,1.184487e-01,1.537317e+02,3.685495e-02,8.197556e+01,9.509747e-01,-2.331207e+00
17.37801,9.874244e-01,-1.315153e+01,1.194210e-01,1.513384e+02,4.034449e-02,8.121000e+01,9.507624e-01,-2.554324e+00
19.05461,9.863511e-01,-1.440582e+01,1.205714e-01,1.487545e+02,4.415010e-02,8.037326e+01,9.505089e-01,-2.798410e+00
20.89296,9.850703e-01,-1.577659e+01,1.219283e-01,1.459724e+02,4.829597e-02,7.945933e+01,9.502068e-01,-3.065322e+00
22.90868,9.835437e-01,-1.727366e+01,1.235235e-01,1.429856e+02,5.280681e-02,7.846183e+01,9.498471e-01,-3.357044e+00
25.11886,9.817276e-01,-1.890741e+01,1.253913e-01,1.397899e+02,5.770729e-02,7.737409e+01,9.494198e-01,-3.675692e+00
27.54229,9.795713e-01,-2.068868e+01,1.275686e-01,1.363834e+02,6.302153e-02,7.618921e+01,9.489134e-01,-4.023507e+00
30.19952,9.770174e-01,-2.262868e+01,1.300936e-01,1.327669e+02,6.877215e-02,7.490015e+01,9.483149e-01,-4.402854e+00
33.11311,9.740011e-01,-2.473880e+01,1.330048e-01,1.289443e+02,7.497935e-02,7.349982e+01,9.476099e-01,-4.816206e+00
36.30781,9.704509e-01,-2.703050e+01,1.363393e-01,1.249227e+02,8.165949e-02,7.198127e+01,9.467826e-01,-5.266135e+00
39.81072,9.662887e-01,-2.951496e+01,1.401308e-01,1.207125e+02,8.882359e-02,7.033788e+01,9.458162e-01,-5.755295e+00
43.65158,9.614316e-01,-3.220276e+01,1.444071e-01,1.163271e+02,9.647546e-02,6.856362e+01,9.446932e-01,-6.286405e+00
47.86301,9.557944e-01,-3.510350e+01,1.491876e-01,1.117823e+02,1.046096e-01,6.665330e+01,9.433964e-01,-6.862232e+00
52.48075,9.492924e-01,-3.822528e+01,1.544797e-01,1.070965e+02,1.132093e-01,6.460301e+01,9.419095e-01,-7.485584e+00
57.54399,9.418469e-01,-4.157410e+01,1.602769e-01,1.022893e+02,1.222441e-01,6.241037e+01,9.402187e-01,-8.159308e+00
63.09573,9.333908e-01,-4.515328e+01,1.665556e-01,9.738174e+01,1.316681e-01,6.007501e+01,9.383140e-01,-8.886318e+00
69.18310,9.238759e-01,-4.896277e+01,1.732733e-01,9.239537e+01,1.414187e-01,5.759890e+01,9.361911e-01,-9.669637e+00
75.85776,9.132809e-01,-5.299852e+01,1.803681e-01,8.735200e+01,1.514161e-01,5.498666e+01,9.338531e-01,-1.051249e+01
83.17638,9.016188e-01,-5.725187e+01,1.877587e-01,8.227346e+01,1.615637e-01,5.224574e+01,9.313123e-01,-1.141842e+01
91.20108,8.889442e-01,-6.170912e+01,1.953468e-01,7.718139e+01,1.717508e-01,4.938648e+01,9.285913e-01,-1.239148e+01
100.00000,8.753576e-01,-6.635132e+01,2.030201e-01,7.209708e+01,1.818554e-01,4.642197e+01,9.257236e-01,-1.343638e+01
109.64782,8.610058e-01,-7.115419e+01,2.106575e-01,6.704120e+01,1.917498e-01,4.336762e+01,9.227528e-01,-1.455879e+01
120.22644,8.460792e-01,-7.608853e+01,2.181351e-01,6.203351e+01,2.013062e-01,4.024059e+01,9.197318e-01,-1.576546e+01
131.82567,8.308033e-01,-8.112079e+01,2.253321e-01,5.709244e+01,2.104028e-01,3.705902e+01,9.167195e-01,-1.706443e+01
144.54398,8.154262e-01,-8.621401e+01,2.321367e-01,5.223460e+01,2.189298e-01,3.384113e+01,9.137782e-01,-1.846512e+01
158.48932,8.002042e-01,-9.132902e+01,2.384510e-01,4.747420e+01,2.267937e-01,3.060427e+01,9.109700e-01,-1.997836e+01
173.78008,7.853852e-01,-9.642574e+01,2.441940e-01,4.282263e+01,2.339203e-01,2.736409e+01,9.083532e-01,-2.161626e+01
190.54607,7.711942e-01,-1.014646e+02,2.493027e-01,3.828805e+01,2.402557e-01,2.413386e+01,9.059802e-01,-2.339206e+01
208.92961,7.578214e-01,-1.064080e+02,2.537318e-01,3.387519e+01,2.457650e-01,2.092395e+01,9.038958e-01,-2.531984e+01
229.08677,7.454151e-01,-1.112214e+02,2.574512e-01,2.958535e+01,2.504297e-01,1.774159e+01,9.021363e-01,-2.741420e+01
251.18864,7.340779e-01,-1.158745e+02,2.604431e-01,2.541658e+01,2.542441e-01,1.459093e+01,9.007302e-01,-2.968985e+01
275.42287,7.238684e-01,-1.203418e+02,2.626978e-01,2.136408e+01,2.572114e-01,1.147320e+01,8.996993e-01,-3.216122e+01
301.99517,7.148057e-01,-1.246032e+02,2.642107e-01,1.742066e+01,2.593391e-01,8.387171e+00,8.990594e-01,-3.484194e+01
331.13112,7.068758e-01,-1.286439e+02,2.649784e-01,1.357742e+01,2.606357e-01,5.329673e+00,8.988226e-01,-3.774437e+01
363.07805,7.000388e-01,-1.324545e+02,2.649966e-01,9.824432e+00,2.611080e-01,2.296247e+00,8.989977e-01,-4.087900e+01
398.10717,6.942368e-01,-1.360306e+02,2.642581e-01,6.151434e+00,2.607594e-01,-7.181562e-01,8.995913e-01,-4.425379e+01
436.51583,6.893999e-01,-1.393719e+02,2.627528e-01,2.548628e+00,2.595889e-01,-3.718446e+00,9.006072e-01,-4.787351e+01
478.63009,6.854518e-01,-1.424820e+02,2.604678e-01,-9.926048e-01,2.575922e-01,-6.708661e+00,9.020463e-01,-5.173897e+01
524.80746,6.823132e-01,-1.453677e+02,2.573894e-01,-4.479003e+00,2.547631e-01,-9.691271e+00,9.039051e-01,-5.584628e+01
575.43994,6.799049e-01,-1.480381e+02,2.535057e-01,-7.914776e+00,2.510961e-01,-1.266652e+01,9.061738e-01,-6.018617e+01
630.95734,6.781488e-01,-1.505041e+02,2.488099e-01,-1.130107e+01,2.465904e-01,-1.563188e+01,9.088345e-01,-6.474345e+01
691.83097,6.769685e-01,-1.527778e+02,2.433047e-01,-1.463555e+01,2.412532e-01,-1.858164e+01,9.118592e-01,-6.949669e+01
758.57758,6.762897e-01,-1.548720e+02,2.370060e-01,-1.791219e+01,2.351048e-01,-2.150663e+01,9.152086e-01,-7.441823e+01
831.76377,6.760399e-01,-1.567996e+02,2.299467e-01,-2.112126e+01,2.281813e-01,-2.439426e+01,9.188316e-01,-7.947462e+01
912.01084,6.761487e-01,-1.585733e+02,2.221792e-01,-2.424958e+01,2.205381e-01,-2.722869e+01,9.226664e-01,-8.462746e+01
1000.00000,6.765482e-01,-1.602051e+02,2.137766e-01,-2.728100e+01,2.122503e-01,-2.999136e+01,9.266423e-01,-8.983468e+01
1096.47820,6.771739e-01,-1.617061e+02,2.048316e-01,-3.019713e+01,2.034123e-01,-3.266164e+01,9.306834e-01,-9.505212e+01
1202.26443,6.779656e-01,-1.630866e+02,1.954540e-01,-3.297820e+01,1.941352e-01,-3.521773e+01,9.347130e-01,-1.002354e+02
1318.25674,6.788692e-01,-1.643556e+02,1.857656e-01,-3.560403e+01,1.845418e-01,-3.763759e+01,9.386580e-01,-1.053417e+02
1445.43977,6.798373e-01,-1.655211e+02,1.758951e-01,-3.805496e+01,1.747612e-01,-3.989984e+01,9.424531e-01,-1.103313e+02
1584.89319,6.808307e-01,-1.665899e+02,1.659713e-01,-4.031272e+01,1.649227e-01,-4.198465e+01,9.460441e-01,-1.151694e+02
1737.80083,6.818181e-01,-1.675683e+02,1.561175e-01,-4.236108e+01,1.551500e-01,-4.387437e+01,9.493901e-01,-1.198264e+02
1905.46072,6.827768e-01,-1.684615e+02,1.464466e-01,-4.418637e+01,1.455558e-01,-4.555406e+01,9.524637e-01,-1.242790e+02
2089.29613,6.836916e-01,-1.692742e+02,1.370571e-01,-4.577779e+01,1.362389e-01,-4.701172e+01,9.552508e-01,-1.285099e+02
2290.86765,6.845542e-01,-1.700106e+02,1.280310e-01,-4.712752e+01,1.272814e-01,-4.823848e+01,9.577487e-01,-1.325080e+02
2511.88643,6.853623e-01,-1.706747e+02,1.194332e-01,-4.823074e+01,1.187482e-01,-4.922859e+01,9.599643e-01,-1.362671e+02
2754.22870,6.861185e-01,-1.712699e+02,1.113117e-01,-4.908564e+01,1.106875e-01,-4.997937e+01,9.619114e-01,-1.397861e+02
3019.95172,6.868291e-01,-1.717994e+02,1.036990e-01,-4.969330e+01,1.031316e-01,-5.049116e+01,9.636089e-01,-1.430676e+02
3311.31121,6.875035e-01,-1.722663e+02,9.661362e-02,-5.005770e+01,9.609942e-02,-5.076730e+01,9.650785e-01,-1.461174e+02
3630.78055,6.881534e-01,-1.726732e+02,9.006221e-02,-5.018574e+01,8.959762e-02,-5.081411e+01,9.663434e-01,-1.489436e+02
3981.07171,6.887926e-01,-1.730227e+02,8.404169e-02,-5.008730e+01,8.362326e-02,-5.064101e+01,9.674264e-01,-1.515559e+02
4365.15832,6.894366e-01,-1.733170e+02,7.854101e-02,-4.977538e+01,7.816544e-02,-5.026059e+01,9.683498e-01,-1.539656e+02
4786.30092,6.901024e-01,-1.735582e+02,7.354291e-02,-4.926619e+01,7.320704e-02,-4.968874e+01,9.691346e-01,-1.561841e+02
5248.07460,6.908090e-01,-1.737480e+02,6.902533e-02,-4.857922e+01,6.872611e-02,-4.894469e+01,9.697996e-01,-1.582235e+02
5754.39937,6.915773e-01,-1.738881e+02,6.496259e-02,-4.773728e+01,6.469710e-02,-4.805102e+01,9.703620e-01,-1.600958e+02
6309.57344,6.924306e-01,-1.739797e+02,6.132634e-02,-4.676628e+01,6.109180e-02,-4.703345e+01,9.708372e-01,-1.618127e+02
6918.30971,6.933949e-01,-1.740242e+02,5.808639e-02,-4.569490e+01,5.788011e-02,-4.592045e+01,9.712384e-01,-1.633856e+02
7585.77575,6.944997e-01,-1.740225e+02,5.521131e-02,-4.455403e+01,5.503072e-02,-4.474274e+01,9.715774e-01,-1.648255e+02
8317.63771,6.957782e-01,-1.739758e+02,5.266898e-02,-4.337605e+01,5.251163e-02,-4.353247e+01,9.718643e-01,-1.661427e+02
9120.10839,6.972683e-01,-1.738849e+02,5.042710e-02,-4.219396e+01,5.029063e-02,-4.232236e+01,9.721079e-01,-1.673469e+02
10000.00000,6.990128e-01,-1.737509e+02,4.845352e-02,-4.104036e+01,4.833573e-02,-4.114474e+01,9.723157e-01,-1.684473e+02
