! ! 
! S ! 
! ! 
! # MHz  S  MA  R  50.00000
! ! ===================================================================
1.00000,9.927976e-01,-7.610727e-01,1.151688e-01,1.783182e+02,2.343197e-03,8.949119e+01,9.510818e-01,-1.477665e-01
1.09648,9.927939e-01,-8.344967e-01,1.151729e-01,1.781559e+02,2.569247e-03,8.944206e+01,9.510809e-01,-1.620203e-01
1.20226,9.927895e-01,-9.150036e-01,1.151779e-01,1.779780e+02,2.817101e-03,8.938820e+01,9.510798e-01,-1.776494e-01
1.31826,9.927842e-01,-1.003277e+00,1.151838e-01,1.777830e+02,3.088860e-03,8.932915e+01,9.510786e-01,-1.947862e-01
1.44544,9.927778e-01,-1.100064e+00,1.151910e-01,1.775691e+02,3.386829e-03,8.926440e+01,9.510770e-01,-2.135763e-01
1.58489,9.927701e-01,-1.206188e+00,1.151996e-01,1.773347e+02,3.713533e-03,8.919342e+01,9.510752e-01,-2.341790e-01
1.73780,9.927608e-01,-1.322547e+00,1.152099e-01,1.770776e+02,4.071740e-03,8.911558e+01,9.510730e-01,-2.567691e-01
1.90546,9.927496e-01,-1.450129e+00,1.152223e-01,1.767958e+02,4.464484e-03,8.903025e+01,9.510703e-01,-2.815382e-01
2.08930,9.927363e-01,-1.590016e+00,1.152373e-01,1.764869e+02,4.895091e-03,8.893668e+01,9.510672e-01,-3.086962e-01
2.29087,9.927202e-01,-1.743391e+00,1.152552e-01,1.761483e+02,5.367205e-03,8.883410e+01,9.510633e-01,-3.384735e-01
2.51189,9.927008e-01,-1.911557e+00,1.152768e-01,1.757772e+02,5.884818e-03,8.872162e+01,9.510587e-01,-3.711224e-01
2.75423,9.926775e-01,-2.095935e+00,1.153027e-01,1.753703e+02,6.452304e-03,8.859831e+01,9.510532e-01,-4.069194e-01
3.01995,9.926496e-01,-2.298088e+00,1.153339e-01,1.749245e+02,7.074455e-03,8.846311e+01,9.510465e-01,-4.461678e-01
3.31131,9.926159e-01,-2.519725e+00,1.153713e-01,1.744358e+02,7.756515e-03,8.831488e+01,9.510385e-01,-4.891998e-01
3.63078,9.925755e-01,-2.762721e+00,1.154163e-01,1.739004e+02,8.504231e-03,8.815237e+01,9.510289e-01,-5.363793e-01
3.98107,9.925270e-01,-3.029127e+00,1.154703e-01,1.733137e+02,9.323887e-03,8.797421e+01,9.510174e-01,-5.881054e-01
4.36516,9.924686e-01,-3.321193e+00,1.155352e-01,1.726710e+02,1.022236e-02,8.777889e+01,9.510035e-01,-6.448148e-01
4.78630,9.923984e-01,-3.641380e+00,1.156132e-01,1.719671e+02,1.120718e-02,8.756478e+01,9.509868e-01,-7.069861e-01
5.24807,9.923141e-01,-3.992383e+00,1.157068e-01,1.711962e+02,1.228656e-02,8.733007e+01,9.509668e-01,-7.751433e-01
5.75440,9.922128e-01,-4.377151e+00,1.158191e-01,1.703524e+02,1.346949e-02,8.707279e+01,9.509427e-01,-8.498600e-01
6.30957,9.920911e-01,-4.798911e+00,1.159539e-01,1.694288e+02,1.476576e-02,8.679080e+01,9.509137e-01,-9.317639e-01
6.91831,9.919449e-01,-5.261191e+00,1.161157e-01,1.684184e+02,1.618606e-02,8.648173e+01,9.508790e-01,-1.021542e+00
7.58578,9.917693e-01,-5.767844e+00,1.163096e-01,1.673135e+02,1.774203e-02,8.614301e+01,9.508372e-01,-1.119944e+00
8.31764,9.915585e-01,-6.323081e+00,1.165420e-01,1.661058e+02,1.944635e-02,8.577186e+01,9.507871e-01,-1.227791e+00
9.12011,9.913053e-01,-6.931496e+00,1.168203e-01,1.647867e+02,2.131274e-02,8.536520e+01,9.507270e-01,-1.345979e+00
10.00000,9.910015e-01,-7.598094e+00,1.171534e-01,1.633470e+02,2.335611e-02,8.491970e+01,9.506548e-01,-1.475486e+00
10.96478,9.906370e-01,-8.328327e+00,1.175516e-01,1.617770e+02,2.559257e-02,8.443176e+01,9.505682e-01,-1.617376e+00
12.02264,9.901998e-01,-9.128120e+00,1.180272e-01,1.600667e+02,2.803947e-02,8.389743e+01,9.504644e-01,-1.772810e+00
13.18257,9.896757e-01,-1.000390e+01,1.185944e-01,1.582058e+02,3.071545e-02,8.331247e+01,9.503401e-01,-1.943050e+00
14.45440,9.890478e-01,-1.096264e+01,1.192701e-01,1.561841e+02,3.364041e-02,8.267226e+01,9.501912e-01,-2.129464e+00
15.84893,9.882962e-01,-1.201186e+01,1.200733e-01,1.539913e+02,3.683554e-02,8.197187e+01,9.500130e-01,-2.333536e+00
17.37801,9.873972e-01,-1.315965e+01,1.210261e-01,1.516175e+02,4.032317e-02,8.120596e+01,9.498001e-01,-2.556869e+00
19.05461,9.863229e-01,-1.441470e+01,1.221537e-01,1.490536e+02,4.412667e-02,8.036886e+01,9.495458e-01,-2.801190e+00
20.89296,9.850407e-01,-1.578629e+01,1.234843e-01,1.462916e+02,4.827022e-02,7.945453e+01,9.492427e-01,-3.068356e+00
22.90868,9.835127e-01,-1.728425e+01,1.250490e-01,1.433247e+02,5.277848e-02,7.845659e+01,9.488820e-01,-3.360352e+00
25.11886,9.816949e-01,-1.891897e+01,1.268820e-01,1.401483e+02,5.767613e-02,7.736839e+01,9.484534e-01,-3.679295e+00
27.54229,9.795366e-01,-2.070128e+01,1.290196e-01,1.367600e+02,6.298722e-02,7.618302e+01,9.479455e-01,-4.027427e+00
30.19952,9.769803e-01,-2.264239e+01,1.314999e-01,1.331602e+02,6.873436e-02,7.489343e+01,9.473453e-01,-4.407111e+00
33.11311,9.739613e-01,-2.475371e+01,1.343611e-01,1.293521e+02,7.493770e-02,7.349255e+01,9.466382e-01,-4.820822e+00
36.30781,9.704079e-01,-2.704669e+01,1.376403e-01,1.253425e+02,8.161355e-02,7.197342e+01,9.458084e-01,-5.271129e+00
39.81072,9.662422e-01,-2.953249e+01,1.413713e-01,1.211412e+02,8.877288e-02,7.032943e+01,9.448392e-01,-5.760685e+00
43.65158,9.613812e-01,-3.222172e+01,1.455822e-01,1.167611e+02,9.641945e-02,6.855454e+01,9.437130e-01,-6.292206e+00
47.86301,9.557395e-01,-3.512395e+01,1.502926e-01,1.122181e+02,1.045478e-01,6.664360e+01,9.424126e-01,-6.868456e+00
52.48075,9.492327e-01,-3.824727e+01,1.555108e-01,1.075303e+02,1.131409e-01,6.459268e+01,9.409216e-01,-7.492238e+00
57.54399,9.417821e-01,-4.159766e+01,1.612307e-01,1.027174e+02,1.221684e-01,6.239943e+01,9.392263e-01,-8.166392e+00
63.09573,9.333206e-01,-4.517844e+01,1.674296e-01,9.780069e+01,1.315845e-01,6.006350e+01,9.373166e-01,-8.893825e+00
69.18310,9.238003e-01,-4.898953e+01,1.740661e-01,9.280205e+01,1.413264e-01,5.758687e+01,9.351883e-01,-9.677553e+00
75.85776,9.131999e-01,-5.302683e+01,1.810789e-01,8.774376e+01,1.513142e-01,5.497417e+01,9.328447e-01,-1.052079e+01
83.17638,9.015329e-01,-5.728167e+01,1.883879e-01,8.264818e+01,1.614516e-01,5.223289e+01,9.302980e-01,-1.142708e+01
91.20108,8.888541e-01,-6.174032e+01,1.958956e-01,7.753750e+01,1.716276e-01,4.937339e+01,9.275711e-01,-1.240045e+01
100.00000,8.752641e-01,-6.638377e+01,2.034905e-01,7.243353e+01,1.817206e-01,4.640876e+01,9.246975e-01,-1.344563e+01
109.64782,8.609102e-01,-7.118773e+01,2.110524e-01,6.735744e+01,1.916028e-01,4.335444e+01,9.217211e-01,-1.456825e+01
120.22644,8.459828e-01,-7.612295e+01,2.184581e-01,6.232944e+01,2.011467e-01,4.022761e+01,9.186950e-01,-1.577509e+01
131.82567,8.307077e-01,-8.115587e+01,2.255873e-01,5.736833e+01,2.102308e-01,3.704641e+01,9.156784e-01,-1.707418e+01
144.54398,8.153332e-01,-8.624950e+01,2.323288e-01,5.249100e+01,2.187453e-01,3.382906e+01,9.127336e-01,-1.847494e+01
158.48932,8.001152e-01,-9.136465e+01,2.385849e-01,4.771190e+01,2.265972e-01,3.059289e+01,9.099230e-01,-1.998821e+01
173.78008,7.853016e-01,-9.646124e+01,2.442749e-01,4.304257e+01,2.337124e-01,2.735358e+01,9.073052e-01,-2.162611e+01
190.54607,7.711172e-01,-1.014997e+02,2.493360e-01,3.849127e+01,2.400373e-01,2.412435e+01,9.049327e-01,-2.340189e+01
208.92961,7.577520e-01,-1.064425e+02,2.537227e-01,3.406280e+01,2.455370e-01,2.091555e+01,9.028504e-01,-2.532964e+01
229.08677,7.453537e-01,-1.112551e+02,2.574050e-01,2.975846e+01,2.501933e-01,1.773443e+01,9.010949e-01,-2.742396e+01
251.18864,7.340247e-01,-1.159071e+02,2.603646e-01,2.557632e+01,2.540008e-01,1.458509e+01,8.996948e-01,-2.969957e+01
275.42287,7.238234e-01,-1.203732e+02,2.625920e-01,2.151152e+01,2.569625e-01,1.146875e+01,8.986721e-01,-3.217091e+01
301.99517,7.147686e-01,-1.246333e+02,2.640819e-01,1.755685e+01,2.590860e-01,8.384163e+00,8.980428e-01,-3.485162e+01
331.13112,7.068459e-01,-1.286726e+02,2.648308e-01,1.370335e+01,2.603800e-01,5.328146e+00,8.978193e-01,-3.775405e+01
363.07805,7.000155e-01,-1.324818e+02,2.648340e-01,9.941009e+00,2.608512e-01,2.296222e+00,8.980106e-01,-4.088869e+01
398.10717,6.942193e-01,-1.360563e+02,2.640841e-01,6.259529e+00,2.605030e-01,-7.166703e-01,8.986235e-01,-4.426351e+01
436.51583,6.893874e-01,-1.393961e+02,2.625707e-01,2.649037e+00,2.593344e-01,-3.715454e+00,8.996620e-01,-4.788325e+01
478.63009,6.854433e-01,-1.425048e+02,2.602805e-01,-8.991566e-01,2.573412e-01,-6.704184e+00,9.011274e-01,-5.174874e+01
524.80746,6.823080e-01,-1.453891e+02,2.571997e-01,-4.391854e+00,2.545169e-01,-9.685342e+00,9.030161e-01,-5.585606e+01
575.43994,6.799022e-01,-1.480581e+02,2.533161e-01,-7.833332e+00,2.508563e-01,-1.265919e+01,9.053185e-01,-6.019595e+01
630.95734,6.781479e-01,-1.505227e+02,2.486226e-01,-1.122480e+01,2.463582e-01,-1.562321e+01,9.080166e-01,-6.475319e+01
691.83097,6.769689e-01,-1.527951e+02,2.431216e-01,-1.456399e+01,2.410299e-01,-1.857170e+01,9.110823e-01,-6.950635e+01
758.57758,6.762908e-01,-1.548881e+02,2.368289e-01,-1.784492e+01,2.348914e-01,-2.149553e+01,9.144759e-01,-7.442777e+01
831.76377,6.760414e-01,-1.568146e+02,2.297769e-01,-2.105793e+01,2.279787e-01,-2.438209e+01,9.181459e-01,-7.948399e+01
912.01084,6.761502e-01,-1.585871e+02,2.220179e-01,-2.418989e+01,2.203470e-01,-2.721558e+01,9.220298e-01,-8.463660e+01
1000.00000,6.765496e-01,-1.602178e+02,2.136246e-01,-2.722469e+01,2.120711e-01,-2.997743e+01,9.260562e-01,-8.984353e+01
1096.47820,6.771749e-01,-1.617179e+02,2.046895e-01,-3.014397e+01,2.032454e-01,-3.264702e+01,9.301483e-01,-9.506064e+01
1202.26443,6.779663e-01,-1.630974e+02,1.953220e-01,-3.292799e+01,1.939806e-01,-3.520255e+01,9.342287e-01,-1.002435e+02
1318.25674,6.788695e-01,-1.643655e+02,1.856437e-01,-3.555659e+01,1.843992e-01,-3.762195e+01,9.382232e-01,-1.053494e+02
1445.43977,6.798374e-01,-1.655302e+02,1.757831e-01,-3.801013e+01,1.746302e-01,-3.988385e+01,9.420659e-01,-1.103386e+02
1584.89319,6.808305e-01,-1.665983e+02,1.658688e-01,-4.027034e+01,1.648029e-01,-4.196840e+01,9.457020e-01,-1.151763e+02
1737.80083,6.818177e-01,-1.675759e+02,1.560241e-01,-4.232099e+01,1.550407e-01,-4.385794e+01,9.490899e-01,-1.198328e+02
1905.46072,6.827762e-01,-1.684684e+02,1.463617e-01,-4.414844e+01,1.454565e-01,-4.553748e+01,9.522022e-01,-1.242850e+02
2089.29613,6.836909e-01,-1.692805e+02,1.369801e-01,-4.574185e+01,1.361487e-01,-4.699504e+01,9.550243e-01,-1.285155e+02
2290.86765,6.845535e-01,-1.700164e+02,1.279613e-01,-4.709342e+01,1.271997e-01,-4.822172e+01,9.575536e-01,-1.325131e+02
2511.88643,6.853617e-01,-1.706800e+02,1.193702e-01,-4.819833e+01,1.186743e-01,-4.921174e+01,9.597971e-01,-1.362718e+02
2754.22870,6.861179e-01,-1.712747e+02,1.112548e-01,-4.905477e+01,1.106206e-01,-4.996242e+01,9.617687e-01,-1.397905e+02
3019.95172,6.868285e-01,-1.718038e+02,1.036477e-01,-4.966383e+01,1.030713e-01,-5.047411e+01,9.634876e-01,-1.430716e+02
3311.31121,6.875029e-01,-1.722703e+02,9.656732e-02,-5.002949e+01,9.604501e-02,-5.075012e+01,9.649758e-01,-1.461211e+02
3630.78055,6.881529e-01,-1.726768e+02,9.002050e-02,-5.015867e+01,8.954861e-02,-5.079679e+01,9.662566e-01,-1.489469e+02
3981.07171,6.887922e-01,-1.730260e+02,8.400414e-02,-5.006126e+01,8.357916e-02,-5.062354e+01,9.673533e-01,-1.515590e+02
4365.15832,6.894362e-01,-1.733200e+02,7.850724e-02,-4.975027e+01,7.812581e-02,-5.024298e+01,9.682884e-01,-1.539684e+02
4786.30092,6.901021e-01,-1.735609e+02,7.351258e-02,-4.924192e+01,7.317146e-02,-4.967100e+01,9.690830e-01,-1.561867e+02
5248.07460,6.908087e-01,-1.737505e+02,6.899810e-02,-4.855575e+01,6.869422e-02,-4.892685e+01,9.697564e-01,-1.582259e+02
5754.39937,6.915770e-01,-1.738904e+02,6.493817e-02,-4.771457e+01,6.466856e-02,-4.803313e+01,9.703259e-01,-1.600979e+02
6309.57344,6.924303e-01,-1.739818e+02,6.130445e-02,-4.674430e+01,6.106628e-02,-4.701555e+01,9.708070e-01,-1.618147e+02
6918.30971,6.933947e-01,-1.740261e+02,5.806679e-02,-4.567364e+01,5.785732e-02,-4.590264e+01,9.712132e-01,-1.633874e+02
7585.77575,6.944994e-01,-1.740243e+02,5.519376e-02,-4.453350e+01,5.501039e-02,-4.472509e+01,9.715564e-01,-1.648272e+02
8317.63771,6.957779e-01,-1.739774e+02,5.265328e-02,-4.335629e+01,5.249350e-02,-4.351508e+01,9.718468e-01,-1.661442e+02
9120.10839,6.972680e-01,-1.738864e+02,5.041304e-02,-4.217498e+01,5.027448e-02,-4.230532e+01,9.720933e-01,-1.673483e+02
10000.00000,6.990126e-01,-1.737523e+02,4.844092e-02,-4.102219e+01,4.832132e-02,-4.112815e+01,9.723036e-01,-1.684485e+02
