! ! 
! S ! 
! ! 
! # MHz  S  MA  R  50.00000
! ! ===================================================================
1.00000,9.153406e-01,-2.380350e+00,6.860371e+00,1.785499e+02,2.725711e-03,8.857209e+01,9.395878e-01,-8.696498e-01
1.09648,9.153156e-01,-2.609812e+00,6.859970e+00,1.784088e+02,2.988511e-03,8.843643e+01,9.395466e-01,-9.534829e-01
1.20226,9.152856e-01,-2.861396e+00,6.859488e+00,1.782541e+02,3.276609e-03,8.828752e+01,9.394971e-01,-1.045389e+00
1.31826,9.152495e-01,-3.137226e+00,6.858908e+00,1.780847e+02,3.592429e-03,8.812411e+01,9.394376e-01,-1.146142e+00
1.44544,9.152061e-01,-3.439631e+00,6.858212e+00,1.778991e+02,3.938621e-03,8.794481e+01,9.393661e-01,-1.256588e+00
1.58489,9.151539e-01,-3.771159e+00,6.857375e+00,1.776957e+02,4.318087e-03,8.774812e+01,9.392801e-01,-1.377653e+00
1.73780,9.150912e-01,-4.134601e+00,6.856368e+00,1.774727e+02,4.733995e-03,8.753239e+01,9.391769e-01,-1.510350e+00
1.90546,9.150159e-01,-4.533009e+00,6.855159e+00,1.772285e+02,5.189808e-03,8.729580e+01,9.390528e-01,-1.655784e+00
2.08930,9.149254e-01,-4.969725e+00,6.853707e+00,1.769608e+02,5.689306e-03,8.703638e+01,9.389036e-01,-1.815165e+00
2.29087,9.148167e-01,-5.448401e+00,6.851961e+00,1.766675e+02,6.236612e-03,8.675197e+01,9.387245e-01,-1.989810e+00
2.51189,9.146862e-01,-5.973026e+00,6.849865e+00,1.763461e+02,6.836216e-03,8.644020e+01,9.385093e-01,-2.181156e+00
2.75423,9.145294e-01,-6.547960e+00,6.847346e+00,1.759940e+02,7.493006e-03,8.609850e+01,9.382509e-01,-2.390766e+00
3.01995,9.143412e-01,-7.177958e+00,6.844323e+00,1.756082e+02,8.212288e-03,8.572406e+01,9.379407e-01,-2.620341e+00
3.31131,9.141153e-01,-7.868201e+00,6.840692e+00,1.751857e+02,8.999818e-03,8.531381e+01,9.375683e-01,-2.871725e+00
3.63078,9.138442e-01,-8.624333e+00,6.836336e+00,1.747229e+02,9.861816e-03,8.486443e+01,9.371213e-01,-3.146915e+00
3.98107,9.135192e-01,-9.452486e+00,6.831109e+00,1.742163e+02,1.080499e-02,8.437232e+01,9.365853e-01,-3.448067e+00
4.36516,9.131296e-01,-1.035932e+01,6.824840e+00,1.736616e+02,1.183656e-02,8.383355e+01,9.359425e-01,-3.777500e+00
4.78630,9.126628e-01,-1.135203e+01,6.817326e+00,1.730546e+02,1.296424e-02,8.324392e+01,9.351723e-01,-4.137702e+00
5.24807,9.121040e-01,-1.243840e+01,6.808326e+00,1.723906e+02,1.419623e-02,8.259887e+01,9.342500e-01,-4.531325e+00
5.75440,9.114356e-01,-1.362682e+01,6.797552e+00,1.716645e+02,1.554121e-02,8.189355e+01,9.331463e-01,-4.961178e+00
6.30957,9.106370e-01,-1.492625e+01,6.784666e+00,1.708710e+02,1.700828e-02,8.112274e+01,9.318269e-01,-5.430219e+00
6.91831,9.096838e-01,-1.634630e+01,6.769270e+00,1.700044e+02,1.860686e-02,8.028095e+01,9.302514e-01,-5.941526e+00
7.58578,9.085480e-01,-1.789712e+01,6.750898e+00,1.690587e+02,2.034662e-02,7.936238e+01,9.283725e-01,-6.498267e+00
8.31764,9.071968e-01,-1.958944e+01,6.729007e+00,1.680275e+02,2.223724e-02,7.836095e+01,9.261355e-01,-7.103646e+00
9.12011,9.055926e-01,-2.143442e+01,6.702967e+00,1.669045e+02,2.428824e-02,7.727045e+01,9.234771e-01,-7.760839e+00
10.00000,9.036927e-01,-2.344363e+01,6.672056e+00,1.656829e+02,2.650864e-02,7.608452e+01,9.203250e-01,-8.472893e+00
10.96478,9.014492e-01,-2.562881e+01,6.635452e+00,1.643561e+02,2.890660e-02,7.479683e+01,9.165975e-01,-9.242616e+00
12.02264,8.988088e-01,-2.800170e+01,6.592232e+00,1.629177e+02,3.148889e-02,7.340126e+01,9.122032e-01,-1.007241e+01
13.18257,8.957138e-01,-3.057373e+01,6.541369e+00,1.613615e+02,3.426033e-02,7.189203e+01,9.070422e-01,-1.096411e+01
14.45440,8.921029e-01,-3.335570e+01,6.481747e+00,1.596821e+02,3.722310e-02,7.026402e+01,9.010066e-01,-1.191871e+01
15.84893,8.879130e-01,-3.635727e+01,6.412176e+00,1.578747e+02,4.037598e-02,6.851302e+01,8.939836e-01,-1.293616e+01
17.37801,8.830819e-01,-3.958649e+01,6.331423e+00,1.559360e+02,4.371350e-02,6.663612e+01,8.858591e-01,-1.401505e+01
19.05461,8.775518e-01,-4.304913e+01,6.238255e+00,1.538642e+02,4.722513e-02,6.463205e+01,8.765231e-01,-1.515233e+01
20.89296,8.712739e-01,-4.674805e+01,6.131498e+00,1.516595e+02,5.089460e-02,6.250160e+01,8.658767e-01,-1.634302e+01
22.90868,8.642138e-01,-5.068244e+01,6.010115e+00,1.493245e+02,5.469933e-02,6.024796e+01,8.538408e-01,-1.757998e+01
25.11886,8.563573e-01,-5.484716e+01,5.873289e+00,1.468644e+02,5.861023e-02,5.787710e+01,8.403658e-01,-1.885379e+01
27.54229,8.477164e-01,-5.923209e+01,5.720517e+00,1.442874e+02,6.259198e-02,5.539794e+01,8.254417e-01,-2.015277e+01
30.19952,8.383337e-01,-6.382169e+01,5.551700e+00,1.416047e+02,6.660381e-02,5.282245e+01,8.091078e-01,-2.146319e+01
33.11311,8.282864e-01,-6.859472e+01,5.367218e+00,1.388301e+02,7.060084e-02,5.016551e+01,7.914601e-01,-2.276973e+01
36.30781,8.176858e-01,-7.352437e+01,5.167978e+00,1.359803e+02,7.453605e-02,4.744456e+01,7.726549e-01,-2.405621e+01
39.81072,8.066749e-01,-7.857862e+01,4.955423e+00,1.330735e+02,7.836254e-02,4.467903e+01,7.529076e-01,-2.530658e+01
43.65158,7.954216e-01,-8.372105e+01,4.731497e+00,1.301291e+02,8.203603e-02,4.188960e+01,7.324863e-01,-2.650612e+01
47.86301,7.841094e-01,-8.891198e+01,4.498559e+00,1.271669e+02,8.551721e-02,3.909727e+01,7.116998e-01,-2.764265e+01
52.48075,7.729256e-01,-9.410985e+01,4.259271e+00,1.242059e+02,8.877367e-02,3.632242e+01,6.908808e-01,-2.870789e+01
57.54399,7.620491e-01,-9.927281e+01,4.016448e+00,1.212633e+02,9.178115e-02,3.358396e+01,6.703676e-01,-2.969845e+01
63.09573,7.516399e-01,-1.043603e+02,3.772911e+00,1.183541e+02,9.452415e-02,3.089854e+01,6.504854e-01,-3.061668e+01
69.18310,7.418301e-01,-1.093344e+02,3.531346e+00,1.154903e+02,9.699566e-02,2.828001e+01,6.315289e-01,-3.147100e+01
75.85776,7.327193e-01,-1.141615e+02,3.294190e+00,1.126805e+02,9.919632e-02,2.573905e+01,6.137503e-01,-3.227587e+01
83.17638,7.243724e-01,-1.188124e+02,3.063550e+00,1.099298e+02,1.011331e-01,2.328305e+01,5.973511e-01,-3.305121e+01
91.20108,7.168214e-01,-1.232639e+02,2.841152e+00,1.072400e+02,1.028180e-01,2.091624e+01,5.824799e-01,-3.382156e+01
100.00000,7.100693e-01,-1.274982e+02,2.628334e+00,1.046096e+02,1.042658e-01,1.863984e+01,5.692345e-01,-3.461486e+01
109.64782,7.040953e-01,-1.315031e+02,2.426052e+00,1.020344e+02,1.054935e-01,1.645244e+01,5.576678e-01,-3.546114e+01
120.22644,6.988607e-01,-1.352715e+02,2.234918e+00,9.950733e+01,1.065182e-01,1.435035e+01,5.477967e-01,-3.639124e+01
131.82567,6.943148e-01,-1.388009e+02,2.055240e+00,9.701947e+01,1.073567e-01,1.232802e+01,5.396119e-01,-3.743558e+01
144.54398,6.903998e-01,-1.420929e+02,1.887075e+00,9.455997e+01,1.080240e-01,1.037842e+01,5.330874e-01,-3.862312e+01
158.48932,6.870551e-01,-1.451519e+02,1.730273e+00,9.211659e+01,1.085334e-01,8.493409e+00,5.281904e-01,-3.998057e+01
173.78008,6.842206e-01,-1.479853e+02,1.584531e+00,8.967594e+01,1.088956e-01,6.664045e+00,5.248892e-01,-4.153175e+01
190.54607,6.818390e-01,-1.506019e+02,1.449426e+00,8.722378e+01,1.091187e-01,4.880900e+00,5.231592e-01,-4.329715e+01
208.92961,6.798574e-01,-1.530120e+02,1.324459e+00,8.474527e+01,1.092079e-01,3.134310e+00,5.229877e-01,-4.529357e+01
229.08677,6.782283e-01,-1.552269e+02,1.209077e+00,8.222520e+01,1.091655e-01,1.414620e+00,5.243764e-01,-4.753391e+01
251.18864,6.769096e-01,-1.572581e+02,1.102701e+00,7.964821e+01,1.089907e-01,-2.875815e-01,5.273416e-01,-5.002688e+01
275.42287,6.758651e-01,-1.591174e+02,1.004746e+00,7.699907e+01,1.086802e-01,-1.981233e+00,5.319131e-01,-5.277687e+01
301.99517,6.750642e-01,-1.608165e+02,9.146299e-01,7.426289e+01,1.082276e-01,-3.674552e+00,5.381304e-01,-5.578372e+01
331.13112,6.744810e-01,-1.623667e+02,8.317898e-01,7.142549e+01,1.076242e-01,-5.374763e+00,5.460373e-01,-5.904266e+01
363.07805,6.740944e-01,-1.637793e+02,7.556869e-01,6.847373e+01,1.068591e-01,-7.087804e+00,5.556748e-01,-6.254420e+01
398.10717,6.738868e-01,-1.650648e+02,6.858133e-01,6.539596e+01,1.059196e-01,-8.817989e+00,5.670719e-01,-6.627428e+01
436.51583,6.738439e-01,-1.662335e+02,6.216951e-01,6.218248e+01,1.047918e-01,-1.056765e+01,5.802357e-01,-7.021443e+01
478.63009,6.739534e-01,-1.672951e+02,5.628950e-01,5.882612e+01,1.034617e-01,-1.233675e+01,5.951410e-01,-7.434221e+01
524.80746,6.742044e-01,-1.682589e+02,5.090128e-01,5.532284e+01,1.019163e-01,-1.412251e+01,6.117204e-01,-7.863167e+01
575.43994,6.745864e-01,-1.691336e+02,4.596854e-01,5.167236e+01,1.001445e-01,-1.591908e+01,6.298565e-01,-8.305397e+01
630.95734,6.750888e-01,-1.699275e+02,4.145848e-01,4.787875e+01,9.813899e-02,-1.771723e+01,6.493764e-01,-8.757811e+01
691.83097,6.756995e-01,-1.706481e+02,3.734161e-01,4.395097e+01,9.589746e-02,-1.950430e+01,6.700512e-01,-9.217160e+01
758.57758,6.764051e-01,-1.713026e+02,3.359131e-01,3.990326e+01,9.342417e-02,-2.126416e+01,6.916006e-01,-9.680116e+01
831.76377,6.771903e-01,-1.718974e+02,3.018344e-01,3.575537e+01,9.073100e-02,-2.297758e+01,7.137024e-01,-1.014334e+02
912.01084,6.780382e-01,-1.724384e+02,2.709581e-01,3.153247e+01,8.783809e-02,-2.462272e+01,7.360076e-01,-1.060356e+02
1000.00000,6.789307e-01,-1.729304e+02,2.430763e-01,2.726487e+01,8.477377e-02,-2.617598e+01,7.581585e-01,-1.105762e+02
1096.47820,6.798492e-01,-1.733780e+02,2.179906e-01,2.298732e+01,8.157382e-02,-2.761300e+01,7.798093e-01,-1.150257e+02
1202.26443,6.807756e-01,-1.737845e+02,1.955076e-01,1.873813e+01,7.827996e-02,-2.890987e+01,8.006448e-01,-1.193570e+02
1318.25674,6.816934e-01,-1.741530e+02,1.754368e-01,1.455797e+01,7.493781e-02,-3.004440e+01,8.203969e-01,-1.235463e+02
1445.43977,6.825887e-01,-1.744857e+02,1.575889e-01,1.048850e+01,7.159441e-02,-3.099738e+01,8.388555e-01,-1.275735e+02
1584.89319,6.834505e-01,-1.747843e+02,1.417763e-01,6.570871e+00,6.829583e-02,-3.175371e+01,8.558741e-01,-1.314221e+02
1737.80083,6.842718e-01,-1.750501e+02,1.278143e-01,2.844178e+00,6.508487e-02,-3.230329e+01,8.713693e-01,-1.350800e+02
1905.46072,6.850491e-01,-1.752840e+02,1.155235e-01,-6.560009e-01,6.199923e-02,-3.264174e+01,8.853158e-01,-1.385391e+02
2089.29613,6.857825e-01,-1.754867e+02,1.047320e-01,-3.898992e+00,5.907022e-02,-3.277074e+01,8.977375e-01,-1.417949e+02
2290.86765,6.864755e-01,-1.756587e+02,9.527800e-02,-6.860192e+00,5.632208e-02,-3.269813e+01,9.086978e-01,-1.448463e+02
2511.88643,6.871346e-01,-1.758002e+02,8.701122e-02,-9.521981e+00,5.377172e-02,-3.243763e+01,9.182881e-01,-1.476955e+02
2754.22870,6.877685e-01,-1.759115e+02,7.979426e-02,-1.187435e+01,5.142908e-02,-3.200831e+01,9.266183e-01,-1.503469e+02
3019.95172,6.883886e-01,-1.759927e+02,7.350287e-02,-1.391520e+01,4.929765e-02,-3.143376e+01,9.338075e-01,-1.528069e+02
3311.31121,6.890077e-01,-1.760439e+02,6.802582e-02,-1.565031e+01,4.737532e-02,-3.074108e+01,9.399778e-01,-1.550834e+02
3630.78055,6.896409e-01,-1.760650e+02,6.326418e-02,-1.709300e+01,4.565534e-02,-2.995967e+01,9.452483e-01,-1.571854e+02
3981.07171,6.903049e-01,-1.760559e+02,5.913026e-02,-1.826345e+01,4.412724e-02,-2.912001e+01,9.497319e-01,-1.591225e+02
4365.15832,6.910186e-01,-1.760164e+02,5.554646e-02,-1.918780e+01,4.277784e-02,-2.825245e+01,9.535331e-01,-1.609046e+02
4786.30092,6.918028e-01,-1.759463e+02,5.244404e-02,-1.989695e+01,4.159211e-02,-2.738621e+01,9.567465e-01,-1.625418e+02
5248.07460,6.926812e-01,-1.758453e+02,4.976194e-02,-2.042526e+01,4.055392e-02,-2.654846e+01,9.594566e-01,-1.640441e+02
5754.39937,6.936806e-01,-1.757131e+02,4.744579e-02,-2.080911e+01,3.964670e-02,-2.576380e+01,9.617381e-01,-1.654211e+02
6309.57344,6.948311e-01,-1.755493e+02,4.544694e-02,-2.108557e+01,3.885395e-02,-2.505389e+01,9.636559e-01,-1.666822e+02
6918.30971,6.961672e-01,-1.753537e+02,4.372182e-02,-2.129109e+01,3.815958e-02,-2.443737e+01,9.652666e-01,-1.678362e+02
7585.77575,6.977282e-01,-1.751261e+02,4.223121e-02,-2.146045e+01,3.754815e-02,-2.392995e+01,9.666186e-01,-1.688916e+02
8317.63771,6.995583e-01,-1.748667e+02,4.093981e-02,-2.162591e+01,3.700505e-02,-2.354462e+01,9.677536e-01,-1.698561e+02
9120.10839,7.017080e-01,-1.745758e+02,3.981580e-02,-2.181670e+01,3.651646e-02,-2.329201e+01,9.687070e-01,-1.707373e+02
10000.00000,7.042337e-01,-1.742543e+02,3.883037e-02,-2.205867e+01,3.606941e-02,-2.318066e+01,9.695091e-01,-1.715419e+02
