! ! 
! S ! 
! ! 
! # MHz  S  MA  R  50.00000
! ! ===================================================================
1.00000,9.928194e-01,-7.606108e-01,1.135144e-01,1.782999e+02,2.346182e-03,8.949136e+01,9.534172e-01,-1.476180e-01
1.09648,9.928157e-01,-8.339902e-01,1.135186e-01,1.781359e+02,2.572521e-03,8.944225e+01,9.534163e-01,-1.618577e-01
1.20226,9.928112e-01,-9.144483e-01,1.135237e-01,1.779560e+02,2.820690e-03,8.938841e+01,9.534152e-01,-1.774712e-01
1.31826,9.928059e-01,-1.002668e+00,1.135298e-01,1.777588e+02,3.092796e-03,8.932938e+01,9.534140e-01,-1.945910e-01
1.44544,9.927995e-01,-1.099397e+00,1.135371e-01,1.775426e+02,3.391144e-03,8.926466e+01,9.534124e-01,-2.133624e-01
1.58489,9.927918e-01,-1.205456e+00,1.135459e-01,1.773056e+02,3.718264e-03,8.919369e+01,9.534106e-01,-2.339446e-01
1.73780,9.927825e-01,-1.321745e+00,1.135564e-01,1.770458e+02,4.076927e-03,8.911589e+01,9.534084e-01,-2.565122e-01
1.90546,9.927714e-01,-1.449249e+00,1.135691e-01,1.767610e+02,4.470172e-03,8.903058e+01,9.534058e-01,-2.812566e-01
2.08930,9.927580e-01,-1.589051e+00,1.135844e-01,1.764487e+02,4.901328e-03,8.893705e+01,9.534026e-01,-3.083876e-01
2.29087,9.927419e-01,-1.742334e+00,1.136028e-01,1.761064e+02,5.374044e-03,8.883450e+01,9.533988e-01,-3.381352e-01
2.51189,9.927226e-01,-1.910397e+00,1.136248e-01,1.757312e+02,5.892317e-03,8.872207e+01,9.533942e-01,-3.707516e-01
2.75423,9.926994e-01,-2.094663e+00,1.136514e-01,1.753200e+02,6.460526e-03,8.859880e+01,9.533886e-01,-4.065129e-01
3.01995,9.926714e-01,-2.296693e+00,1.136832e-01,1.748693e+02,7.083470e-03,8.846364e+01,9.533820e-01,-4.457222e-01
3.31131,9.926378e-01,-2.518196e+00,1.137215e-01,1.743754e+02,7.766400e-03,8.831547e+01,9.533740e-01,-4.887113e-01
3.63078,9.925975e-01,-2.761045e+00,1.137675e-01,1.738342e+02,8.515069e-03,8.815302e+01,9.533644e-01,-5.358439e-01
3.98107,9.925489e-01,-3.027290e+00,1.138228e-01,1.732412e+02,9.335771e-03,8.797492e+01,9.533529e-01,-5.875184e-01
4.36516,9.924906e-01,-3.319178e+00,1.138892e-01,1.725917e+02,1.023539e-02,8.777967e+01,9.533390e-01,-6.441714e-01
4.78630,9.924205e-01,-3.639171e+00,1.139689e-01,1.718802e+02,1.122147e-02,8.756564e+01,9.533223e-01,-7.062808e-01
5.24807,9.923363e-01,-3.989962e+00,1.140647e-01,1.711012e+02,1.230223e-02,8.733101e+01,9.533023e-01,-7.743703e-01
5.75440,9.922351e-01,-4.374497e+00,1.141796e-01,1.702484e+02,1.348666e-02,8.707382e+01,9.532782e-01,-8.490127e-01
6.30957,9.921135e-01,-4.796002e+00,1.143175e-01,1.693151e+02,1.478459e-02,8.679192e+01,9.532493e-01,-9.308353e-01
6.91831,9.919674e-01,-5.258002e+00,1.144829e-01,1.682941e+02,1.620671e-02,8.648296e+01,9.532146e-01,-1.020524e+00
7.58578,9.917920e-01,-5.764350e+00,1.146812e-01,1.671778e+02,1.776467e-02,8.614437e+01,9.531729e-01,-1.118829e+00
8.31764,9.915813e-01,-6.319252e+00,1.149188e-01,1.659578e+02,1.947116e-02,8.577334e+01,9.531229e-01,-1.226569e+00
9.12011,9.913283e-01,-6.927300e+00,1.152034e-01,1.646254e+02,2.133995e-02,8.536682e+01,9.530628e-01,-1.344641e+00
10.00000,9.910248e-01,-7.593497e+00,1.155439e-01,1.631713e+02,2.338595e-02,8.492148e+01,9.529907e-01,-1.474020e+00
10.96478,9.906605e-01,-8.323291e+00,1.159510e-01,1.615859e+02,2.562528e-02,8.443370e+01,9.529042e-01,-1.615771e+00
12.02264,9.902237e-01,-9.122604e+00,1.164371e-01,1.598593e+02,2.807533e-02,8.389956e+01,9.528005e-01,-1.771053e+00
13.18257,9.897001e-01,-9.997864e+00,1.170169e-01,1.579810e+02,3.075476e-02,8.331479e+01,9.526763e-01,-1.941126e+00
14.45440,9.890728e-01,-1.095603e+01,1.177072e-01,1.559410e+02,3.368351e-02,8.267481e+01,9.525275e-01,-2.127359e+00
15.84893,9.883218e-01,-1.200462e+01,1.185277e-01,1.537291e+02,3.688278e-02,8.197465e+01,9.523495e-01,-2.331234e+00
17.37801,9.874235e-01,-1.315173e+01,1.195009e-01,1.513356e+02,4.037494e-02,8.120899e+01,9.521368e-01,-2.554353e+00
19.05461,9.863501e-01,-1.440605e+01,1.206522e-01,1.487516e+02,4.418341e-02,8.037217e+01,9.518828e-01,-2.798441e+00
20.89296,9.850690e-01,-1.577683e+01,1.220103e-01,1.459692e+02,4.833241e-02,7.945813e+01,9.515800e-01,-3.065355e+00
22.90868,9.835422e-01,-1.727392e+01,1.236068e-01,1.429822e+02,5.284663e-02,7.846051e+01,9.512196e-01,-3.357079e+00
25.11886,9.817258e-01,-1.890770e+01,1.254763e-01,1.397862e+02,5.775079e-02,7.737265e+01,9.507915e-01,-3.675729e+00
27.54229,9.795692e-01,-2.068899e+01,1.276554e-01,1.363794e+02,6.306900e-02,7.618764e+01,9.502841e-01,-4.023547e+00
30.19952,9.770148e-01,-2.262901e+01,1.301825e-01,1.327627e+02,6.882393e-02,7.489843e+01,9.496844e-01,-4.402895e+00
33.11311,9.739981e-01,-2.473916e+01,1.330961e-01,1.289398e+02,7.503575e-02,7.349794e+01,9.489779e-01,-4.816248e+00
36.30781,9.704473e-01,-2.703089e+01,1.364334e-01,1.249180e+02,8.172087e-02,7.197922e+01,9.481489e-01,-5.266177e+00
39.81072,9.662845e-01,-2.951537e+01,1.402279e-01,1.207076e+02,8.889028e-02,7.033565e+01,9.471805e-01,-5.755336e+00
43.65158,9.614267e-01,-3.220320e+01,1.445077e-01,1.163219e+02,9.654780e-02,6.856118e+01,9.460552e-01,-6.286443e+00
47.86301,9.557886e-01,-3.510397e+01,1.492920e-01,1.117769e+02,1.046880e-01,6.665066e+01,9.447557e-01,-6.862265e+00
52.48075,9.492857e-01,-3.822576e+01,1.545883e-01,1.070908e+02,1.132939e-01,6.460013e+01,9.432657e-01,-7.485610e+00
57.54399,9.418392e-01,-4.157460e+01,1.603901e-01,1.022835e+02,1.223353e-01,6.240724e+01,9.415713e-01,-8.159325e+00
63.09573,9.333819e-01,-4.515380e+01,1.666736e-01,9.737570e+01,1.317661e-01,6.007162e+01,9.396625e-01,-8.886321e+00
69.18310,9.238658e-01,-4.896331e+01,1.733965e-01,9.238912e+01,1.415237e-01,5.759523e+01,9.375350e-01,-9.669623e+00
75.85776,9.132694e-01,-5.299906e+01,1.804966e-01,8.734554e+01,1.515282e-01,5.498269e+01,9.351919e-01,-1.051245e+01
83.17638,9.016059e-01,-5.725240e+01,1.878927e-01,8.226679e+01,1.616830e-01,5.224145e+01,9.326454e-01,-1.141836e+01
91.20108,8.889298e-01,-6.170964e+01,1.954862e-01,7.717451e+01,1.718771e-01,4.938187e+01,9.299181e-01,-1.239137e+01
100.00000,8.753417e-01,-6.635181e+01,2.031650e-01,7.208996e+01,1.819886e-01,4.641700e+01,9.270435e-01,-1.343624e+01
109.64782,8.609884e-01,-7.115464e+01,2.108077e-01,6.703383e+01,1.918897e-01,4.336227e+01,9.240653e-01,-1.455860e+01
120.22644,8.460604e-01,-7.608893e+01,2.182904e-01,6.202587e+01,2.014523e-01,4.023485e+01,9.210363e-01,-1.576521e+01
131.82567,8.307831e-01,-8.112112e+01,2.254921e-01,5.708451e+01,2.105547e-01,3.705287e+01,9.180155e-01,-1.706411e+01
144.54398,8.154048e-01,-8.621427e+01,2.323010e-01,5.222635e+01,2.190869e-01,3.383453e+01,9.150652e-01,-1.846473e+01
158.48932,8.001817e-01,-9.132918e+01,2.386191e-01,4.746559e+01,2.269555e-01,3.059719e+01,9.122472e-01,-1.997789e+01
173.78008,7.853617e-01,-9.642580e+01,2.443652e-01,4.281364e+01,2.340861e-01,2.735651e+01,9.096201e-01,-2.161571e+01
190.54607,7.711700e-01,-1.014646e+02,2.494765e-01,3.827862e+01,2.404247e-01,2.412574e+01,9.072361e-01,-2.339142e+01
208.92961,7.577967e-01,-1.064078e+02,2.539074e-01,3.386529e+01,2.459364e-01,2.091525e+01,9.051397e-01,-2.531910e+01
229.08677,7.453901e-01,-1.112211e+02,2.576279e-01,2.957492e+01,2.506027e-01,1.773227e+01,9.033672e-01,-2.741336e+01
251.18864,7.340527e-01,-1.158741e+02,2.606201e-01,2.540558e+01,2.544179e-01,1.458094e+01,9.019469e-01,-2.968892e+01
275.42287,7.238434e-01,-1.203412e+02,2.628743e-01,2.135246e+01,2.573851e-01,1.146251e+01,9.009001e-01,-3.216018e+01
301.99517,7.147811e-01,-1.246025e+02,2.643859e-01,1.740837e+01,2.595118e-01,8.375733e+00,9.002426e-01,-3.484081e+01
331.13112,7.068517e-01,-1.286431e+02,2.651515e-01,1.356442e+01,2.608065e-01,5.317446e+00,8.999860e-01,-3.774315e+01
363.07805,7.000156e-01,-1.324536e+02,2.651665e-01,9.810665e+00,2.612760e-01,2.283196e+00,9.001388e-01,-4.087769e+01
398.10717,6.942146e-01,-1.360295e+02,2.644240e-01,6.136877e+00,2.609236e-01,-7.320585e-01,9.007071e-01,-4.425242e+01
436.51583,6.893790e-01,-1.393707e+02,2.629138e-01,2.533259e+00,2.597483e-01,-3.733217e+00,9.016946e-01,-4.787208e+01
478.63009,6.854323e-01,-1.424807e+02,2.606229e-01,-1.008795e+00,2.577459e-01,-6.724305e+00,9.031019e-01,-5.173751e+01
524.80746,6.822954e-01,-1.453663e+02,2.575376e-01,-4.496005e+00,2.549101e-01,-9.707775e+00,9.049250e-01,-5.584481e+01
575.43994,6.798888e-01,-1.480366e+02,2.536461e-01,-7.932563e+00,2.512355e-01,-1.268385e+01,9.071541e-01,-6.018472e+01
630.95734,6.781346e-01,-1.505026e+02,2.489418e-01,-1.131959e+01,2.467213e-01,-1.564999e+01,9.097713e-01,-6.474204e+01
691.83097,6.769563e-01,-1.527763e+02,2.434273e-01,-1.465473e+01,2.413750e-01,-1.860044e+01,9.127487e-01,-6.949536e+01
758.57758,6.762795e-01,-1.548705e+02,2.371187e-01,-1.793192e+01,2.352169e-01,-2.152602e+01,9.160473e-01,-7.441700e+01
831.76377,6.760317e-01,-1.567981e+02,2.300492e-01,-2.114143e+01,2.282833e-01,-2.441412e+01,9.196165e-01,-7.947353e+01
912.01084,6.761424e-01,-1.585719e+02,2.222713e-01,-2.427005e+01,2.206297e-01,-2.724888e+01,9.233952e-01,-8.462652e+01
1000.00000,6.765436e-01,-1.602037e+02,2.138584e-01,-2.730162e+01,2.123317e-01,-3.001172e+01,9.273135e-01,-8.983391e+01
1096.47820,6.771707e-01,-1.617049e+02,2.049034e-01,-3.021773e+01,2.034838e-01,-3.268200e+01,9.312964e-01,-9.505153e+01
1202.26443,6.779638e-01,-1.630854e+02,1.955162e-01,-3.299861e+01,1.941972e-01,-3.523793e+01,9.352681e-01,-1.002350e+02
1318.25674,6.788684e-01,-1.643545e+02,1.858189e-01,-3.562410e+01,1.845949e-01,-3.765746e+01,9.391565e-01,-1.053414e+02
1445.43977,6.798374e-01,-1.655201e+02,1.759403e-01,-3.807454e+01,1.748062e-01,-3.991923e+01,9.428972e-01,-1.103313e+02
1584.89319,6.808313e-01,-1.665891e+02,1.660092e-01,-4.033167e+01,1.649604e-01,-4.200343e+01,9.464367e-01,-1.151695e+02
1737.80083,6.818192e-01,-1.675675e+02,1.561490e-01,-4.237930e+01,1.551813e-01,-4.389244e+01,9.497347e-01,-1.198266e+02
1905.46072,6.827781e-01,-1.684608e+02,1.464725e-01,-4.420377e+01,1.455817e-01,-4.557132e+01,9.527641e-01,-1.242793e+02
2089.29613,6.836930e-01,-1.692736e+02,1.370783e-01,-4.579431e+01,1.362601e-01,-4.702812e+01,9.555111e-01,-1.285103e+02
2290.86765,6.845557e-01,-1.700101e+02,1.280482e-01,-4.714311e+01,1.272986e-01,-4.825397e+01,9.579730e-01,-1.325084e+02
2511.88643,6.853638e-01,-1.706742e+02,1.194472e-01,-4.824540e+01,1.187622e-01,-4.924315e+01,9.601565e-01,-1.362676e+02
2754.22870,6.861199e-01,-1.712694e+02,1.113230e-01,-4.909935e+01,1.106988e-01,-4.999300e+01,9.620755e-01,-1.397866e+02
3019.95172,6.868304e-01,-1.717990e+02,1.037082e-01,-4.970608e+01,1.031408e-01,-5.050387e+01,9.637484e-01,-1.430681e+02
3311.31121,6.875046e-01,-1.722659e+02,9.662101e-02,-5.006958e+01,9.610681e-02,-5.077910e+01,9.651968e-01,-1.461179e+02
3630.78055,6.881544e-01,-1.726729e+02,9.006819e-02,-5.019675e+01,8.960361e-02,-5.082505e+01,9.664432e-01,-1.489440e+02
3981.07171,6.887935e-01,-1.730224e+02,8.404655e-02,-5.009748e+01,8.362814e-02,-5.065113e+01,9.675106e-01,-1.515564e+02
4365.15832,6.894374e-01,-1.733167e+02,7.854499e-02,-4.978478e+01,7.816943e-02,-5.026994e+01,9.684206e-01,-1.539660e+02
4786.30092,6.901032e-01,-1.735579e+02,7.354619e-02,-4.927485e+01,7.321033e-02,-4.969736e+01,9.691940e-01,-1.561845e+02
5248.07460,6.908097e-01,-1.737477e+02,6.902806e-02,-4.858720e+01,6.872885e-02,-4.895263e+01,9.698494e-01,-1.582239e+02
5754.39937,6.915780e-01,-1.738878e+02,6.496487e-02,-4.774463e+01,6.469940e-02,-4.805834e+01,9.704037e-01,-1.600961e+02
6309.57344,6.924312e-01,-1.739795e+02,6.132827e-02,-4.677304e+01,6.109375e-02,-4.704018e+01,9.708720e-01,-1.618130e+02
6918.30971,6.933956e-01,-1.740239e+02,5.808805e-02,-4.570112e+01,5.788178e-02,-4.592665e+01,9.712675e-01,-1.633860e+02
7585.77575,6.945004e-01,-1.740223e+02,5.521275e-02,-4.455976e+01,5.503217e-02,-4.474845e+01,9.716016e-01,-1.648258e+02
8317.63771,6.957789e-01,-1.739755e+02,5.267025e-02,-4.338134e+01,5.251291e-02,-4.353774e+01,9.718845e-01,-1.661430e+02
9120.10839,6.972691e-01,-1.738846e+02,5.042823e-02,-4.219884e+01,5.029177e-02,-4.232723e+01,9.721247e-01,-1.673472e+02
10000.00000,6.990138e-01,-1.737507e+02,4.845453e-02,-4.104489e+01,4.833675e-02,-4.114926e+01,9.723297e-01,-1.684475e+02
