! ! 
! S ! 
! ! 
! # MHz  S  MA  R  50.00000
! ! ===================================================================
1.00000,9.927970e-01,-7.610876e-01,1.152238e-01,1.783188e+02,2.343197e-03,8.949118e+01,9.510817e-01,-1.477711e-01
1.09648,9.927933e-01,-8.345130e-01,1.152280e-01,1.781565e+02,2.569248e-03,8.944205e+01,9.510808e-01,-1.620254e-01
1.20226,9.927888e-01,-9.150215e-01,1.152329e-01,1.779787e+02,2.817102e-03,8.938819e+01,9.510798e-01,-1.776549e-01
1.31826,9.927835e-01,-1.003296e+00,1.152389e-01,1.777837e+02,3.088861e-03,8.932914e+01,9.510785e-01,-1.947924e-01
1.44544,9.927771e-01,-1.100086e+00,1.152460e-01,1.775699e+02,3.386830e-03,8.926439e+01,9.510770e-01,-2.135830e-01
1.58489,9.927694e-01,-1.206211e+00,1.152546e-01,1.773355e+02,3.713533e-03,8.919340e+01,9.510751e-01,-2.341864e-01
1.73780,9.927601e-01,-1.322573e+00,1.152649e-01,1.770786e+02,4.071740e-03,8.911557e+01,9.510729e-01,-2.567772e-01
1.90546,9.927490e-01,-1.450158e+00,1.152773e-01,1.767969e+02,4.464485e-03,8.903023e+01,9.510703e-01,-2.815470e-01
2.08930,9.927356e-01,-1.590047e+00,1.152923e-01,1.764881e+02,4.895092e-03,8.893666e+01,9.510671e-01,-3.087059e-01
2.29087,9.927195e-01,-1.743426e+00,1.153102e-01,1.761496e+02,5.367206e-03,8.883408e+01,9.510633e-01,-3.384842e-01
2.51189,9.927001e-01,-1.911594e+00,1.153317e-01,1.757785e+02,5.884819e-03,8.872160e+01,9.510587e-01,-3.711340e-01
2.75423,9.926769e-01,-2.095976e+00,1.153576e-01,1.753718e+02,6.452306e-03,8.859828e+01,9.510531e-01,-4.069322e-01
3.01995,9.926489e-01,-2.298133e+00,1.153888e-01,1.749261e+02,7.074456e-03,8.846308e+01,9.510465e-01,-4.461818e-01
3.31131,9.926153e-01,-2.519774e+00,1.154262e-01,1.744376e+02,7.756517e-03,8.831485e+01,9.510385e-01,-4.892151e-01
3.63078,9.925749e-01,-2.762775e+00,1.154711e-01,1.739023e+02,8.504232e-03,8.815234e+01,9.510289e-01,-5.363962e-01
3.98107,9.925263e-01,-3.029186e+00,1.155251e-01,1.733159e+02,9.323889e-03,8.797418e+01,9.510173e-01,-5.881238e-01
4.36516,9.924679e-01,-3.321258e+00,1.155900e-01,1.726734e+02,1.022237e-02,8.777886e+01,9.510034e-01,-6.448350e-01
4.78630,9.923978e-01,-3.641451e+00,1.156679e-01,1.719697e+02,1.120718e-02,8.756474e+01,9.509867e-01,-7.070083e-01
5.24807,9.923134e-01,-3.992461e+00,1.157614e-01,1.711991e+02,1.228656e-02,8.733003e+01,9.509667e-01,-7.751676e-01
5.75440,9.922121e-01,-4.377237e+00,1.158737e-01,1.703555e+02,1.346949e-02,8.707274e+01,9.509426e-01,-8.498867e-01
6.30957,9.920904e-01,-4.799005e+00,1.160085e-01,1.694322e+02,1.476576e-02,8.679074e+01,9.509136e-01,-9.317931e-01
6.91831,9.919442e-01,-5.261293e+00,1.161701e-01,1.684221e+02,1.618606e-02,8.648167e+01,9.508789e-01,-1.021574e+00
7.58578,9.917686e-01,-5.767957e+00,1.163639e-01,1.673175e+02,1.774204e-02,8.614295e+01,9.508371e-01,-1.119979e+00
8.31764,9.915578e-01,-6.323205e+00,1.165961e-01,1.661102e+02,1.944635e-02,8.577179e+01,9.507870e-01,-1.227830e+00
9.12011,9.913046e-01,-6.931631e+00,1.168743e-01,1.647916e+02,2.131274e-02,8.536512e+01,9.507269e-01,-1.346021e+00
10.00000,9.910008e-01,-7.598242e+00,1.172071e-01,1.633523e+02,2.335612e-02,8.491962e+01,9.506547e-01,-1.475532e+00
10.96478,9.906362e-01,-8.328489e+00,1.176051e-01,1.617827e+02,2.559258e-02,8.443167e+01,9.505681e-01,-1.617427e+00
12.02264,9.901990e-01,-9.128297e+00,1.180804e-01,1.600729e+02,2.803947e-02,8.389733e+01,9.504643e-01,-1.772866e+00
13.18257,9.896749e-01,-1.000410e+01,1.186473e-01,1.582126e+02,3.071545e-02,8.331236e+01,9.503399e-01,-1.943111e+00
14.45440,9.890470e-01,-1.096286e+01,1.193225e-01,1.561914e+02,3.364041e-02,8.267214e+01,9.501910e-01,-2.129530e+00
15.84893,9.882954e-01,-1.201209e+01,1.201252e-01,1.539991e+02,3.683554e-02,8.197174e+01,9.500128e-01,-2.333609e+00
17.37801,9.873963e-01,-1.315990e+01,1.210775e-01,1.516259e+02,4.032316e-02,8.120581e+01,9.497998e-01,-2.556948e+00
19.05461,9.863220e-01,-1.441498e+01,1.222044e-01,1.490627e+02,4.412665e-02,8.036870e+01,9.495456e-01,-2.801276e+00
20.89296,9.850398e-01,-1.578659e+01,1.235342e-01,1.463012e+02,4.827020e-02,7.945435e+01,9.492424e-01,-3.068450e+00
22.90868,9.835118e-01,-1.728458e+01,1.250980e-01,1.433350e+02,5.277846e-02,7.845640e+01,9.488816e-01,-3.360455e+00
25.11886,9.816938e-01,-1.891933e+01,1.269299e-01,1.401592e+02,5.767610e-02,7.736818e+01,9.484530e-01,-3.679406e+00
27.54229,9.795355e-01,-2.070167e+01,1.290664e-01,1.367714e+02,6.298717e-02,7.618279e+01,9.479450e-01,-4.027548e+00
30.19952,9.769791e-01,-2.264282e+01,1.315454e-01,1.331721e+02,6.873430e-02,7.489319e+01,9.473447e-01,-4.407243e+00
33.11311,9.739600e-01,-2.475418e+01,1.344051e-01,1.293645e+02,7.493762e-02,7.349228e+01,9.466375e-01,-4.820965e+00
36.30781,9.704065e-01,-2.704720e+01,1.376827e-01,1.253552e+02,8.161344e-02,7.197313e+01,9.458076e-01,-5.271284e+00
39.81072,9.662407e-01,-2.953304e+01,1.414119e-01,1.211542e+02,8.877274e-02,7.032912e+01,9.448383e-01,-5.760852e+00
43.65158,9.613795e-01,-3.222231e+01,1.456208e-01,1.167743e+02,9.641927e-02,6.855421e+01,9.437120e-01,-6.292386e+00
47.86301,9.557377e-01,-3.512459e+01,1.503291e-01,1.122314e+02,1.045475e-01,6.664325e+01,9.424114e-01,-6.868649e+00
52.48075,9.492307e-01,-3.824795e+01,1.555451e-01,1.075435e+02,1.131406e-01,6.459230e+01,9.409202e-01,-7.492443e+00
57.54399,9.417799e-01,-4.159840e+01,1.612627e-01,1.027304e+02,1.221681e-01,6.239903e+01,9.392247e-01,-8.166611e+00
63.09573,9.333183e-01,-4.517923e+01,1.674593e-01,9.781343e+01,1.315840e-01,6.006307e+01,9.373147e-01,-8.894057e+00
69.18310,9.237978e-01,-4.899037e+01,1.740933e-01,9.281442e+01,1.413258e-01,5.758642e+01,9.351862e-01,-9.677797e+00
75.85776,9.131972e-01,-5.302772e+01,1.811038e-01,8.775567e+01,1.513135e-01,5.497370e+01,9.328423e-01,-1.052105e+01
83.17638,9.015300e-01,-5.728260e+01,1.884104e-01,8.265957e+01,1.614507e-01,5.223240e+01,9.302953e-01,-1.142734e+01
91.20108,8.888510e-01,-6.174130e+01,1.959156e-01,7.754832e+01,1.716265e-01,4.937289e+01,9.275680e-01,-1.240072e+01
100.00000,8.752609e-01,-6.638478e+01,2.035082e-01,7.244374e+01,1.817192e-01,4.640825e+01,9.246941e-01,-1.344591e+01
109.64782,8.609068e-01,-7.118877e+01,2.110680e-01,6.736703e+01,1.916013e-01,4.335392e+01,9.217174e-01,-1.456854e+01
120.22644,8.459795e-01,-7.612402e+01,2.184715e-01,6.233841e+01,2.011449e-01,4.022709e+01,9.186910e-01,-1.577538e+01
131.82567,8.307044e-01,-8.115696e+01,2.255987e-01,5.737667e+01,2.102287e-01,3.704589e+01,9.156740e-01,-1.707447e+01
144.54398,8.153298e-01,-8.625060e+01,2.323383e-01,5.249873e+01,2.187430e-01,3.382854e+01,9.127290e-01,-1.847524e+01
158.48932,8.001120e-01,-9.136575e+01,2.385927e-01,4.771905e+01,2.265946e-01,3.059239e+01,9.099181e-01,-1.998851e+01
173.78008,7.852985e-01,-9.646233e+01,2.442811e-01,4.304916e+01,2.337096e-01,2.735309e+01,9.073000e-01,-2.162641e+01
190.54607,7.711143e-01,-1.015008e+02,2.493408e-01,3.849734e+01,2.400341e-01,2.412388e+01,9.049272e-01,-2.340218e+01
208.92961,7.577493e-01,-1.064436e+02,2.537263e-01,3.406838e+01,2.455336e-01,2.091511e+01,9.028448e-01,-2.532993e+01
229.08677,7.453512e-01,-1.112561e+02,2.574074e-01,2.976359e+01,2.501898e-01,1.773401e+01,9.010891e-01,-2.742424e+01
251.18864,7.340225e-01,-1.159081e+02,2.603660e-01,2.558102e+01,2.539970e-01,1.458469e+01,8.996889e-01,-2.969985e+01
275.42287,7.238215e-01,-1.203742e+02,2.625925e-01,2.151583e+01,2.569585e-01,1.146838e+01,8.986661e-01,-3.217119e+01
301.99517,7.147669e-01,-1.246342e+02,2.640817e-01,1.756079e+01,2.590819e-01,8.383827e+00,8.980368e-01,-3.485189e+01
331.13112,7.068444e-01,-1.286735e+02,2.648300e-01,1.370696e+01,2.603757e-01,5.327838e+00,8.978133e-01,-3.775432e+01
363.07805,7.000143e-01,-1.324826e+02,2.648326e-01,9.944317e+00,2.608469e-01,2.295943e+00,8.980046e-01,-4.088896e+01
398.10717,6.942183e-01,-1.360571e+02,2.640823e-01,6.262558e+00,2.604986e-01,-7.169210e-01,8.986175e-01,-4.426377e+01
436.51583,6.893865e-01,-1.393969e+02,2.625685e-01,2.651811e+00,2.593300e-01,-3.715677e+00,8.996562e-01,-4.788352e+01
478.63009,6.854426e-01,-1.425055e+02,2.602781e-01,-8.966151e-01,2.573367e-01,-6.704380e+00,9.011217e-01,-5.174901e+01
524.80746,6.823075e-01,-1.453897e+02,2.571971e-01,-4.389524e+00,2.545125e-01,-9.685511e+00,9.030105e-01,-5.585633e+01
575.43994,6.799018e-01,-1.480586e+02,2.533132e-01,-7.831196e+00,2.508519e-01,-1.265933e+01,9.053131e-01,-6.019622e+01
630.95734,6.781476e-01,-1.505232e+02,2.486196e-01,-1.122284e+01,2.463538e-01,-1.562333e+01,9.080114e-01,-6.475346e+01
691.83097,6.769686e-01,-1.527956e+02,2.431186e-01,-1.456218e+01,2.410256e-01,-1.857180e+01,9.110774e-01,-6.950662e+01
758.57758,6.762906e-01,-1.548886e+02,2.368258e-01,-1.784327e+01,2.348872e-01,-2.149560e+01,9.144712e-01,-7.442804e+01
831.76377,6.760413e-01,-1.568150e+02,2.297739e-01,-2.105641e+01,2.279747e-01,-2.438214e+01,9.181416e-01,-7.948425e+01
912.01084,6.761502e-01,-1.585875e+02,2.220149e-01,-2.418849e+01,2.203430e-01,-2.721561e+01,9.220258e-01,-8.463686e+01
1000.00000,6.765495e-01,-1.602182e+02,2.136217e-01,-2.722339e+01,2.120674e-01,-2.997744e+01,9.260525e-01,-8.984378e+01
1096.47820,6.771749e-01,-1.617182e+02,2.046867e-01,-3.014277e+01,2.032418e-01,-3.264701e+01,9.301450e-01,-9.506089e+01
1202.26443,6.779663e-01,-1.630977e+02,1.953192e-01,-3.292687e+01,1.939771e-01,-3.520251e+01,9.342256e-01,-1.002438e+02
1318.25674,6.788695e-01,-1.643658e+02,1.856411e-01,-3.555555e+01,1.843959e-01,-3.762189e+01,9.382205e-01,-1.053496e+02
1445.43977,6.798374e-01,-1.655304e+02,1.757806e-01,-3.800917e+01,1.746272e-01,-3.988377e+01,9.420635e-01,-1.103389e+02
1584.89319,6.808305e-01,-1.665985e+02,1.658665e-01,-4.026943e+01,1.648000e-01,-4.196830e+01,9.456998e-01,-1.151765e+02
1737.80083,6.818177e-01,-1.675761e+02,1.560219e-01,-4.232015e+01,1.550380e-01,-4.385782e+01,9.490881e-01,-1.198330e+02
1905.46072,6.827763e-01,-1.684686e+02,1.463597e-01,-4.414764e+01,1.454539e-01,-4.553734e+01,9.522005e-01,-1.242851e+02
2089.29613,6.836909e-01,-1.692807e+02,1.369782e-01,-4.574109e+01,1.361464e-01,-4.699488e+01,9.550229e-01,-1.285157e+02
2290.86765,6.845535e-01,-1.700166e+02,1.279595e-01,-4.709270e+01,1.271975e-01,-4.822153e+01,9.575524e-01,-1.325133e+02
2511.88643,6.853617e-01,-1.706801e+02,1.193685e-01,-4.819764e+01,1.186723e-01,-4.921153e+01,9.597960e-01,-1.362720e+02
2754.22870,6.861179e-01,-1.712748e+02,1.112533e-01,-4.905411e+01,1.106188e-01,-4.996219e+01,9.617678e-01,-1.397906e+02
3019.95172,6.868285e-01,-1.718039e+02,1.036463e-01,-4.966319e+01,1.030697e-01,-5.047385e+01,9.634869e-01,-1.430718e+02
3311.31121,6.875030e-01,-1.722704e+02,9.656605e-02,-5.002887e+01,9.604350e-02,-5.074984e+01,9.649752e-01,-1.461212e+02
3630.78055,6.881529e-01,-1.726769e+02,9.001934e-02,-5.015807e+01,8.954723e-02,-5.079649e+01,9.662561e-01,-1.489470e+02
3981.07171,6.887922e-01,-1.730261e+02,8.400309e-02,-5.006067e+01,8.357790e-02,-5.062322e+01,9.673528e-01,-1.515591e+02
4365.15832,6.894362e-01,-1.733201e+02,7.850629e-02,-4.974969e+01,7.812467e-02,-5.024264e+01,9.682880e-01,-1.539685e+02
4786.30092,6.901021e-01,-1.735610e+02,7.351171e-02,-4.924136e+01,7.317044e-02,-4.967063e+01,9.690827e-01,-1.561868e+02
5248.07460,6.908087e-01,-1.737506e+02,6.899732e-02,-4.855520e+01,6.869330e-02,-4.892647e+01,9.697561e-01,-1.582259e+02
5754.39937,6.915771e-01,-1.738904e+02,6.493746e-02,-4.771402e+01,6.466773e-02,-4.803273e+01,9.703257e-01,-1.600980e+02
6309.57344,6.924303e-01,-1.739819e+02,6.130382e-02,-4.674376e+01,6.106553e-02,-4.701515e+01,9.708068e-01,-1.618147e+02
6918.30971,6.933947e-01,-1.740262e+02,5.806622e-02,-4.567311e+01,5.785665e-02,-4.590222e+01,9.712131e-01,-1.633875e+02
7585.77575,6.944994e-01,-1.740244e+02,5.519325e-02,-4.453299e+01,5.500979e-02,-4.472467e+01,9.715563e-01,-1.648272e+02
8317.63771,6.957779e-01,-1.739774e+02,5.265283e-02,-4.335579e+01,5.249297e-02,-4.351466e+01,9.718467e-01,-1.661443e+02
9120.10839,6.972680e-01,-1.738864e+02,5.041263e-02,-4.217450e+01,5.027400e-02,-4.230490e+01,9.720933e-01,-1.673483e+02
10000.00000,6.990126e-01,-1.737523e+02,4.844055e-02,-4.102173e+01,4.832090e-02,-4.112774e+01,9.723035e-01,-1.684486e+02
