! ! 
! S ! 
! ! 
! # MHz  S  MA  R  50.00000
! ! ===================================================================
1.00000,9.928195e-01,-7.605829e-01,1.133385e-01,1.783003e+02,2.342037e-03,8.949151e+01,9.501874e-01,-1.476159e-01
1.09648,9.928158e-01,-8.339597e-01,1.133428e-01,1.781363e+02,2.567975e-03,8.944241e+01,9.501865e-01,-1.618551e-01
1.20226,9.928114e-01,-9.144148e-01,1.133478e-01,1.779565e+02,2.815706e-03,8.938858e+01,9.501854e-01,-1.774682e-01
1.31826,9.928060e-01,-1.002631e+00,1.133539e-01,1.777593e+02,3.087331e-03,8.932957e+01,9.501842e-01,-1.945875e-01
1.44544,9.927996e-01,-1.099356e+00,1.133612e-01,1.775432e+02,3.385152e-03,8.926486e+01,9.501827e-01,-2.133584e-01
1.58489,9.927919e-01,-1.205412e+00,1.133700e-01,1.773063e+02,3.711694e-03,8.919392e+01,9.501808e-01,-2.339401e-01
1.73780,9.927827e-01,-1.321696e+00,1.133805e-01,1.770465e+02,4.069723e-03,8.911613e+01,9.501786e-01,-2.565071e-01
1.90546,9.927716e-01,-1.449196e+00,1.133932e-01,1.767617e+02,4.462274e-03,8.903085e+01,9.501760e-01,-2.812508e-01
2.08930,9.927582e-01,-1.588993e+00,1.134084e-01,1.764495e+02,4.892668e-03,8.893734e+01,9.501728e-01,-3.083811e-01
2.29087,9.927421e-01,-1.742270e+00,1.134267e-01,1.761073e+02,5.364548e-03,8.883482e+01,9.501690e-01,-3.381280e-01
2.51189,9.927228e-01,-1.910327e+00,1.134488e-01,1.757322e+02,5.881905e-03,8.872241e+01,9.501644e-01,-3.707435e-01
2.75423,9.926995e-01,-2.094587e+00,1.134752e-01,1.753211e+02,6.449111e-03,8.859917e+01,9.501589e-01,-4.065040e-01
3.01995,9.926716e-01,-2.296609e+00,1.135070e-01,1.748705e+02,7.070954e-03,8.846406e+01,9.501523e-01,-4.457123e-01
3.31131,9.926380e-01,-2.518104e+00,1.135453e-01,1.743767e+02,7.752678e-03,8.831592e+01,9.501444e-01,-4.887003e-01
3.63078,9.925977e-01,-2.760944e+00,1.135912e-01,1.738356e+02,8.500024e-03,8.815351e+01,9.501348e-01,-5.358318e-01
3.98107,9.925492e-01,-3.027179e+00,1.136463e-01,1.732428e+02,9.319276e-03,8.797546e+01,9.501233e-01,-5.875051e-01
4.36516,9.924909e-01,-3.319057e+00,1.137126e-01,1.725934e+02,1.021731e-02,8.778027e+01,9.501095e-01,-6.441567e-01
4.78630,9.924208e-01,-3.639038e+00,1.137922e-01,1.718821e+02,1.120164e-02,8.756629e+01,9.500930e-01,-7.062647e-01
5.24807,9.923366e-01,-3.989816e+00,1.138877e-01,1.711032e+02,1.228049e-02,8.733172e+01,9.500730e-01,-7.743526e-01
5.75440,9.922354e-01,-4.374338e+00,1.140024e-01,1.702506e+02,1.346283e-02,8.707460e+01,9.500491e-01,-8.489933e-01
6.30957,9.921139e-01,-4.795827e+00,1.141400e-01,1.693176e+02,1.475847e-02,8.679278e+01,9.500203e-01,-9.308140e-01
6.91831,9.919678e-01,-5.257810e+00,1.143051e-01,1.682968e+02,1.617807e-02,8.648390e+01,9.499857e-01,-1.020501e+00
7.58578,9.917925e-01,-5.764140e+00,1.145030e-01,1.671807e+02,1.773329e-02,8.614539e+01,9.499442e-01,-1.118803e+00
8.31764,9.915819e-01,-6.319022e+00,1.147401e-01,1.659610e+02,1.943677e-02,8.577446e+01,9.498944e-01,-1.226542e+00
9.12011,9.913290e-01,-6.927048e+00,1.150241e-01,1.646289e+02,2.130226e-02,8.536805e+01,9.498346e-01,-1.344610e+00
10.00000,9.910256e-01,-7.593221e+00,1.153640e-01,1.631751e+02,2.334464e-02,8.492283e+01,9.497629e-01,-1.473987e+00
10.96478,9.906615e-01,-8.322989e+00,1.157702e-01,1.615901e+02,2.558003e-02,8.443518e+01,9.496768e-01,-1.615735e+00
12.02264,9.902248e-01,-9.122274e+00,1.162554e-01,1.598638e+02,2.802576e-02,8.390118e+01,9.495736e-01,-1.771014e+00
13.18257,9.897014e-01,-9.997504e+00,1.168340e-01,1.579860e+02,3.070046e-02,8.331657e+01,9.494500e-01,-1.941084e+00
14.45440,9.890743e-01,-1.095564e+01,1.175229e-01,1.559464e+02,3.362404e-02,8.267676e+01,9.493019e-01,-2.127314e+00
15.84893,9.883236e-01,-1.200419e+01,1.183418e-01,1.537349e+02,3.681768e-02,8.197678e+01,9.491248e-01,-2.331185e+00
17.37801,9.874256e-01,-1.315126e+01,1.193131e-01,1.513419e+02,4.030370e-02,8.121133e+01,9.489130e-01,-2.554300e+00
19.05461,9.863526e-01,-1.440553e+01,1.204621e-01,1.487584e+02,4.410547e-02,8.037473e+01,9.486603e-01,-2.798385e+00
20.89296,9.850720e-01,-1.577627e+01,1.218175e-01,1.459765e+02,4.824717e-02,7.946093e+01,9.483589e-01,-3.065295e+00
22.90868,9.835458e-01,-1.727332e+01,1.234109e-01,1.429901e+02,5.275346e-02,7.846358e+01,9.480002e-01,-3.357016e+00
25.11886,9.817300e-01,-1.890704e+01,1.252767e-01,1.397947e+02,5.764903e-02,7.737600e+01,9.475741e-01,-3.675663e+00
27.54229,9.795742e-01,-2.068828e+01,1.274516e-01,1.363885e+02,6.295793e-02,7.619131e+01,9.470691e-01,-4.023478e+00
30.19952,9.770208e-01,-2.262824e+01,1.299738e-01,1.327723e+02,6.870280e-02,7.490244e+01,9.464723e-01,-4.402826e+00
33.11311,9.740052e-01,-2.473834e+01,1.328818e-01,1.289500e+02,7.490379e-02,7.350232e+01,9.457692e-01,-4.816179e+00
36.30781,9.704556e-01,-2.703000e+01,1.362126e-01,1.249288e+02,8.157728e-02,7.198400e+01,9.449441e-01,-5.266110e+00
39.81072,9.662943e-01,-2.951442e+01,1.400000e-01,1.207189e+02,8.873426e-02,7.034086e+01,9.439803e-01,-5.755275e+00
43.65158,9.614382e-01,-3.220219e+01,1.442717e-01,1.163338e+02,9.637854e-02,6.856686e+01,9.428605e-01,-6.286391e+00
47.86301,9.558020e-01,-3.510290e+01,1.490471e-01,1.117893e+02,1.045047e-01,6.665684e+01,9.415673e-01,-6.862227e+00
52.48075,9.493013e-01,-3.822465e+01,1.543336e-01,1.071038e+02,1.130959e-01,6.460685e+01,9.400846e-01,-7.485591e+00
57.54399,9.418572e-01,-4.157344e+01,1.601248e-01,1.022969e+02,1.221219e-01,6.241454e+01,9.383986e-01,-8.159332e+00
63.09573,9.334026e-01,-4.515260e+01,1.663970e-01,9.738961e+01,1.315368e-01,6.007953e+01,9.364993e-01,-8.886364e+00
69.18310,9.238894e-01,-4.896208e+01,1.731079e-01,9.240352e+01,1.412780e-01,5.760380e+01,9.343826e-01,-9.669711e+00
75.85776,9.132961e-01,-5.299783e+01,1.801955e-01,8.736043e+01,1.512659e-01,5.499196e+01,9.320515e-01,-1.051260e+01
83.17638,9.016360e-01,-5.725118e+01,1.875789e-01,8.228218e+01,1.614040e-01,5.225146e+01,9.295184e-01,-1.141857e+01
91.20108,8.889634e-01,-6.170846e+01,1.951596e-01,7.719042e+01,1.715816e-01,4.939265e+01,9.268058e-01,-1.239168e+01
100.00000,8.753787e-01,-6.635069e+01,2.028255e-01,7.210643e+01,1.816769e-01,4.642861e+01,9.239473e-01,-1.343665e+01
109.64782,8.610289e-01,-7.115362e+01,2.104559e-01,6.705089e+01,1.915624e-01,4.337476e+01,9.209865e-01,-1.455913e+01
120.22644,8.461043e-01,-7.608803e+01,2.179267e-01,6.204357e+01,2.011104e-01,4.024826e+01,9.179762e-01,-1.576588e+01
131.82567,8.308301e-01,-8.112038e+01,2.251174e-01,5.710290e+01,2.101992e-01,3.706726e+01,9.149753e-01,-1.706494e+01
144.54398,8.154548e-01,-8.621371e+01,2.319163e-01,5.224550e+01,2.187191e-01,3.384996e+01,9.120462e-01,-1.846574e+01
158.48932,8.002342e-01,-9.132884e+01,2.382256e-01,4.748559e+01,2.265768e-01,3.061373e+01,9.092510e-01,-1.997909e+01
173.78008,7.854164e-01,-9.642569e+01,2.439643e-01,4.283455e+01,2.336981e-01,2.737424e+01,9.066480e-01,-2.161712e+01
190.54607,7.712264e-01,-1.014647e+02,2.490697e-01,3.830056e+01,2.400292e-01,2.414473e+01,9.042899e-01,-2.339305e+01
208.92961,7.578544e-01,-1.064083e+02,2.534963e-01,3.388835e+01,2.455352e-01,2.093559e+01,9.022215e-01,-2.532097e+01
229.08677,7.454485e-01,-1.112219e+02,2.572143e-01,2.959922e+01,2.501977e-01,1.775407e+01,9.004795e-01,-2.741546e+01
251.18864,7.341114e-01,-1.158751e+02,2.602057e-01,2.543123e+01,2.540111e-01,1.460430e+01,8.990926e-01,-2.969126e+01
275.42287,7.239018e-01,-1.203426e+02,2.624611e-01,2.137957e+01,2.569785e-01,1.148752e+01,8.980829e-01,-3.216277e+01
301.99517,7.148386e-01,-1.246042e+02,2.639758e-01,1.743706e+01,2.591075e-01,8.402493e+00,8.974667e-01,-3.484363e+01
331.13112,7.069079e-01,-1.286451e+02,2.647464e-01,1.359479e+01,2.604067e-01,5.346054e+00,8.972566e-01,-3.774620e+01
363.07805,7.000698e-01,-1.324559e+02,2.647687e-01,9.842819e+00,2.608828e-01,2.313734e+00,8.974617e-01,-4.088095e+01
398.10717,6.942665e-01,-1.360321e+02,2.640356e-01,6.170888e+00,2.605392e-01,-6.995256e-01,8.980892e-01,-4.425585e+01
436.51583,6.894279e-01,-1.393735e+02,2.625370e-01,2.569178e+00,2.593751e-01,-3.698648e+00,8.991433e-01,-4.787565e+01
478.63009,6.854778e-01,-1.424838e+02,2.602599e-01,-9.709482e-01,2.573861e-01,-6.687692e+00,9.006253e-01,-5.174117e+01
524.80746,6.823371e-01,-1.453696e+02,2.571907e-01,-4.456251e+00,2.545659e-01,-9.669146e+00,9.025321e-01,-5.584850e+01
575.43994,6.799264e-01,-1.480401e+02,2.533173e-01,-7.890967e+00,2.509092e-01,-1.264328e+01,9.048541e-01,-6.018838e+01
630.95734,6.781676e-01,-1.505061e+02,2.486330e-01,-1.127627e+01,2.464147e-01,-1.560761e+01,9.075732e-01,-6.474561e+01
691.83097,6.769847e-01,-1.527799e+02,2.431402e-01,-1.460986e+01,2.410898e-01,-1.855643e+01,9.106616e-01,-6.949875e+01
758.57758,6.763032e-01,-1.548741e+02,2.368547e-01,-1.788574e+01,2.349544e-01,-2.148062e+01,9.140793e-01,-7.442015e+01
831.76377,6.760509e-01,-1.568017e+02,2.298090e-01,-2.109422e+01,2.280445e-01,-2.436762e+01,9.177747e-01,-7.947637e+01
912.01084,6.761572e-01,-1.585753e+02,2.220555e-01,-2.422213e+01,2.204151e-01,-2.720161e+01,9.216850e-01,-8.462899e+01
1000.00000,6.765544e-01,-1.602069e+02,2.136667e-01,-2.725336e+01,2.121410e-01,-2.996405e+01,9.257384e-01,-8.983597e+01
1096.47820,6.771780e-01,-1.617079e+02,2.047352e-01,-3.016951e+01,2.033164e-01,-3.263432e+01,9.298579e-01,-9.505317e+01
1202.26443,6.779680e-01,-1.630882e+02,1.953704e-01,-3.295083e+01,1.940521e-01,-3.519064e+01,9.339654e-01,-1.002362e+02
1318.25674,6.788702e-01,-1.643571e+02,1.856941e-01,-3.557712e+01,1.844705e-01,-3.761092e+01,9.379865e-01,-1.053422e+02
1445.43977,6.798373e-01,-1.655224e+02,1.758344e-01,-3.802871e+01,1.747008e-01,-3.987381e+01,9.418548e-01,-1.103317e+02
1584.89319,6.808298e-01,-1.665911e+02,1.659204e-01,-4.028730e+01,1.648721e-01,-4.195943e+01,9.455152e-01,-1.151695e+02
1737.80083,6.818167e-01,-1.675693e+02,1.560753e-01,-4.233664e+01,1.551078e-01,-4.385012e+01,9.489259e-01,-1.198263e+02
1905.46072,6.827750e-01,-1.684624e+02,1.464118e-01,-4.416303e+01,1.455211e-01,-4.553088e+01,9.520590e-01,-1.242788e+02
2089.29613,6.836896e-01,-1.692750e+02,1.370286e-01,-4.575563e+01,1.362105e-01,-4.698971e+01,9.549001e-01,-1.285096e+02
2290.86765,6.845522e-01,-1.700113e+02,1.280078e-01,-4.710659e+01,1.272582e-01,-4.821769e+01,9.574465e-01,-1.325075e+02
2511.88643,6.853604e-01,-1.706753e+02,1.194144e-01,-4.821108e+01,1.187294e-01,-4.920905e+01,9.597052e-01,-1.362666e+02
2754.22870,6.861167e-01,-1.712704e+02,1.112965e-01,-4.906724e+01,1.106723e-01,-4.996108e+01,9.616903e-01,-1.397856e+02
3019.95172,6.868274e-01,-1.717999e+02,1.036868e-01,-4.967614e+01,1.031194e-01,-5.047411e+01,9.634209e-01,-1.430671e+02
3311.31121,6.875020e-01,-1.722667e+02,9.660370e-02,-5.004176e+01,9.608950e-02,-5.075144e+01,9.649192e-01,-1.461168e+02
3630.78055,6.881520e-01,-1.726736e+02,9.005418e-02,-5.017096e+01,8.958958e-02,-5.079941e+01,9.662087e-01,-1.489430e+02
3981.07171,6.887914e-01,-1.730231e+02,8.403516e-02,-5.007364e+01,8.361671e-02,-5.062741e+01,9.673129e-01,-1.515554e+02
4365.15832,6.894355e-01,-1.733174e+02,7.853567e-02,-4.976277e+01,7.816009e-02,-5.024804e+01,9.682545e-01,-1.539650e+02
4786.30092,6.901014e-01,-1.735585e+02,7.353852e-02,-4.925456e+01,7.320263e-02,-4.967717e+01,9.690545e-01,-1.561836e+02
5248.07460,6.908081e-01,-1.737483e+02,6.902169e-02,-4.856852e+01,6.872245e-02,-4.893403e+01,9.697325e-01,-1.582230e+02
5754.39937,6.915765e-01,-1.738884e+02,6.495953e-02,-4.772743e+01,6.469403e-02,-4.804121e+01,9.703059e-01,-1.600953e+02
6309.57344,6.924298e-01,-1.739800e+02,6.132375e-02,-4.675721e+01,6.108919e-02,-4.702441e+01,9.707903e-01,-1.618123e+02
6918.30971,6.933941e-01,-1.740245e+02,5.808417e-02,-4.568655e+01,5.787787e-02,-4.591213e+01,9.711993e-01,-1.633853e+02
7585.77575,6.944988e-01,-1.740229e+02,5.520938e-02,-4.454634e+01,5.502877e-02,-4.473508e+01,9.715447e-01,-1.648252e+02
8317.63771,6.957772e-01,-1.739761e+02,5.266729e-02,-4.336897e+01,5.250992e-02,-4.352540e+01,9.718371e-01,-1.661424e+02
9120.10839,6.972672e-01,-1.738852e+02,5.042559e-02,-4.218741e+01,5.028912e-02,-4.231583e+01,9.720852e-01,-1.673466e+02
10000.00000,6.990116e-01,-1.737513e+02,4.845217e-02,-4.103431e+01,4.833437e-02,-4.113870e+01,9.722968e-01,-1.684470e+02
