! ! 
! S ! 
! ! 
! # MHz  S  MA  R  50.00000
! ! ===================================================================
1.00000,9.928196e-01,-7.605573e-01,1.131642e-01,1.783007e+02,2.337992e-03,8.949165e+01,9.470108e-01,-1.476167e-01
1.09648,9.928159e-01,-8.339316e-01,1.131683e-01,1.781367e+02,2.563540e-03,8.944257e+01,9.470099e-01,-1.618558e-01
1.20226,9.928115e-01,-9.143840e-01,1.131734e-01,1.779569e+02,2.810844e-03,8.938875e+01,9.470089e-01,-1.774687e-01
1.31826,9.928062e-01,-1.002597e+00,1.131794e-01,1.777598e+02,3.081999e-03,8.932975e+01,9.470076e-01,-1.945878e-01
1.44544,9.927998e-01,-1.099319e+00,1.131867e-01,1.775437e+02,3.379306e-03,8.926506e+01,9.470061e-01,-2.133585e-01
1.58489,9.927921e-01,-1.205371e+00,1.131955e-01,1.773068e+02,3.705284e-03,8.919413e+01,9.470043e-01,-2.339400e-01
1.73780,9.927828e-01,-1.321652e+00,1.132060e-01,1.770471e+02,4.062695e-03,8.911637e+01,9.470021e-01,-2.565068e-01
1.90546,9.927717e-01,-1.449147e+00,1.132187e-01,1.767624e+02,4.454567e-03,8.903110e+01,9.469995e-01,-2.812504e-01
2.08930,9.927583e-01,-1.588939e+00,1.132339e-01,1.764503e+02,4.884218e-03,8.893762e+01,9.469963e-01,-3.083805e-01
2.29087,9.927422e-01,-1.742211e+00,1.132522e-01,1.761082e+02,5.355284e-03,8.883512e+01,9.469925e-01,-3.381272e-01
2.51189,9.927229e-01,-1.910262e+00,1.132742e-01,1.757331e+02,5.871748e-03,8.872275e+01,9.469880e-01,-3.707425e-01
2.75423,9.926997e-01,-2.094516e+00,1.133006e-01,1.753221e+02,6.437974e-03,8.859954e+01,9.469825e-01,-4.065028e-01
3.01995,9.926718e-01,-2.296532e+00,1.133323e-01,1.748716e+02,7.058743e-03,8.846446e+01,9.469759e-01,-4.457109e-01
3.31131,9.926382e-01,-2.518019e+00,1.133705e-01,1.743779e+02,7.739289e-03,8.831636e+01,9.469680e-01,-4.886987e-01
3.63078,9.925979e-01,-2.760851e+00,1.134163e-01,1.738369e+02,8.485345e-03,8.815399e+01,9.469585e-01,-5.358300e-01
3.98107,9.925494e-01,-3.027077e+00,1.134713e-01,1.732442e+02,9.303183e-03,8.797599e+01,9.469471e-01,-5.875030e-01
4.36516,9.924911e-01,-3.318945e+00,1.135375e-01,1.725949e+02,1.019967e-02,8.778084e+01,9.469333e-01,-6.441544e-01
4.78630,9.924210e-01,-3.638916e+00,1.136169e-01,1.718838e+02,1.118230e-02,8.756692e+01,9.469168e-01,-7.062621e-01
5.24807,9.923369e-01,-3.989682e+00,1.137122e-01,1.711051e+02,1.225929e-02,8.733241e+01,9.468970e-01,-7.743497e-01
5.75440,9.922357e-01,-4.374191e+00,1.138267e-01,1.702527e+02,1.343959e-02,8.707536e+01,9.468731e-01,-8.489902e-01
6.30957,9.921142e-01,-4.795666e+00,1.139640e-01,1.693198e+02,1.473298e-02,8.679361e+01,9.468445e-01,-9.308106e-01
6.91831,9.919683e-01,-5.257634e+00,1.141288e-01,1.682993e+02,1.615014e-02,8.648481e+01,9.468101e-01,-1.020497e+00
7.58578,9.917930e-01,-5.763946e+00,1.143263e-01,1.671834e+02,1.770267e-02,8.614639e+01,9.467688e-01,-1.118799e+00
8.31764,9.915824e-01,-6.318810e+00,1.145630e-01,1.659639e+02,1.940321e-02,8.577556e+01,9.467192e-01,-1.226537e+00
9.12011,9.913297e-01,-6.926816e+00,1.148465e-01,1.646320e+02,2.126548e-02,8.536925e+01,9.466597e-01,-1.344606e+00
10.00000,9.910263e-01,-7.592967e+00,1.151857e-01,1.631786e+02,2.330435e-02,8.492414e+01,9.465883e-01,-1.473982e+00
10.96478,9.906624e-01,-8.322711e+00,1.155911e-01,1.615939e+02,2.553587e-02,8.443662e+01,9.465026e-01,-1.615729e+00
12.02264,9.902259e-01,-9.121971e+00,1.160754e-01,1.598679e+02,2.797739e-02,8.390276e+01,9.463999e-01,-1.771008e+00
13.18257,9.897026e-01,-9.997172e+00,1.166528e-01,1.579905e+02,3.064748e-02,8.331830e+01,9.462768e-01,-1.941078e+00
14.45440,9.890758e-01,-1.095528e+01,1.173405e-01,1.559513e+02,3.356603e-02,8.267864e+01,9.461294e-01,-2.127308e+00
15.84893,9.883253e-01,-1.200380e+01,1.181578e-01,1.537402e+02,3.675416e-02,8.197885e+01,9.459531e-01,-2.331180e+00
17.37801,9.874277e-01,-1.315083e+01,1.191272e-01,1.513476e+02,4.023418e-02,8.121360e+01,9.457424e-01,-2.554295e+00
19.05461,9.863550e-01,-1.440506e+01,1.202741e-01,1.487645e+02,4.402942e-02,8.037721e+01,9.454908e-01,-2.798381e+00
20.89296,9.850749e-01,-1.577576e+01,1.216269e-01,1.459832e+02,4.816401e-02,7.946365e+01,9.451908e-01,-3.065293e+00
22.90868,9.835492e-01,-1.727276e+01,1.232172e-01,1.429972e+02,5.266257e-02,7.846655e+01,9.448338e-01,-3.357016e+00
25.11886,9.817341e-01,-1.890644e+01,1.250795e-01,1.398023e+02,5.754974e-02,7.737925e+01,9.444097e-01,-3.675666e+00
27.54229,9.795790e-01,-2.068763e+01,1.272503e-01,1.363967e+02,6.284955e-02,7.619486e+01,9.439070e-01,-4.023486e+00
30.19952,9.770265e-01,-2.262754e+01,1.297678e-01,1.327810e+02,6.858461e-02,7.490632e+01,9.433130e-01,-4.402839e+00
33.11311,9.740119e-01,-2.473758e+01,1.326704e-01,1.289593e+02,7.477503e-02,7.350656e+01,9.426132e-01,-4.816201e+00
36.30781,9.704636e-01,-2.702919e+01,1.359951e-01,1.249386e+02,8.143717e-02,7.198863e+01,9.417920e-01,-5.266143e+00
39.81072,9.663037e-01,-2.951355e+01,1.397755e-01,1.207293e+02,8.858201e-02,7.034591e+01,9.408328e-01,-5.755321e+00
43.65158,9.614492e-01,-3.220127e+01,1.440395e-01,1.163446e+02,9.621338e-02,6.857237e+01,9.397182e-01,-6.286455e+00
47.86301,9.558149e-01,-3.510193e+01,1.488062e-01,1.118007e+02,1.043259e-01,6.666283e+01,9.384312e-01,-6.862315e+00
52.48075,9.493162e-01,-3.822363e+01,1.540833e-01,1.071156e+02,1.129027e-01,6.461336e+01,9.369556e-01,-7.485709e+00
57.54399,9.418745e-01,-4.157238e+01,1.598643e-01,1.023092e+02,1.219136e-01,6.242162e+01,9.352778e-01,-8.159489e+00
63.09573,9.334225e-01,-4.515151e+01,1.661255e-01,9.740247e+01,1.313129e-01,6.008721e+01,9.333878e-01,-8.886568e+00
69.18310,9.239121e-01,-4.896098e+01,1.728248e-01,9.241687e+01,1.410382e-01,5.761212e+01,9.312816e-01,-9.669974e+00
75.85776,9.133219e-01,-5.299672e+01,1.799004e-01,8.737429e+01,1.510098e-01,5.500095e+01,9.289623e-01,-1.051293e+01
83.17638,9.016650e-01,-5.725009e+01,1.872714e-01,8.229655e+01,1.611316e-01,5.226117e+01,9.264423e-01,-1.141899e+01
91.20108,8.889957e-01,-6.170741e+01,1.948396e-01,7.720533e+01,1.712931e-01,4.940313e+01,9.237442e-01,-1.239220e+01
100.00000,8.754144e-01,-6.634971e+01,2.024932e-01,7.212191e+01,1.813726e-01,4.643989e+01,9.209013e-01,-1.343729e+01
109.64782,8.610680e-01,-7.115273e+01,2.101115e-01,6.706697e+01,1.912429e-01,4.338689e+01,9.179576e-01,-1.455991e+01
120.22644,8.461466e-01,-7.608726e+01,2.175708e-01,6.206031e+01,2.007765e-01,4.026129e+01,9.149655e-01,-1.576682e+01
131.82567,8.308756e-01,-8.111976e+01,2.247508e-01,5.712036e+01,2.098521e-01,3.708125e+01,9.119842e-01,-1.706606e+01
144.54398,8.155031e-01,-8.621327e+01,2.315400e-01,5.226373e+01,2.183599e-01,3.386497e+01,9.090760e-01,-1.846705e+01
158.48932,8.002850e-01,-9.132861e+01,2.378407e-01,4.750467e+01,2.262069e-01,3.062983e+01,9.063029e-01,-1.998062e+01
173.78008,7.854693e-01,-9.642570e+01,2.435723e-01,4.285457e+01,2.333192e-01,2.739149e+01,9.037236e-01,-2.161887e+01
190.54607,7.712810e-01,-1.014650e+02,2.486719e-01,3.832161e+01,2.396429e-01,2.416323e+01,9.013909e-01,-2.339505e+01
208.92961,7.579102e-01,-1.064088e+02,2.530944e-01,3.391052e+01,2.451433e-01,2.095542e+01,8.993499e-01,-2.532322e+01
229.08677,7.455051e-01,-1.112227e+02,2.568099e-01,2.962263e+01,2.498021e-01,1.777532e+01,8.976378e-01,-2.741799e+01
251.18864,7.341682e-01,-1.158762e+02,2.598005e-01,2.545598e+01,2.536137e-01,1.462707e+01,8.962838e-01,-2.969406e+01
275.42287,7.239583e-01,-1.203440e+02,2.620570e-01,2.140578e+01,2.565812e-01,1.151191e+01,8.953104e-01,-3.216584e+01
301.99517,7.148944e-01,-1.246059e+02,2.635747e-01,1.746483e+01,2.587124e-01,8.428601e+00,8.947349e-01,-3.484697e+01
331.13112,7.069624e-01,-1.286471e+02,2.643504e-01,1.362424e+01,2.600158e-01,5.373972e+00,8.945703e-01,-3.774980e+01
363.07805,7.001225e-01,-1.324582e+02,2.643797e-01,9.874026e+00,2.604984e-01,2.343544e+00,8.948269e-01,-4.088478e+01
398.10717,6.943168e-01,-1.360347e+02,2.636558e-01,6.203930e+00,2.601634e-01,-6.677609e-01,8.955123e-01,-4.425989e+01
436.51583,6.894754e-01,-1.393764e+02,2.621685e-01,2.604105e+00,2.590102e-01,-3.664888e+00,8.966318e-01,-4.787987e+01
478.63009,6.855220e-01,-1.424869e+02,2.599049e-01,-9.341174e-01,2.570343e-01,-6.651927e+00,8.981874e-01,-5.174551e+01
524.80746,6.823775e-01,-1.453728e+02,2.568513e-01,-4.417537e+00,2.542294e-01,-9.631406e+00,9.001764e-01,-5.585291e+01
575.43994,6.799628e-01,-1.480435e+02,2.529956e-01,-7.850436e+00,2.505899e-01,-1.260364e+01,9.025896e-01,-6.019279e+01
630.95734,6.781997e-01,-1.505096e+02,2.483308e-01,-1.123404e+01,2.461147e-01,-1.556619e+01,9.054090e-01,-6.474994e+01
691.83097,6.770123e-01,-1.527834e+02,2.428592e-01,-1.456610e+01,2.408108e-01,-1.851340e+01,9.086063e-01,-6.950292e+01
758.57758,6.763263e-01,-1.548776e+02,2.365962e-01,-1.784068e+01,2.346976e-01,-2.143623e+01,9.121411e-01,-7.442409e+01
831.76377,6.760694e-01,-1.568051e+02,2.295739e-01,-2.104813e+01,2.278108e-01,-2.432214e+01,9.159606e-01,-7.948000e+01
912.01084,6.761715e-01,-1.585786e+02,2.218441e-01,-2.417534e+01,2.202049e-01,-2.715537e+01,9.200003e-01,-8.463226e+01
1000.00000,6.765649e-01,-1.602101e+02,2.134789e-01,-2.720621e+01,2.119542e-01,-2.991741e+01,9.241867e-01,-8.983883e+01
1096.47820,6.771850e-01,-1.617108e+02,2.045705e-01,-3.012239e+01,2.031525e-01,-3.258767e+01,9.284406e-01,-9.505558e+01
1202.26443,6.779721e-01,-1.630910e+02,1.952276e-01,-3.290412e+01,1.939099e-01,-3.514435e+01,9.326817e-01,-1.002382e+02
1318.25674,6.788719e-01,-1.643596e+02,1.855716e-01,-3.553118e+01,1.843487e-01,-3.756537e+01,9.368334e-01,-1.053437e+02
1445.43977,6.798371e-01,-1.655246e+02,1.757307e-01,-3.798389e+01,1.745975e-01,-3.982934e+01,9.408274e-01,-1.103328e+02
1584.89319,6.808282e-01,-1.665931e+02,1.658334e-01,-4.024390e+01,1.647854e-01,-4.191634e+01,9.446068e-01,-1.151702e+02
1737.80083,6.818142e-01,-1.675711e+02,1.560030e-01,-4.229491e+01,1.550358e-01,-4.380867e+01,9.481285e-01,-1.198267e+02
1905.46072,6.827719e-01,-1.684640e+02,1.463522e-01,-4.412316e+01,1.454617e-01,-4.549127e+01,9.513637e-01,-1.242789e+02
2089.29613,6.836862e-01,-1.692764e+02,1.369798e-01,-4.571778e+01,1.361619e-01,-4.695209e+01,9.542977e-01,-1.285095e+02
2290.86765,6.845488e-01,-1.700126e+02,1.279681e-01,-4.707084e+01,1.272187e-01,-4.818216e+01,9.569274e-01,-1.325072e+02
2511.88643,6.853571e-01,-1.706764e+02,1.193822e-01,-4.817748e+01,1.186973e-01,-4.917565e+01,9.592601e-01,-1.362662e+02
2754.22870,6.861136e-01,-1.712714e+02,1.112705e-01,-4.903580e+01,1.106463e-01,-4.992981e+01,9.613103e-01,-1.397850e+02
3019.95172,6.868246e-01,-1.718007e+02,1.036658e-01,-4.964683e+01,1.030984e-01,-5.044495e+01,9.630978e-01,-1.430665e+02
3311.31121,6.874994e-01,-1.722675e+02,9.658673e-02,-5.001452e+01,9.607253e-02,-5.072434e+01,9.646455e-01,-1.461162e+02
3630.78055,6.881497e-01,-1.726743e+02,9.004044e-02,-5.014572e+01,8.957583e-02,-5.077429e+01,9.659774e-01,-1.489423e+02
3981.07171,6.887893e-01,-1.730237e+02,8.402399e-02,-5.005030e+01,8.360553e-02,-5.060418e+01,9.671180e-01,-1.515547e+02
4365.15832,6.894337e-01,-1.733179e+02,7.852655e-02,-4.974122e+01,7.815095e-02,-5.022658e+01,9.680905e-01,-1.539644e+02
4786.30092,6.900998e-01,-1.735591e+02,7.353102e-02,-4.923470e+01,7.319510e-02,-4.965739e+01,9.689169e-01,-1.561829e+02
5248.07460,6.908066e-01,-1.737489e+02,6.901547e-02,-4.855023e+01,6.871620e-02,-4.891582e+01,9.696172e-01,-1.582224e+02
5754.39937,6.915751e-01,-1.738889e+02,6.495432e-02,-4.771060e+01,6.468879e-02,-4.802445e+01,9.702094e-01,-1.600947e+02
6309.57344,6.924284e-01,-1.739805e+02,6.131934e-02,-4.674173e+01,6.108475e-02,-4.700899e+01,9.707096e-01,-1.618117e+02
6918.30971,6.933927e-01,-1.740250e+02,5.808039e-02,-4.567231e+01,5.787407e-02,-4.589794e+01,9.711319e-01,-1.633847e+02
7585.77575,6.944974e-01,-1.740234e+02,5.520610e-02,-4.453323e+01,5.502548e-02,-4.472200e+01,9.714886e-01,-1.648247e+02
8317.63771,6.957757e-01,-1.739766e+02,5.266442e-02,-4.335689e+01,5.250703e-02,-4.351335e+01,9.717903e-01,-1.661419e+02
9120.10839,6.972655e-01,-1.738857e+02,5.042305e-02,-4.217626e+01,5.028655e-02,-4.230471e+01,9.720463e-01,-1.673462e+02
10000.00000,6.990097e-01,-1.737518e+02,4.844988e-02,-4.102400e+01,4.833207e-02,-4.112842e+01,9.722644e-01,-1.684466e+02
