! ! 
! S ! 
! ! 
! # MHz  S  MA  R  50.00000
! ! ===================================================================
1.00000,9.934713e-01,-7.461263e-01,6.427097e-02,1.774055e+02,2.340854e-03,8.949984e+01,9.511412e-01,-1.433492e-01
1.09648,9.934678e-01,-8.181085e-01,6.427924e-02,1.771553e+02,2.566679e-03,8.945155e+01,9.511404e-01,-1.571769e-01
1.20226,9.934635e-01,-8.970346e-01,6.428918e-02,1.768811e+02,2.814286e-03,8.939861e+01,9.511395e-01,-1.723388e-01
1.31826,9.934583e-01,-9.835742e-01,6.430113e-02,1.765805e+02,3.085775e-03,8.934056e+01,9.511384e-01,-1.889634e-01
1.44544,9.934522e-01,-1.078461e+00,6.431549e-02,1.762510e+02,3.383447e-03,8.927691e+01,9.511370e-01,-2.071919e-01
1.58489,9.934447e-01,-1.182501e+00,6.433275e-02,1.758899e+02,3.709826e-03,8.920713e+01,9.511354e-01,-2.271789e-01
1.73780,9.934358e-01,-1.296576e+00,6.435350e-02,1.754942e+02,4.067678e-03,8.913062e+01,9.511335e-01,-2.490939e-01
1.90546,9.934250e-01,-1.421654e+00,6.437843e-02,1.750605e+02,4.460035e-03,8.904673e+01,9.511312e-01,-2.731228e-01
2.08930,9.934121e-01,-1.558794e+00,6.440839e-02,1.745854e+02,4.890217e-03,8.895476e+01,9.511284e-01,-2.994694e-01
2.29087,9.933966e-01,-1.709159e+00,6.444438e-02,1.740649e+02,5.361867e-03,8.885391e+01,9.511251e-01,-3.283571e-01
2.51189,9.933779e-01,-1.874023e+00,6.448763e-02,1.734947e+02,5.878972e-03,8.874335e+01,9.511211e-01,-3.600307e-01
2.75423,9.933554e-01,-2.054783e+00,6.453958e-02,1.728704e+02,6.445905e-03,8.862213e+01,9.511162e-01,-3.947586e-01
3.01995,9.933284e-01,-2.252969e+00,6.460196e-02,1.721868e+02,7.067451e-03,8.848923e+01,9.511104e-01,-4.328351e-01
3.31131,9.932960e-01,-2.470258e+00,6.467687e-02,1.714387e+02,7.748854e-03,8.834351e+01,9.511035e-01,-4.745825e-01
3.63078,9.932570e-01,-2.708486e+00,6.476680e-02,1.706201e+02,8.495854e-03,8.818376e+01,9.510951e-01,-5.203542e-01
3.98107,9.932101e-01,-2.969668e+00,6.487471e-02,1.697250e+02,9.314733e-03,8.800863e+01,9.510850e-01,-5.705373e-01
4.36516,9.931538e-01,-3.256008e+00,6.500416e-02,1.687465e+02,1.021237e-02,8.781663e+01,9.510729e-01,-6.255558e-01
4.78630,9.930861e-01,-3.569919e+00,6.515939e-02,1.676776e+02,1.119627e-02,8.760614e+01,9.510583e-01,-6.858744e-01
5.24807,9.930047e-01,-3.914045e+00,6.534543e-02,1.665108e+02,1.227467e-02,8.737541e+01,9.510409e-01,-7.520019e-01
5.75440,9.929070e-01,-4.291279e+00,6.556826e-02,1.652382e+02,1.345654e-02,8.712249e+01,9.510198e-01,-8.244952e-01
6.30957,9.927895e-01,-4.704785e+00,6.583495e-02,1.638517e+02,1.475169e-02,8.684526e+01,9.509946e-01,-9.039642e-01
6.91831,9.926484e-01,-5.158023e+00,6.615386e-02,1.623429e+02,1.617079e-02,8.654141e+01,9.509643e-01,-9.910760e-01
7.58578,9.924789e-01,-5.654776e+00,6.653483e-02,1.607032e+02,1.772551e-02,8.620842e+01,9.509279e-01,-1.086560e+00
8.31764,9.922753e-01,-6.199175e+00,6.698938e-02,1.589244e+02,1.942851e-02,8.584352e+01,9.508842e-01,-1.191215e+00
9.12011,9.920310e-01,-6.795726e+00,6.753094e-02,1.569984e+02,2.129355e-02,8.544370e+01,9.508317e-01,-1.305911e+00
10.00000,9.917376e-01,-7.449347e+00,6.817510e-02,1.549175e+02,2.333556e-02,8.500569e+01,9.507687e-01,-1.431600e+00
10.96478,9.913857e-01,-8.165387e+00,6.893981e-02,1.526753e+02,2.557067e-02,8.452592e+01,9.506932e-01,-1.569320e+00
12.02264,9.909635e-01,-8.949669e+00,6.984559e-02,1.502661e+02,2.801629e-02,8.400052e+01,9.506026e-01,-1.720202e+00
13.18257,9.904574e-01,-9.808512e+00,7.091568e-02,1.476863e+02,3.069112e-02,8.342529e+01,9.504941e-01,-1.885475e+00
14.45440,9.898511e-01,-1.074876e+01,7.217617e-02,1.449339e+02,3.361518e-02,8.279570e+01,9.503641e-01,-2.066479e+00
15.84893,9.891250e-01,-1.177781e+01,7.365595e-02,1.420094e+02,3.680974e-02,8.210685e+01,9.502086e-01,-2.264663e+00
17.37801,9.882564e-01,-1.290365e+01,7.538665e-02,1.389159e+02,4.029733e-02,8.135349e+01,9.500226e-01,-2.481599e+00
19.05461,9.872183e-01,-1.413481e+01,7.740231e-02,1.356590e+02,4.410154e-02,8.053000e+01,9.498006e-01,-2.718982e+00
20.89296,9.859789e-01,-1.548046e+01,7.973900e-02,1.322474e+02,4.824684e-02,7.963040e+01,9.495358e-01,-2.978639e+00
22.90868,9.845014e-01,-1.695031e+01,8.243414e-02,1.286918e+02,5.275826e-02,7.864838e+01,9.492206e-01,-3.262530e+00
25.11886,9.827430e-01,-1.855463e+01,8.552568e-02,1.250055e+02,5.766096e-02,7.757730e+01,9.488459e-01,-3.572752e+00
27.54229,9.806543e-01,-2.030416e+01,8.905105e-02,1.212028e+02,6.297962e-02,7.641029e+01,9.484017e-01,-3.911535e+00
30.19952,9.781791e-01,-2.221002e+01,9.304593e-02,1.172988e+02,6.873765e-02,7.514030e+01,9.478764e-01,-4.281241e+00
33.11311,9.752540e-01,-2.428362e+01,9.754279e-02,1.133086e+02,7.495615e-02,7.376023e+01,9.472573e-01,-4.684357e+00
36.30781,9.718085e-01,-2.653638e+01,1.025693e-01,1.092463e+02,8.165265e-02,7.226306e+01,9.465302e-01,-5.123487e+00
39.81072,9.677657e-01,-2.897956e+01,1.081465e-01,1.051245e+02,8.883958e-02,7.064207e+01,9.456801e-01,-5.601338e+00
43.65158,9.630433e-01,-3.162390e+01,1.142869e-01,1.009537e+02,9.652241e-02,6.889104e+01,9.446914e-01,-6.120707e+00
47.86301,9.575558e-01,-3.447923e+01,1.209923e-01,9.674274e+01,1.046976e-01,6.700458e+01,9.435483e-01,-6.684473e+00
52.48075,9.512181e-01,-3.755399e+01,1.282519e-01,9.249811e+01,1.133506e-01,6.497843e+01,9.422360e-01,-7.295584e+00
57.54399,9.439496e-01,-4.085466e+01,1.360400e-01,8.822492e+01,1.224532e-01,6.280987e+01,9.407414e-01,-7.957064e+00
63.09573,9.356800e-01,-4.438515e+01,1.443144e-01,8.392724e+01,1.319620e-01,6.049804e+01,9.390549e-01,-8.672030e+00
69.18310,9.263565e-01,-4.814616e+01,1.530150e-01,7.960877e+01,1.418169e-01,5.804438e+01,9.371716e-01,-9.443738e+00
75.85776,9.159516e-01,-5.213450e+01,1.620634e-01,7.527358e+01,1.519398e-01,5.545290e+01,9.350931e-01,-1.027565e+01
83.17638,9.044709e-01,-5.634251e+01,1.713634e-01,7.092665e+01,1.622359e-01,5.273043e+01,9.328292e-01,-1.117156e+01
91.20108,8.919601e-01,-6.075756e+01,1.808032e-01,6.657442e+01,1.725948e-01,4.988669e+01,9.303986e-01,-1.213574e+01
100.00000,8.785105e-01,-6.536177e+01,1.902586e-01,6.222498e+01,1.828943e-01,4.693418e+01,9.278302e-01,-1.317308e+01
109.64782,8.642601e-01,-7.013198e+01,1.995979e-01,5.788809e+01,1.930049e-01,4.388783e+01,9.251622e-01,-1.428937e+01
120.22644,8.493914e-01,-7.503998e+01,2.086877e-01,5.357488e+01,2.027958e-01,4.076445e+01,9.224412e-01,-1.549139e+01
131.82567,8.341244e-01,-8.005305e+01,2.173994e-01,4.929734e+01,2.121411e-01,3.758200e+01,9.197204e-01,-1.678717e+01
144.54398,8.187047e-01,-8.513490e+01,2.256148e-01,4.506759e+01,2.209257e-01,3.435869e+01,9.170563e-01,-1.818599e+01
158.48932,8.033889e-01,-9.024672e+01,2.332312e-01,4.089713e+01,2.290505e-01,3.111205e+01,9.145056e-01,-1.969850e+01
173.78008,7.884289e-01,-9.534853e+01,2.401647e-01,3.679608e+01,2.364355e-01,2.785811e+01,9.121228e-01,-2.133655e+01
190.54607,7.740561e-01,-1.004006e+02,2.463518e-01,3.277246e+01,2.430209e-01,2.461058e+01,9.099569e-01,-2.311311e+01
208.92961,7.604697e-01,-1.053648e+02,2.517481e-01,2.883176e+01,2.487669e-01,2.138041e+01,9.080506e-01,-2.504197e+01
229.08677,7.478274e-01,-1.102059e+02,2.563267e-01,2.497670e+01,2.536510e-01,1.817545e+01,9.064388e-01,-2.713746e+01
251.18864,7.362418e-01,-1.148926e+02,2.600743e-01,2.120716e+01,2.576643e-01,1.500045e+01,9.051496e-01,-2.941404e+01
275.42287,7.257808e-01,-1.193985e+02,2.629873e-01,1.752042e+01,2.608075e-01,1.185720e+01,9.042043e-01,-3.188594e+01
301.99517,7.164713e-01,-1.237024e+02,2.650678e-01,1.391154e+01,2.630870e-01,8.744994e+00,9.036193e-01,-3.456666e+01
331.13112,7.083057e-01,-1.277883e+02,2.663196e-01,1.037385e+01,2.645107e-01,5.661078e+00,9.034069e-01,-3.746848e+01
363.07805,7.012488e-01,-1.316458e+02,2.667456e-01,6.899630e+00,2.650853e-01,2.601340e+00,9.035763e-01,-4.060184e+01
398.10717,6.952459e-01,-1.352695e+02,2.663461e-01,3.480734e+00,2.648142e-01,-4.390076e-01,9.041344e-01,-4.397478e+01
436.51583,6.902287e-01,-1.386583e+02,2.651175e-01,1.093551e-01,2.636973e-01,-3.464695e+00,9.050857e-01,-4.759217e+01
478.63009,6.861214e-01,-1.418153e+02,2.630533e-01,-3.221270e+00,2.617307e-01,-6.479653e+00,9.064317e-01,-5.145496e+01
524.80746,6.828445e-01,-1.447465e+02,2.601454e-01,-6.516166e+00,2.589089e-01,-9.486302e+00,9.081695e-01,-5.555950e+01
575.43994,6.803179e-01,-1.474607e+02,2.563870e-01,-9.777970e+00,2.552272e-01,-1.248489e+01,9.102906e-01,-5.989678e+01
630.95734,6.784619e-01,-1.499685e+02,2.517758e-01,-1.300639e+01,2.506853e-01,-1.547295e+01,9.127787e-01,-6.445188e+01
691.83097,6.771988e-01,-1.522819e+02,2.463186e-01,-1.619779e+01,2.452914e-01,-1.844482e+01,9.156081e-01,-6.920367e+01
758.57758,6.764525e-01,-1.544135e+02,2.400350e-01,-1.934496e+01,2.390665e-01,-2.139146e+01,9.187423e-01,-7.412479e+01
831.76377,6.761486e-01,-1.563763e+02,2.329613e-01,-2.243709e+01,2.320480e-01,-2.430038e+01,9.221341e-01,-7.918203e+01
912.01084,6.762150e-01,-1.581828e+02,2.251531e-01,-2.546002e+01,2.242924e-01,-2.715589e+01,9.257256e-01,-8.433719e+01
1000.00000,6.765822e-01,-1.598452e+02,2.166868e-01,-2.839671e+01,2.158765e-01,-2.993954e+01,9.294510e-01,-8.954833e+01
1096.47820,6.771838e-01,-1.613749e+02,2.076582e-01,-3.122795e+01,2.068967e-01,-3.263083e+01,9.332393e-01,-9.477135e+01
1202.26443,6.779585e-01,-1.627819e+02,1.981802e-01,-3.393322e+01,1.974661e-01,-3.520807e+01,9.370185e-01,-9.996182e+01
1318.25674,6.788505e-01,-1.640756e+02,1.883778e-01,-3.649166e+01,1.877098e-01,-3.764932e+01,9.407200e-01,-1.050768e+02
1445.43977,6.798115e-01,-1.652639e+02,1.783827e-01,-3.888296e+01,1.777596e-01,-3.993330e+01,9.442824e-01,-1.100765e+02
1584.89319,6.808010e-01,-1.663540e+02,1.683267e-01,-4.108825e+01,1.677471e-01,-4.204025e+01,9.476546e-01,-1.149256e+02
1737.80083,6.817870e-01,-1.673520e+02,1.583359e-01,-4.309076e+01,1.577984e-01,-4.395258e+01,9.507978e-01,-1.195946e+02
1905.46072,6.827459e-01,-1.682633e+02,1.485255e-01,-4.487631e+01,1.480286e-01,-4.565537e+01,9.536862e-01,-1.240597e+02
2089.29613,6.836621e-01,-1.690928e+02,1.389964e-01,-4.643357e+01,1.385383e-01,-4.713662e+01,9.563062e-01,-1.283034e+02
2290.86765,6.845267e-01,-1.698448e+02,1.298325e-01,-4.775427e+01,1.294115e-01,-4.838745e+01,9.586550e-01,-1.323144e+02
2511.88643,6.853372e-01,-1.705231e+02,1.211001e-01,-4.883312e+01,1.207143e-01,-4.940204e+01,9.607389e-01,-1.360864e+02
2754.22870,6.860958e-01,-1.711315e+02,1.128484e-01,-4.966782e+01,1.124961e-01,-5.017761e+01,9.625707e-01,-1.396179e+02
3019.95172,6.868087e-01,-1.716732e+02,1.051109e-01,-5.025900e+01,1.047900e-01,-5.071434e+01,9.641680e-01,-1.429116e+02
3311.31121,6.874851e-01,-1.721512e+02,9.790666e-02,-5.061014e+01,9.761534e-02,-5.101535e+01,9.655511e-01,-1.459730e+02
3630.78055,6.881367e-01,-1.725684e+02,9.124283e-02,-5.072762e+01,9.097920e-02,-5.108669e+01,9.667416e-01,-1.488102e+02
3981.07171,6.887773e-01,-1.729274e+02,8.511654e-02,-5.062078e+01,8.487878e-02,-5.093743e+01,9.677612e-01,-1.514331e+02
4365.15832,6.894222e-01,-1.732304e+02,7.951687e-02,-5.030204e+01,7.930319e-02,-5.057975e+01,9.686307e-01,-1.538525e+02
4786.30092,6.900885e-01,-1.734796e+02,7.442656e-02,-4.978699e+01,7.423524e-02,-5.002908e+01,9.693697e-01,-1.560802e+02
5248.07460,6.907952e-01,-1.736768e+02,6.982348e-02,-4.909456e+01,6.965285e-02,-4.930416e+01,9.699961e-01,-1.581282e+02
5754.39937,6.915631e-01,-1.738237e+02,6.568181e-02,-4.824692e+01,6.553026e-02,-4.842706e+01,9.705260e-01,-1.600084e+02
6309.57344,6.924154e-01,-1.739216e+02,6.197308e-02,-4.726943e+01,6.183906e-02,-4.742302e+01,9.709738e-01,-1.617327e+02
6918.30971,6.933782e-01,-1.739718e+02,5.866688e-02,-4.619027e+01,5.854889e-02,-4.632011e+01,9.713520e-01,-1.633124e+02
7585.77575,6.944809e-01,-1.739755e+02,5.573157e-02,-4.503994e+01,5.562818e-02,-4.514872e+01,9.716717e-01,-1.647586e+02
8317.63771,6.957567e-01,-1.739336e+02,5.313481e-02,-4.385055e+01,5.304464e-02,-4.394084e+01,9.719425e-01,-1.660815e+02
9120.10839,6.972433e-01,-1.738472e+02,5.084400e-02,-4.265491e+01,5.076574e-02,-4.272913e+01,9.721726e-01,-1.672909e+02
10000.00000,6.989836e-01,-1.737174e+02,4.882673e-02,-4.148565e+01,4.875913e-02,-4.154607e+01,9.723691e-01,-1.683962e+02
