! ! 
! S ! 
! ! 
! # MHz  S  MA  R  50.00000
! ! ===================================================================
1.00000,9.949987e-01,-6.179165e-01,2.254246e-03,8.957663e+01,2.254246e-03,8.957663e+01,9.065260e-01,-1.361694e-01
1.09648,9.949961e-01,-6.775304e-01,2.471721e-03,8.953575e+01,2.471721e-03,8.953575e+01,9.065254e-01,-1.493046e-01
1.20226,9.949930e-01,-7.428952e-01,2.710173e-03,8.949092e+01,2.710173e-03,8.949093e+01,9.065247e-01,-1.637071e-01
1.31826,9.949893e-01,-8.145657e-01,2.971627e-03,8.944178e+01,2.971627e-03,8.944179e+01,9.065239e-01,-1.794992e-01
1.44544,9.949848e-01,-8.931500e-01,3.258298e-03,8.938790e+01,3.258298e-03,8.938791e+01,9.065229e-01,-1.968149e-01
1.58489,9.949794e-01,-9.793148e-01,3.572620e-03,8.932883e+01,3.572620e-03,8.932883e+01,9.065217e-01,-2.158011e-01
1.73780,9.949730e-01,-1.073791e+00,3.917255e-03,8.926406e+01,3.917255e-03,8.926406e+01,9.065203e-01,-2.366190e-01
1.90546,9.949652e-01,-1.177380e+00,4.295126e-03,8.919304e+01,4.295126e-03,8.919304e+01,9.065185e-01,-2.594450e-01
2.08930,9.949558e-01,-1.290961e+00,4.709436e-03,8.911517e+01,4.709436e-03,8.911518e+01,9.065165e-01,-2.844729e-01
2.29087,9.949446e-01,-1.415497e+00,5.163692e-03,8.902980e+01,5.163692e-03,8.902980e+01,9.065140e-01,-3.119150e-01
2.51189,9.949310e-01,-1.552043e+00,5.661742e-03,8.893620e+01,5.661742e-03,8.893620e+01,9.065110e-01,-3.420039e-01
2.75423,9.949148e-01,-1.701756e+00,6.207800e-03,8.883357e+01,6.207800e-03,8.883357e+01,9.065073e-01,-3.749948e-01
3.01995,9.948952e-01,-1.865906e+00,6.806486e-03,8.872105e+01,6.806486e-03,8.872105e+01,9.065030e-01,-4.111673e-01
3.31131,9.948717e-01,-2.045883e+00,7.462857e-03,8.859768e+01,7.462857e-03,8.859768e+01,9.064978e-01,-4.508279e-01
3.63078,9.948435e-01,-2.243210e+00,8.182456e-03,8.846242e+01,8.182456e-03,8.846242e+01,9.064915e-01,-4.943126e-01
3.98107,9.948095e-01,-2.459557e+00,8.971353e-03,8.831412e+01,8.971353e-03,8.831413e+01,9.064840e-01,-5.419895e-01
4.36516,9.947687e-01,-2.696752e+00,9.836192e-03,8.815154e+01,9.836192e-03,8.815154e+01,9.064749e-01,-5.942622e-01
4.78630,9.947196e-01,-2.956801e+00,1.078425e-02,8.797330e+01,1.078425e-02,8.797330e+01,9.064641e-01,-6.515727e-01
5.24807,9.946607e-01,-3.241899e+00,1.182347e-02,8.777790e+01,1.182347e-02,8.777790e+01,9.064510e-01,-7.144053e-01
5.75440,9.945898e-01,-3.554447e+00,1.296257e-02,8.756368e+01,1.296257e-02,8.756368e+01,9.064353e-01,-7.832906e-01
6.30957,9.945047e-01,-3.897079e+00,1.421107e-02,8.732886e+01,1.421107e-02,8.732886e+01,9.064164e-01,-8.588094e-01
6.91831,9.944023e-01,-4.272674e+00,1.557934e-02,8.707145e+01,1.557934e-02,8.707145e+01,9.063937e-01,-9.415979e-01
7.58578,9.942794e-01,-4.684382e+00,1.707873e-02,8.678931e+01,1.707873e-02,8.678931e+01,9.063664e-01,-1.032352e+00
8.31764,9.941317e-01,-5.135648e+00,1.872162e-02,8.648008e+01,1.872162e-02,8.648008e+01,9.063337e-01,-1.131834e+00
9.12011,9.939543e-01,-5.630238e+00,2.052148e-02,8.614119e+01,2.052148e-02,8.614119e+01,9.062943e-01,-1.240877e+00
10.00000,9.937413e-01,-6.172262e+00,2.249297e-02,8.576982e+01,2.249297e-02,8.576982e+01,9.062471e-01,-1.360391e+00
10.96478,9.934855e-01,-6.766209e+00,2.465200e-02,8.536292e+01,2.465200e-02,8.536292e+01,9.061905e-01,-1.491371e+00
12.02264,9.931786e-01,-7.416970e+00,2.701585e-02,8.491715e+01,2.701585e-02,8.491715e+01,9.061225e-01,-1.634904e+00
13.18257,9.928102e-01,-8.129872e+00,2.960315e-02,8.442888e+01,2.960315e-02,8.442888e+01,9.060409e-01,-1.792173e+00
14.45440,9.923685e-01,-8.910708e+00,3.243404e-02,8.389417e+01,3.243404e-02,8.389417e+01,9.059431e-01,-1.964469e+00
15.84893,9.918388e-01,-9.765766e+00,3.553012e-02,8.330876e+01,3.553012e-02,8.330876e+01,9.058259e-01,-2.153197e+00
17.37801,9.912043e-01,-1.070186e+01,3.891451e-02,8.266802e+01,3.891451e-02,8.266802e+01,9.056856e-01,-2.359882e+00
19.05461,9.904446e-01,-1.172634e+01,4.261177e-02,8.196698e+01,4.261177e-02,8.196698e+01,9.055177e-01,-2.586178e+00
20.89296,9.895357e-01,-1.284715e+01,4.664788e-02,8.120030e+01,4.664788e-02,8.120030e+01,9.053171e-01,-2.833878e+00
22.90868,9.884495e-01,-1.407279e+01,5.105004e-02,8.036225e+01,5.105004e-02,8.036225e+01,9.050775e-01,-3.104914e+00
25.11886,9.871528e-01,-1.541236e+01,5.584640e-02,7.944676e+01,5.584640e-02,7.944676e+01,9.047918e-01,-3.401368e+00
27.54229,9.856071e-01,-1.687552e+01,6.106576e-02,7.844739e+01,6.106576e-02,7.844739e+01,9.044518e-01,-3.725473e+00
30.19952,9.837677e-01,-1.847247e+01,6.673697e-02,7.735742e+01,6.673697e-02,7.735742e+01,9.040478e-01,-4.079614e+00
33.11311,9.815830e-01,-2.021386e+01,7.288829e-02,7.616984e+01,7.288829e-02,7.616984e+01,9.035691e-01,-4.466328e+00
36.30781,9.789944e-01,-2.211076e+01,7.954638e-02,7.487748e+01,7.954638e-02,7.487748e+01,9.030032e-01,-4.888301e+00
39.81072,9.759357e-01,-2.417446e+01,8.673516e-02,7.347313e+01,8.673516e-02,7.347313e+01,9.023365e-01,-5.348355e+00
43.65158,9.723335e-01,-2.641628e+01,9.447429e-02,7.194965e+01,9.447429e-02,7.194965e+01,9.015541e-01,-5.849443e+00
47.86301,9.681077e-01,-2.884738e+01,1.027774e-01,7.030019e+01,1.027774e-01,7.030019e+01,9.006401e-01,-6.394628e+00
52.48075,9.631726e-01,-3.147836e+01,1.116497e-01,6.851845e+01,1.116497e-01,6.851845e+01,8.995781e-01,-6.987074e+00
57.54399,9.574396e-01,-3.431893e+01,1.210863e-01,6.659891e+01,1.210863e-01,6.659891e+01,8.983516e-01,-7.630022e+00
63.09573,9.508204e-01,-3.737738e+01,1.310686e-01,6.453725e+01,1.310686e-01,6.453725e+01,8.969455e-01,-8.326789e+00
69.18310,9.432318e-01,-4.066006e+01,1.415629e-01,6.233066e+01,1.415629e-01,6.233066e+01,8.953468e-01,-9.080763e+00
75.85776,9.346015e-01,-4.417076e+01,1.525172e-01,5.997822e+01,1.525172e-01,5.997822e+01,8.935464e-01,-9.895425e+00
83.17638,9.248758e-01,-4.791005e+01,1.638600e-01,5.748130e+01,1.638600e-01,5.748130e+01,8.915410e-01,-1.077439e+01
91.20108,9.140276e-01,-5.187466e+01,1.754994e-01,5.484388e+01,1.754994e-01,5.484388e+01,8.893345e-01,-1.172151e+01
100.00000,9.020644e-01,-5.605690e+01,1.873238e-01,5.207273e+01,1.873238e-01,5.207273e+01,8.869400e-01,-1.274096e+01
109.64782,8.890359e-01,-6.044417e+01,1.992039e-01,4.917748e+01,1.992039e-01,4.917748e+01,8.843813e-01,-1.383745e+01
120.22644,8.750391e-01,-6.501871e+01,2.109968e-01,4.617053e+01,2.109968e-01,4.617053e+01,8.816932e-01,-1.501636e+01
131.82567,8.602199e-01,-6.975755e+01,2.225515e-01,4.306663e+01,2.225515e-01,4.306663e+01,8.789216e-01,-1.628402e+01
144.54398,8.447700e-01,-7.463278e+01,2.337157e-01,3.988240e+01,2.337157e-01,3.988240e+01,8.761219e-01,-1.764788e+01
158.48932,8.289203e-01,-7.961206e+01,2.443428e-01,3.663549e+01,2.443428e-01,3.663549e+01,8.733571e-01,-1.911668e+01
173.78008,8.129277e-01,-8.465953e+01,2.542992e-01,3.334377e+01,2.542992e-01,3.334377e+01,8.706949e-01,-2.070052e+01
190.54607,7.970609e-01,-8.973687e+01,2.634691e-01,3.002436e+01,2.634691e-01,3.002436e+01,8.682038e-01,-2.241088e+01
208.92961,7.815833e-01,-9.480457e+01,2.717586e-01,2.669282e+01,2.717586e-01,2.669282e+01,8.659506e-01,-2.426048e+01
229.08677,7.667375e-01,-9.982330e+01,2.790971e-01,2.336242e+01,2.790971e-01,2.336242e+01,8.639973e-01,-2.626306e+01
251.18864,7.527325e-01,-1.047553e+02,2.854358e-01,2.004367e+01,2.854358e-01,2.004367e+01,8.623996e-01,-2.843301e+01
275.42287,7.397349e-01,-1.095656e+02,2.907454e-01,1.674406e+01,2.907454e-01,1.674406e+01,8.612064e-01,-3.078498e+01
301.99517,7.278646e-01,-1.142231e+02,2.950117e-01,1.346810e+01,2.950117e-01,1.346810e+01,8.604593e-01,-3.333337e+01
331.13112,7.171954e-01,-1.187014e+02,2.982310e-01,1.021753e+01,2.982310e-01,1.021753e+01,8.601935e-01,-3.609178e+01
363.07805,7.077590e-01,-1.229793e+02,3.004057e-01,6.991794e+00,3.004057e-01,6.991794e+00,8.604391e-01,-3.907240e+01
398.10717,6.995507e-01,-1.270410e+02,3.015402e-01,3.788597e+00,3.015402e-01,3.788597e+00,8.612209e-01,-4.228535e+01
436.51583,6.925371e-01,-1.308763e+02,3.016380e-01,6.046236e-01,3.016380e-01,6.046236e-01,8.625596e-01,-4.573799e+01
478.63009,6.866635e-01,-1.344797e+02,3.007004e-01,-2.563731e+00,3.007004e-01,-2.563731e+00,8.644703e-01,-4.943417e+01
524.80746,6.818603e-01,-1.378508e+02,2.987261e-01,-5.719583e+00,2.987261e-01,-5.719583e+00,8.669622e-01,-5.337343e+01
575.43994,6.780480e-01,-1.409927e+02,2.957132e-01,-8.864805e+00,2.957132e-01,-8.864805e+00,8.700360e-01,-5.755036e+01
630.95734,6.751418e-01,-1.439122e+02,2.916610e-01,-1.199933e+01,2.916610e-01,-1.199933e+01,8.736812e-01,-6.195388e+01
691.83097,6.730534e-01,-1.466187e+02,2.865747e-01,-1.512054e+01,2.865747e-01,-1.512054e+01,8.778738e-01,-6.656683e+01
758.57758,6.716930e-01,-1.491231e+02,2.804692e-01,-1.822282e+01,2.804692e-01,-1.822282e+01,8.825734e-01,-7.136583e+01
831.76377,6.709701e-01,-1.514380e+02,2.733745e-01,-2.129727e+01,2.733745e-01,-2.129727e+01,8.877217e-01,-7.632135e+01
912.01084,6.707943e-01,-1.535762e+02,2.653389e-01,-2.433168e+01,2.653389e-01,-2.433168e+01,8.932428e-01,-8.139840e+01
1000.00000,6.710757e-01,-1.555507e+02,2.564330e-01,-2.731073e+01,2.564330e-01,-2.731073e+01,8.990445e-01,-8.655746e+01
1096.47820,6.717268e-01,-1.573737e+02,2.467501e-01,-3.021647e+01,2.467501e-01,-3.021647e+01,9.050222e-01,-9.175591e+01
1202.26443,6.726633e-01,-1.590570e+02,2.364053e-01,-3.302897e+01,2.364053e-01,-3.302897e+01,9.110645e-01,-9.694966e+01
1318.25674,6.738065e-01,-1.606110e+02,2.255326e-01,-3.572722e+01,2.255326e-01,-3.572722e+01,9.170599e-01,-1.020950e+02
1445.43977,6.750852e-01,-1.620450e+02,2.142788e-01,-3.829000e+01,2.142788e-01,-3.829000e+01,9.229032e-01,-1.071504e+02
1584.89319,6.764374e-01,-1.633669e+02,2.027974e-01,-4.069684e+01,2.027974e-01,-4.069684e+01,9.285017e-01,-1.120779e+02
1737.80083,6.778113e-01,-1.645840e+02,1.912412e-01,-4.292875e+01,1.912412e-01,-4.292875e+01,9.337799e-01,-1.168444e+02
1905.46072,6.791665e-01,-1.657021e+02,1.797557e-01,-4.496894e+01,1.797557e-01,-4.496894e+01,9.386817e-01,-1.214228e+02
2089.29613,6.804733e-01,-1.667267e+02,1.684733e-01,-4.680317e+01,1.684733e-01,-4.680317e+01,9.431713e-01,-1.257916e+02
2290.86765,6.817123e-01,-1.676624e+02,1.575091e-01,-4.842006e+01,1.575091e-01,-4.842006e+01,9.472318e-01,-1.299358e+02
2511.88643,6.828731e-01,-1.685134e+02,1.469586e-01,-4.981113e+01,1.469586e-01,-4.981113e+01,9.508626e-01,-1.338457e+02
2754.22870,6.839531e-01,-1.692837e+02,1.368974e-01,-5.097076e+01,1.368974e-01,-5.097076e+01,9.540764e-01,-1.375171e+02
3019.95172,6.849557e-01,-1.699769e+02,1.273808e-01,-5.189607e+01,1.273808e-01,-5.189607e+01,9.568959e-01,-1.409498e+02
3311.31121,6.858894e-01,-1.705964e+02,1.184464e-01,-5.258686e+01,1.184464e-01,-5.258686e+01,9.593501e-01,-1.441476e+02
3630.78055,6.867664e-01,-1.711453e+02,1.101157e-01,-5.304543e+01,1.101157e-01,-5.304543e+01,9.614721e-01,-1.471170e+02
3981.07171,6.876018e-01,-1.716267e+02,1.023963e-01,-5.327663e+01,1.023963e-01,-5.327663e+01,9.632960e-01,-1.498665e+02
4365.15832,6.884129e-01,-1.720433e+02,9.528516e-02,-5.328787e+01,9.528516e-02,-5.328787e+01,9.648562e-01,-1.524065e+02
4786.30092,6.892190e-01,-1.723977e+02,8.876982e-02,-5.308925e+01,8.876982e-02,-5.308925e+01,9.661853e-01,-1.547480e+02
5248.07460,6.900412e-01,-1.726924e+02,8.283110e-02,-5.269372e+01,8.283110e-02,-5.269372e+01,9.673137e-01,-1.569028e+02
5754.39937,6.909026e-01,-1.729293e+02,7.744452e-02,-5.211723e+01,7.744452e-02,-5.211723e+01,9.682690e-01,-1.588828e+02
6309.57344,6.918284e-01,-1.731104e+02,7.258164e-02,-5.137891e+01,7.258164e-02,-5.137891e+01,9.690763e-01,-1.607000e+02
6918.30971,6.928461e-01,-1.732375e+02,6.821121e-02,-5.050109e+01,6.821121e-02,-5.050109e+01,9.697576e-01,-1.623658e+02
7585.77575,6.939865e-01,-1.733122e+02,6.429999e-02,-4.950917e+01,6.429999e-02,-4.950917e+01,9.703321e-01,-1.638917e+02
8317.63771,6.952840e-01,-1.733358e+02,6.081340e-02,-4.843137e+01,6.081340e-02,-4.843137e+01,9.708167e-01,-1.652881e+02
9120.10839,6.967769e-01,-1.733099e+02,5.771604e-02,-4.729821e+01,5.771604e-02,-4.729821e+01,9.712260e-01,-1.665653e+02
10000.00000,6.985084e-01,-1.732359e+02,5.497218e-02,-4.614178e+01,5.497218e-02,-4.614178e+01,9.715725e-01,-1.677327e+02
