! ! 
! S ! 
! ! 
! # MHz  S  MA  R  50.00000
! ! ===================================================================
1.00000,9.952356e-01,-6.179326e-01,2.252432e-03,8.957664e+01,2.252432e-03,8.957664e+01,9.047591e-01,-1.361830e-01
1.09648,9.952331e-01,-6.775481e-01,2.469731e-03,8.953576e+01,2.469731e-03,8.953576e+01,9.047585e-01,-1.493195e-01
1.20226,9.952300e-01,-7.429146e-01,2.707992e-03,8.949094e+01,2.707992e-03,8.949094e+01,9.047578e-01,-1.637235e-01
1.31826,9.952262e-01,-8.145870e-01,2.969235e-03,8.944180e+01,2.969235e-03,8.944180e+01,9.047570e-01,-1.795172e-01
1.44544,9.952218e-01,-8.931733e-01,3.255676e-03,8.938792e+01,3.255676e-03,8.938792e+01,9.047560e-01,-1.968346e-01
1.58489,9.952164e-01,-9.793404e-01,3.569744e-03,8.932885e+01,3.569744e-03,8.932885e+01,9.047548e-01,-2.158227e-01
1.73780,9.952099e-01,-1.073819e+00,3.914102e-03,8.926408e+01,3.914102e-03,8.926408e+01,9.047534e-01,-2.366426e-01
1.90546,9.952021e-01,-1.177411e+00,4.291669e-03,8.919306e+01,4.291669e-03,8.919307e+01,9.047517e-01,-2.594709e-01
2.08930,9.951927e-01,-1.290995e+00,4.705645e-03,8.911520e+01,4.705645e-03,8.911520e+01,9.047496e-01,-2.845013e-01
2.29087,9.951815e-01,-1.415534e+00,5.159536e-03,8.902983e+01,5.159536e-03,8.902983e+01,9.047471e-01,-3.119461e-01
2.51189,9.951679e-01,-1.552083e+00,5.657185e-03,8.893623e+01,5.657185e-03,8.893623e+01,9.047441e-01,-3.420381e-01
2.75423,9.951517e-01,-1.701801e+00,6.202804e-03,8.883361e+01,6.202804e-03,8.883361e+01,9.047405e-01,-3.750322e-01
3.01995,9.951321e-01,-1.865955e+00,6.801007e-03,8.872109e+01,6.801007e-03,8.872109e+01,9.047362e-01,-4.112083e-01
3.31131,9.951086e-01,-2.045936e+00,7.456850e-03,8.859772e+01,7.456850e-03,8.859772e+01,9.047310e-01,-4.508729e-01
3.63078,9.950803e-01,-2.243268e+00,8.175870e-03,8.846247e+01,8.175870e-03,8.846247e+01,9.047247e-01,-4.943619e-01
3.98107,9.950463e-01,-2.459621e+00,8.964132e-03,8.831418e+01,8.964132e-03,8.831418e+01,9.047172e-01,-5.420437e-01
4.36516,9.950055e-01,-2.696823e+00,9.828274e-03,8.815160e+01,9.828274e-03,8.815160e+01,9.047082e-01,-5.943216e-01
4.78630,9.949564e-01,-2.956879e+00,1.077557e-02,8.797337e+01,1.077557e-02,8.797337e+01,9.046973e-01,-6.516378e-01
5.24807,9.948974e-01,-3.241983e+00,1.181396e-02,8.777797e+01,1.181396e-02,8.777797e+01,9.046843e-01,-7.144767e-01
5.75440,9.948265e-01,-3.554540e+00,1.295214e-02,8.756376e+01,1.295214e-02,8.756376e+01,9.046686e-01,-7.833688e-01
6.30957,9.947413e-01,-3.897181e+00,1.419963e-02,8.732894e+01,1.419963e-02,8.732894e+01,9.046498e-01,-8.588952e-01
6.91831,9.946389e-01,-4.272785e+00,1.556680e-02,8.707155e+01,1.556680e-02,8.707155e+01,9.046272e-01,-9.416920e-01
7.58578,9.945159e-01,-4.684504e+00,1.706498e-02,8.678942e+01,1.706498e-02,8.678942e+01,9.046000e-01,-1.032455e+00
8.31764,9.943681e-01,-5.135782e+00,1.870655e-02,8.648020e+01,1.870655e-02,8.648020e+01,9.045673e-01,-1.131947e+00
9.12011,9.941906e-01,-5.630384e+00,2.050496e-02,8.614131e+01,2.050496e-02,8.614131e+01,9.045281e-01,-1.241001e+00
10.00000,9.939774e-01,-6.172423e+00,2.247486e-02,8.576996e+01,2.247486e-02,8.576996e+01,9.044810e-01,-1.360527e+00
10.96478,9.937215e-01,-6.766385e+00,2.463216e-02,8.536307e+01,2.463216e-02,8.536307e+01,9.044245e-01,-1.491520e+00
12.02264,9.934143e-01,-7.417162e+00,2.699409e-02,8.491731e+01,2.699409e-02,8.491731e+01,9.043566e-01,-1.635067e+00
13.18257,9.930458e-01,-8.130083e+00,2.957931e-02,8.442906e+01,2.957931e-02,8.442906e+01,9.042753e-01,-1.792352e+00
14.45440,9.926037e-01,-8.910939e+00,3.240792e-02,8.389437e+01,3.240792e-02,8.389437e+01,9.041778e-01,-1.964666e+00
15.84893,9.920738e-01,-9.766019e+00,3.550150e-02,8.330898e+01,3.550150e-02,8.330898e+01,9.040609e-01,-2.153412e+00
17.37801,9.914389e-01,-1.070213e+01,3.888316e-02,8.266826e+01,3.888316e-02,8.266826e+01,9.039209e-01,-2.360118e+00
19.05461,9.906786e-01,-1.172664e+01,4.257744e-02,8.196725e+01,4.257744e-02,8.196725e+01,9.037535e-01,-2.586438e+00
20.89296,9.897692e-01,-1.284748e+01,4.661029e-02,8.120059e+01,4.661029e-02,8.120059e+01,9.035534e-01,-2.834162e+00
22.90868,9.886823e-01,-1.407315e+01,5.100888e-02,8.036258e+01,5.100888e-02,8.036258e+01,9.033144e-01,-3.105226e+00
25.11886,9.873848e-01,-1.541276e+01,5.580136e-02,7.944712e+01,5.580136e-02,7.944712e+01,9.030295e-01,-3.401710e+00
27.54229,9.858382e-01,-1.687595e+01,6.101649e-02,7.844779e+01,6.101649e-02,7.844779e+01,9.026904e-01,-3.725848e+00
30.19952,9.839976e-01,-1.847293e+01,6.668310e-02,7.735786e+01,6.668310e-02,7.735786e+01,9.022875e-01,-4.080025e+00
33.11311,9.818115e-01,-2.021437e+01,7.282942e-02,7.617033e+01,7.282942e-02,7.617033e+01,9.018100e-01,-4.466779e+00
36.30781,9.792213e-01,-2.211131e+01,7.948209e-02,7.487803e+01,7.948209e-02,7.487803e+01,9.012457e-01,-4.888795e+00
39.81072,9.761608e-01,-2.417505e+01,8.666502e-02,7.347374e+01,8.666502e-02,7.347374e+01,9.005808e-01,-5.348897e+00
43.65158,9.725564e-01,-2.641692e+01,9.439782e-02,7.195034e+01,9.439782e-02,7.195034e+01,8.998006e-01,-5.850038e+00
47.86301,9.683279e-01,-2.884806e+01,1.026941e-01,7.030097e+01,1.026941e-01,7.030097e+01,8.988891e-01,-6.395281e+00
52.48075,9.633898e-01,-3.147910e+01,1.115592e-01,6.851932e+01,1.115592e-01,6.851932e+01,8.978300e-01,-6.987790e+00
57.54399,9.576533e-01,-3.431972e+01,1.209879e-01,6.659990e+01,1.209879e-01,6.659990e+01,8.966069e-01,-7.630809e+00
63.09573,9.510301e-01,-3.737822e+01,1.309620e-01,6.453837e+01,1.309620e-01,6.453837e+01,8.952048e-01,-8.327654e+00
69.18310,9.434369e-01,-4.066095e+01,1.414475e-01,6.233193e+01,1.414475e-01,6.233193e+01,8.936107e-01,-9.081714e+00
75.85776,9.348015e-01,-4.417169e+01,1.523927e-01,5.997967e+01,1.523927e-01,5.997967e+01,8.918157e-01,-9.896470e+00
83.17638,9.250700e-01,-4.791102e+01,1.637259e-01,5.748297e+01,1.637259e-01,5.748297e+01,8.898163e-01,-1.077554e+01
91.20108,9.142154e-01,-5.187567e+01,1.753555e-01,5.484580e+01,1.753555e-01,5.484580e+01,8.876166e-01,-1.172278e+01
100.00000,9.022452e-01,-5.605794e+01,1.871699e-01,5.207493e+01,1.871699e-01,5.207493e+01,8.852299e-01,-1.274236e+01
109.64782,8.892093e-01,-6.044524e+01,1.990399e-01,4.918002e+01,1.990399e-01,4.918002e+01,8.826797e-01,-1.383899e+01
120.22644,8.752045e-01,-6.501980e+01,2.108227e-01,4.617344e+01,2.108227e-01,4.617344e+01,8.800011e-01,-1.501807e+01
131.82567,8.603767e-01,-6.975866e+01,2.223675e-01,4.306999e+01,2.223675e-01,4.306999e+01,8.772398e-01,-1.628591e+01
144.54398,8.449182e-01,-7.463390e+01,2.335222e-01,3.988625e+01,2.335222e-01,3.988625e+01,8.744514e-01,-1.764998e+01
158.48932,8.290595e-01,-7.961320e+01,2.441403e-01,3.663991e+01,2.441403e-01,3.663991e+01,8.716990e-01,-1.911900e+01
173.78008,8.130580e-01,-8.466069e+01,2.540883e-01,3.334881e+01,2.540883e-01,3.334881e+01,8.690500e-01,-2.070309e+01
190.54607,7.971823e-01,-8.973806e+01,2.632507e-01,3.003009e+01,2.632507e-01,3.003009e+01,8.665731e-01,-2.241372e+01
208.92961,7.816959e-01,-9.480578e+01,2.715337e-01,2.669931e+01,2.715337e-01,2.669931e+01,8.643353e-01,-2.426362e+01
229.08677,7.668416e-01,-9.982457e+01,2.788667e-01,2.336975e+01,2.788667e-01,2.336975e+01,8.623986e-01,-2.626652e+01
251.18864,7.528285e-01,-1.047566e+02,2.852011e-01,2.005190e+01,2.852011e-01,2.005190e+01,8.608191e-01,-2.843681e+01
275.42287,7.398230e-01,-1.095670e+02,2.905077e-01,1.675326e+01,2.905077e-01,1.675326e+01,8.596456e-01,-3.078913e+01
301.99517,7.279453e-01,-1.142246e+02,2.947724e-01,1.347832e+01,2.947724e-01,1.347832e+01,8.589202e-01,-3.333790e+01
331.13112,7.172691e-01,-1.187030e+02,2.979915e-01,1.022884e+01,2.979915e-01,1.022884e+01,8.586786e-01,-3.609668e+01
363.07805,7.078259e-01,-1.229810e+02,3.001675e-01,7.004237e+00,3.001675e-01,7.004237e+00,8.589510e-01,-3.907767e+01
398.10717,6.996111e-01,-1.270429e+02,3.013047e-01,3.802218e+00,3.013047e-01,3.802218e+00,8.597629e-01,-4.229099e+01
436.51583,6.925914e-01,-1.308782e+02,3.014068e-01,6.194521e-01,3.014068e-01,6.194521e-01,8.611352e-01,-4.574398e+01
478.63009,6.867119e-01,-1.344818e+02,3.004750e-01,-2.547679e+00,3.004750e-01,-2.547679e+00,8.630836e-01,-4.944047e+01
524.80746,6.819029e-01,-1.378530e+02,2.985081e-01,-5.702310e+00,2.985081e-01,-5.702310e+00,8.656177e-01,-5.338000e+01
575.43994,6.780851e-01,-1.409950e+02,2.955040e-01,-8.846336e+00,2.955040e-01,-8.846336e+00,8.687382e-01,-5.755713e+01
630.95734,6.751735e-01,-1.439146e+02,2.914622e-01,-1.197971e+01,2.914622e-01,-1.197971e+01,8.724351e-01,-6.196079e+01
691.83097,6.730799e-01,-1.466211e+02,2.863874e-01,-1.509985e+01,2.863874e-01,-1.509985e+01,8.766843e-01,-6.657380e+01
758.57758,6.717145e-01,-1.491255e+02,2.802947e-01,-1.820116e+01,2.802947e-01,-1.820116e+01,8.814451e-01,-7.137277e+01
831.76377,6.709869e-01,-1.514404e+02,2.732136e-01,-2.127477e+01,2.732136e-01,-2.127477e+01,8.866590e-01,-7.632818e+01
912.01084,6.708067e-01,-1.535785e+02,2.651923e-01,-2.430850e+01,2.651923e-01,-2.430850e+01,8.922494e-01,-8.140503e+01
1000.00000,6.710842e-01,-1.555529e+02,2.563009e-01,-2.728706e+01,2.563009e-01,-2.728706e+01,8.981230e-01,-8.656381e+01
1096.47820,6.717316e-01,-1.573758e+02,2.466325e-01,-3.019250e+01,2.466325e-01,-3.019250e+01,9.041744e-01,-9.176190e+01
1202.26443,6.726650e-01,-1.590590e+02,2.363019e-01,-3.300491e+01,2.363019e-01,-3.300491e+01,9.102911e-01,-9.695526e+01
1318.25674,6.738057e-01,-1.606128e+02,2.254427e-01,-3.570328e+01,2.254427e-01,-3.570328e+01,9.163601e-01,-1.021002e+02
1445.43977,6.750823e-01,-1.620465e+02,2.142015e-01,-3.826639e+01,2.142015e-01,-3.826639e+01,9.222752e-01,-1.071551e+02
1584.89319,6.764328e-01,-1.633683e+02,2.027316e-01,-4.067373e+01,2.027316e-01,-4.067373e+01,9.279427e-01,-1.120821e+02
1737.80083,6.778055e-01,-1.645852e+02,1.911859e-01,-4.290632e+01,1.911859e-01,-4.290632e+01,9.332860e-01,-1.168483e+02
1905.46072,6.791599e-01,-1.657032e+02,1.797095e-01,-4.494731e+01,1.797095e-01,-4.494731e+01,9.382485e-01,-1.214262e+02
2089.29613,6.804662e-01,-1.667276e+02,1.684350e-01,-4.678246e+01,1.684350e-01,-4.678246e+01,9.427939e-01,-1.257946e+02
2290.86765,6.817049e-01,-1.676631e+02,1.574775e-01,-4.840034e+01,1.574775e-01,-4.840034e+01,9.469050e-01,-1.299384e+02
2511.88643,6.828656e-01,-1.685141e+02,1.469328e-01,-4.979245e+01,1.469328e-01,-4.979245e+01,9.505811e-01,-1.338481e+02
2754.22870,6.839455e-01,-1.692842e+02,1.368762e-01,-5.095315e+01,1.368762e-01,-5.095315e+01,9.538352e-01,-1.375192e+02
3019.95172,6.849483e-01,-1.699773e+02,1.273636e-01,-5.187954e+01,1.273636e-01,-5.187954e+01,9.566901e-01,-1.409517e+02
3311.31121,6.858822e-01,-1.705967e+02,1.184324e-01,-5.257138e+01,1.184324e-01,-5.257138e+01,9.591752e-01,-1.441493e+02
3630.78055,6.867594e-01,-1.711455e+02,1.101043e-01,-5.303099e+01,1.101043e-01,-5.303099e+01,9.613238e-01,-1.471184e+02
3981.07171,6.875950e-01,-1.716269e+02,1.023871e-01,-5.326318e+01,1.023871e-01,-5.326318e+01,9.631708e-01,-1.498678e+02
4365.15832,6.884063e-01,-1.720435e+02,9.527758e-02,-5.327538e+01,9.527758e-02,-5.327538e+01,9.647507e-01,-1.524076e+02
4786.30092,6.892126e-01,-1.723979e+02,8.876361e-02,-5.307767e+01,8.876361e-02,-5.307767e+01,9.660966e-01,-1.547490e+02
5248.07460,6.900351e-01,-1.726924e+02,8.282601e-02,-5.268298e+01,8.282601e-02,-5.268298e+01,9.672392e-01,-1.569037e+02
5754.39937,6.908967e-01,-1.729293e+02,7.744031e-02,-5.210729e+01,7.744031e-02,-5.210729e+01,9.682067e-01,-1.588836e+02
6309.57344,6.918226e-01,-1.731104e+02,7.257816e-02,-5.136972e+01,7.257816e-02,-5.136972e+01,9.690241e-01,-1.607007e+02
6918.30971,6.928405e-01,-1.732375e+02,6.820833e-02,-5.049259e+01,6.820833e-02,-5.049259e+01,9.697140e-01,-1.623665e+02
7585.77575,6.939811e-01,-1.733121e+02,6.429759e-02,-4.950132e+01,6.429759e-02,-4.950132e+01,9.702957e-01,-1.638923e+02
8317.63771,6.952787e-01,-1.733358e+02,6.081139e-02,-4.842413e+01,6.081139e-02,-4.842413e+01,9.707864e-01,-1.652886e+02
9120.10839,6.967718e-01,-1.733098e+02,5.771436e-02,-4.729154e+01,5.771436e-02,-4.729154e+01,9.712007e-01,-1.665658e+02
10000.00000,6.985035e-01,-1.732358e+02,5.497077e-02,-4.613564e+01,5.497077e-02,-4.613564e+01,9.715514e-01,-1.677332e+02
