! ! 
! S ! 
! ! 
! # MHz  S  MA  R  50.00000
! ! ===================================================================
1.00000,9.949987e-01,-6.179165e-01,2.255244e-03,8.957660e+01,2.255244e-03,8.957660e+01,9.073700e-01,-1.361632e-01
1.09648,9.949961e-01,-6.775304e-01,2.472815e-03,8.953571e+01,2.472815e-03,8.953572e+01,9.073695e-01,-1.492978e-01
1.20226,9.949930e-01,-7.428952e-01,2.711373e-03,8.949089e+01,2.711373e-03,8.949089e+01,9.073688e-01,-1.636997e-01
1.31826,9.949893e-01,-8.145657e-01,2.972942e-03,8.944174e+01,2.972942e-03,8.944175e+01,9.073680e-01,-1.794911e-01
1.44544,9.949848e-01,-8.931500e-01,3.259741e-03,8.938786e+01,3.259741e-03,8.938786e+01,9.073670e-01,-1.968060e-01
1.58489,9.949794e-01,-9.793148e-01,3.574201e-03,8.932878e+01,3.574201e-03,8.932878e+01,9.073658e-01,-2.157913e-01
1.73780,9.949730e-01,-1.073791e+00,3.918989e-03,8.926401e+01,3.918989e-03,8.926401e+01,9.073643e-01,-2.366082e-01
1.90546,9.949652e-01,-1.177380e+00,4.297028e-03,8.919298e+01,4.297028e-03,8.919299e+01,9.073626e-01,-2.594332e-01
2.08930,9.949558e-01,-1.290961e+00,4.711521e-03,8.911511e+01,4.711521e-03,8.911512e+01,9.073605e-01,-2.844600e-01
2.29087,9.949446e-01,-1.415497e+00,5.165978e-03,8.902974e+01,5.165978e-03,8.902974e+01,9.073580e-01,-3.119008e-01
2.51189,9.949310e-01,-1.552043e+00,5.664249e-03,8.893613e+01,5.664249e-03,8.893613e+01,9.073550e-01,-3.419884e-01
2.75423,9.949148e-01,-1.701756e+00,6.210549e-03,8.883349e+01,6.210549e-03,8.883349e+01,9.073514e-01,-3.749778e-01
3.01995,9.948952e-01,-1.865906e+00,6.809499e-03,8.872096e+01,6.809499e-03,8.872096e+01,9.073471e-01,-4.111486e-01
3.31131,9.948717e-01,-2.045883e+00,7.466161e-03,8.859758e+01,7.466161e-03,8.859759e+01,9.073418e-01,-4.508074e-01
3.63078,9.948435e-01,-2.243210e+00,8.186079e-03,8.846231e+01,8.186079e-03,8.846232e+01,9.073356e-01,-4.942901e-01
3.98107,9.948095e-01,-2.459557e+00,8.975325e-03,8.831401e+01,8.975325e-03,8.831401e+01,9.073280e-01,-5.419649e-01
4.36516,9.947687e-01,-2.696752e+00,9.840546e-03,8.815142e+01,9.840546e-03,8.815142e+01,9.073190e-01,-5.942352e-01
4.78630,9.947196e-01,-2.956801e+00,1.078902e-02,8.797316e+01,1.078902e-02,8.797316e+01,9.073081e-01,-6.515431e-01
5.24807,9.946607e-01,-3.241899e+00,1.182871e-02,8.777775e+01,1.182871e-02,8.777775e+01,9.072950e-01,-7.143729e-01
5.75440,9.945898e-01,-3.554447e+00,1.296831e-02,8.756352e+01,1.296831e-02,8.756352e+01,9.072792e-01,-7.832550e-01
6.30957,9.945046e-01,-3.897079e+00,1.421736e-02,8.732868e+01,1.421736e-02,8.732868e+01,9.072603e-01,-8.587704e-01
6.91831,9.944023e-01,-4.272674e+00,1.558623e-02,8.707126e+01,1.558623e-02,8.707126e+01,9.072376e-01,-9.415551e-01
7.58578,9.942793e-01,-4.684382e+00,1.708629e-02,8.678910e+01,1.708629e-02,8.678910e+01,9.072103e-01,-1.032305e+00
8.31764,9.941316e-01,-5.135648e+00,1.872991e-02,8.647984e+01,1.872991e-02,8.647984e+01,9.071775e-01,-1.131783e+00
9.12011,9.939542e-01,-5.630237e+00,2.053056e-02,8.614093e+01,2.053056e-02,8.614093e+01,9.071381e-01,-1.240820e+00
10.00000,9.937412e-01,-6.172262e+00,2.250292e-02,8.576953e+01,2.250292e-02,8.576953e+01,9.070908e-01,-1.360329e+00
10.96478,9.934854e-01,-6.766208e+00,2.466292e-02,8.536260e+01,2.466292e-02,8.536260e+01,9.070341e-01,-1.491303e+00
12.02264,9.931784e-01,-7.416969e+00,2.702780e-02,8.491680e+01,2.702780e-02,8.491680e+01,9.069660e-01,-1.634829e+00
13.18257,9.928100e-01,-8.129872e+00,2.961625e-02,8.442850e+01,2.961625e-02,8.442850e+01,9.068843e-01,-1.792091e+00
14.45440,9.923682e-01,-8.910708e+00,3.244839e-02,8.389376e+01,3.244839e-02,8.389376e+01,9.067864e-01,-1.964379e+00
15.84893,9.918386e-01,-9.765765e+00,3.554584e-02,8.330830e+01,3.554584e-02,8.330830e+01,9.066691e-01,-2.153098e+00
17.37801,9.912040e-01,-1.070186e+01,3.893172e-02,8.266752e+01,3.893172e-02,8.266752e+01,9.065286e-01,-2.359773e+00
19.05461,9.904442e-01,-1.172634e+01,4.263062e-02,8.196644e+01,4.263062e-02,8.196644e+01,9.063605e-01,-2.586060e+00
20.89296,9.895352e-01,-1.284715e+01,4.666851e-02,8.119970e+01,4.666851e-02,8.119970e+01,9.061595e-01,-2.833748e+00
22.90868,9.884489e-01,-1.407279e+01,5.107260e-02,8.036160e+01,5.107260e-02,8.036160e+01,9.059196e-01,-3.104771e+00
25.11886,9.871521e-01,-1.541236e+01,5.587108e-02,7.944604e+01,5.587108e-02,7.944604e+01,9.056336e-01,-3.401211e+00
27.54229,9.856063e-01,-1.687552e+01,6.109273e-02,7.844661e+01,6.109273e-02,7.844661e+01,9.052931e-01,-3.725300e+00
30.19952,9.837667e-01,-1.847246e+01,6.676644e-02,7.735656e+01,6.676644e-02,7.735656e+01,9.048887e-01,-4.079424e+00
33.11311,9.815818e-01,-2.021385e+01,7.292046e-02,7.616890e+01,7.292046e-02,7.616890e+01,9.044093e-01,-4.466119e+00
36.30781,9.789929e-01,-2.211075e+01,7.958147e-02,7.487646e+01,7.958147e-02,7.487646e+01,9.038426e-01,-4.888070e+00
39.81072,9.759340e-01,-2.417444e+01,8.677340e-02,7.347201e+01,8.677340e-02,7.347201e+01,9.031750e-01,-5.348101e+00
43.65158,9.723315e-01,-2.641626e+01,9.451591e-02,7.194843e+01,9.451591e-02,7.194843e+01,9.023916e-01,-5.849162e+00
47.86301,9.681052e-01,-2.884735e+01,1.028226e-01,7.029886e+01,1.028226e-01,7.029886e+01,9.014764e-01,-6.394319e+00
52.48075,9.631697e-01,-3.147833e+01,1.116988e-01,6.851699e+01,1.116988e-01,6.851699e+01,9.004129e-01,-6.986732e+00
57.54399,9.574363e-01,-3.431889e+01,1.211394e-01,6.659732e+01,1.211394e-01,6.659732e+01,8.991847e-01,-7.629645e+00
63.09573,9.508165e-01,-3.737733e+01,1.311261e-01,6.453553e+01,1.311261e-01,6.453553e+01,8.977767e-01,-8.326371e+00
69.18310,9.432273e-01,-4.065999e+01,1.416248e-01,6.232878e+01,1.416248e-01,6.232878e+01,8.961757e-01,-9.080300e+00
75.85776,9.345963e-01,-4.417067e+01,1.525838e-01,5.997617e+01,1.525838e-01,5.997617e+01,8.943728e-01,-9.894911e+00
83.17638,9.248698e-01,-4.790994e+01,1.639314e-01,5.747909e+01,1.639314e-01,5.747909e+01,8.923645e-01,-1.077382e+01
91.20108,9.140208e-01,-5.187452e+01,1.755757e-01,5.484148e+01,1.755757e-01,5.484148e+01,8.901547e-01,-1.172088e+01
100.00000,9.020567e-01,-5.605673e+01,1.874049e-01,5.207013e+01,1.874049e-01,5.207013e+01,8.877566e-01,-1.274026e+01
109.64782,8.890273e-01,-6.044396e+01,1.992899e-01,4.917467e+01,1.992899e-01,4.917467e+01,8.851939e-01,-1.383666e+01
120.22644,8.750296e-01,-6.501845e+01,2.110875e-01,4.616749e+01,2.110875e-01,4.616749e+01,8.825014e-01,-1.501549e+01
131.82567,8.602094e-01,-6.975724e+01,2.226468e-01,4.306335e+01,2.226468e-01,4.306335e+01,8.797248e-01,-1.628306e+01
144.54398,8.447586e-01,-7.463240e+01,2.338152e-01,3.987887e+01,2.338152e-01,3.987887e+01,8.769199e-01,-1.764682e+01
158.48932,8.289079e-01,-7.961162e+01,2.444464e-01,3.663169e+01,2.444464e-01,3.663169e+01,8.741495e-01,-1.911550e+01
173.78008,8.129145e-01,-8.465903e+01,2.544063e-01,3.333968e+01,2.544063e-01,3.333968e+01,8.714812e-01,-2.069922e+01
190.54607,7.970469e-01,-8.973629e+01,2.635793e-01,3.001996e+01,2.635793e-01,3.001996e+01,8.689835e-01,-2.240945e+01
208.92961,7.815687e-01,-9.480391e+01,2.718715e-01,2.668808e+01,2.718715e-01,2.668808e+01,8.667232e-01,-2.425891e+01
229.08677,7.667224e-01,-9.982256e+01,2.792121e-01,2.335733e+01,2.792121e-01,2.335733e+01,8.647622e-01,-2.626134e+01
251.18864,7.527170e-01,-1.047545e+02,2.855523e-01,2.003821e+01,2.855523e-01,2.003821e+01,8.631562e-01,-2.843113e+01
275.42287,7.397192e-01,-1.095647e+02,2.908628e-01,1.673820e+01,2.908628e-01,1.673820e+01,8.619538e-01,-3.078295e+01
301.99517,7.278488e-01,-1.142221e+02,2.951294e-01,1.346181e+01,2.951294e-01,1.346181e+01,8.611965e-01,-3.333117e+01
331.13112,7.171798e-01,-1.187003e+02,2.983484e-01,1.021079e+01,2.983484e-01,1.021079e+01,8.609195e-01,-3.608942e+01
363.07805,7.077437e-01,-1.229781e+02,3.005221e-01,6.984578e+00,3.005221e-01,6.984578e+00,8.611524e-01,-3.906987e+01
398.10717,6.995358e-01,-1.270398e+02,3.016549e-01,3.780888e+00,3.016549e-01,3.780888e+00,8.619201e-01,-4.228267e+01
436.51583,6.925229e-01,-1.308750e+02,3.017502e-01,5.964052e-01,3.017502e-01,5.964052e-01,8.632428e-01,-4.573517e+01
478.63009,6.866502e-01,-1.344784e+02,3.008094e-01,-2.572468e+00,3.008094e-01,-2.572468e+00,8.651356e-01,-4.943122e+01
524.80746,6.818480e-01,-1.378494e+02,2.988314e-01,-5.728840e+00,2.988314e-01,-5.728840e+00,8.676075e-01,-5.337038e+01
575.43994,6.780369e-01,-1.409913e+02,2.958139e-01,-8.874573e+00,2.958139e-01,-8.874573e+00,8.706589e-01,-5.754723e+01
630.95734,6.751320e-01,-1.439108e+02,2.917565e-01,-1.200959e+01,2.917565e-01,-1.200959e+01,8.742795e-01,-6.195070e+01
691.83097,6.730449e-01,-1.466172e+02,2.866644e-01,-1.513126e+01,2.866644e-01,-1.513126e+01,8.784450e-01,-6.656365e+01
758.57758,6.716859e-01,-1.491217e+02,2.805527e-01,-1.823394e+01,2.805527e-01,-1.823394e+01,8.831152e-01,-7.136268e+01
831.76377,6.709645e-01,-1.514366e+02,2.734513e-01,-2.130874e+01,2.734513e-01,-2.130874e+01,8.882322e-01,-7.631828e+01
912.01084,6.707900e-01,-1.535749e+02,2.654088e-01,-2.434343e+01,2.654088e-01,-2.434343e+01,8.937201e-01,-8.139544e+01
1000.00000,6.710728e-01,-1.555494e+02,2.564958e-01,-2.732267e+01,2.564958e-01,-2.732267e+01,8.994872e-01,-8.655464e+01
1096.47820,6.717251e-01,-1.573725e+02,2.468058e-01,-3.022850e+01,2.468058e-01,-3.022850e+01,9.054295e-01,-9.175325e+01
1202.26443,6.726626e-01,-1.590559e+02,2.364542e-01,-3.304100e+01,2.364542e-01,-3.304100e+01,9.114362e-01,-9.694720e+01
1318.25674,6.738067e-01,-1.606100e+02,2.255749e-01,-3.573914e+01,2.255749e-01,-3.573914e+01,9.173962e-01,-1.020928e+02
1445.43977,6.750861e-01,-1.620441e+02,2.143150e-01,-3.830173e+01,2.143150e-01,-3.830173e+01,9.232049e-01,-1.071484e+02
1584.89319,6.764387e-01,-1.633661e+02,2.028280e-01,-4.070828e+01,2.028280e-01,-4.070828e+01,9.287703e-01,-1.120760e+02
1737.80083,6.778130e-01,-1.645833e+02,1.912669e-01,-4.293984e+01,1.912669e-01,-4.293984e+01,9.340172e-01,-1.168428e+02
1905.46072,6.791684e-01,-1.657015e+02,1.797770e-01,-4.497959e+01,1.797770e-01,-4.497959e+01,9.388898e-01,-1.214213e+02
2089.29613,6.804752e-01,-1.667262e+02,1.684908e-01,-4.681335e+01,1.684908e-01,-4.681335e+01,9.433527e-01,-1.257903e+02
2290.86765,6.817142e-01,-1.676619e+02,1.575234e-01,-4.842973e+01,1.575234e-01,-4.842973e+01,9.473888e-01,-1.299347e+02
2511.88643,6.828749e-01,-1.685131e+02,1.469703e-01,-4.982025e+01,1.469703e-01,-4.982025e+01,9.509978e-01,-1.338447e+02
2754.22870,6.839547e-01,-1.692834e+02,1.369068e-01,-5.097933e+01,1.369068e-01,-5.097933e+01,9.541923e-01,-1.375162e+02
3019.95172,6.849572e-01,-1.699766e+02,1.273884e-01,-5.190409e+01,1.273884e-01,-5.190409e+01,9.569948e-01,-1.409491e+02
3311.31121,6.858907e-01,-1.705961e+02,1.184525e-01,-5.259433e+01,1.184525e-01,-5.259433e+01,9.594342e-01,-1.441470e+02
3630.78055,6.867676e-01,-1.711451e+02,1.101206e-01,-5.305237e+01,1.101206e-01,-5.305237e+01,9.615433e-01,-1.471164e+02
3981.07171,6.876028e-01,-1.716265e+02,1.024003e-01,-5.328306e+01,1.024003e-01,-5.328306e+01,9.633562e-01,-1.498660e+02
4365.15832,6.884137e-01,-1.720431e+02,9.528837e-02,-5.329381e+01,9.528837e-02,-5.329381e+01,9.649069e-01,-1.524060e+02
4786.30092,6.892197e-01,-1.723976e+02,8.877242e-02,-5.309473e+01,8.877242e-02,-5.309473e+01,9.662279e-01,-1.547476e+02
5248.07460,6.900418e-01,-1.726922e+02,8.283322e-02,-5.269877e+01,8.283322e-02,-5.269877e+01,9.673494e-01,-1.569024e+02
5754.39937,6.909031e-01,-1.729292e+02,7.744625e-02,-5.212187e+01,7.744625e-02,-5.212187e+01,9.682990e-01,-1.588825e+02
6309.57344,6.918288e-01,-1.731103e+02,7.258307e-02,-5.138317e+01,7.258307e-02,-5.138317e+01,9.691014e-01,-1.606997e+02
6918.30971,6.928464e-01,-1.732374e+02,6.821241e-02,-5.050499e+01,6.821241e-02,-5.050499e+01,9.697785e-01,-1.623656e+02
7585.77575,6.939868e-01,-1.733121e+02,6.430100e-02,-4.951275e+01,6.430100e-02,-4.951275e+01,9.703496e-01,-1.638914e+02
8317.63771,6.952842e-01,-1.733357e+02,6.081426e-02,-4.843465e+01,6.081426e-02,-4.843465e+01,9.708313e-01,-1.652879e+02
9120.10839,6.967770e-01,-1.733098e+02,5.771678e-02,-4.730121e+01,5.771678e-02,-4.730121e+01,9.712382e-01,-1.665651e+02
10000.00000,6.985085e-01,-1.732358e+02,5.497283e-02,-4.614453e+01,5.497283e-02,-4.614453e+01,9.715826e-01,-1.677326e+02
