! ! 
! S ! 
! ! 
! # MHz  S  MA  R  50.00000
! ! ===================================================================
1.00000,9.949987e-01,-6.179165e-01,2.249925e-03,8.957675e+01,2.249925e-03,8.957676e+01,9.028713e-01,-1.361969e-01
1.09648,9.949961e-01,-6.775304e-01,2.466983e-03,8.953588e+01,2.466983e-03,8.953589e+01,9.028708e-01,-1.493348e-01
1.20226,9.949930e-01,-7.428953e-01,2.704978e-03,8.949107e+01,2.704978e-03,8.949108e+01,9.028701e-01,-1.637402e-01
1.31826,9.949893e-01,-8.145657e-01,2.965930e-03,8.944195e+01,2.965930e-03,8.944195e+01,9.028693e-01,-1.795355e-01
1.44544,9.949848e-01,-8.931500e-01,3.252053e-03,8.938808e+01,3.252053e-03,8.938808e+01,9.028683e-01,-1.968547e-01
1.58489,9.949795e-01,-9.793148e-01,3.565771e-03,8.932902e+01,3.565771e-03,8.932903e+01,9.028671e-01,-2.158448e-01
1.73780,9.949730e-01,-1.073791e+00,3.909746e-03,8.926427e+01,3.909746e-03,8.926427e+01,9.028657e-01,-2.366668e-01
1.90546,9.949652e-01,-1.177380e+00,4.286893e-03,8.919328e+01,4.286893e-03,8.919328e+01,9.028639e-01,-2.594975e-01
2.08930,9.949558e-01,-1.290961e+00,4.700408e-03,8.911543e+01,4.700408e-03,8.911544e+01,9.028619e-01,-2.845304e-01
2.29087,9.949446e-01,-1.415497e+00,5.153794e-03,8.903009e+01,5.153794e-03,8.903009e+01,9.028594e-01,-3.119781e-01
2.51189,9.949311e-01,-1.552043e+00,5.650889e-03,8.893651e+01,5.650889e-03,8.893651e+01,9.028564e-01,-3.420731e-01
2.75423,9.949148e-01,-1.701756e+00,6.195901e-03,8.883391e+01,6.195901e-03,8.883391e+01,9.028528e-01,-3.750706e-01
3.01995,9.948953e-01,-1.865906e+00,6.793438e-03,8.872142e+01,6.793438e-03,8.872142e+01,9.028485e-01,-4.112504e-01
3.31131,9.948718e-01,-2.045883e+00,7.448552e-03,8.859809e+01,7.448552e-03,8.859809e+01,9.028433e-01,-4.509191e-01
3.63078,9.948435e-01,-2.243210e+00,8.166772e-03,8.846287e+01,8.166772e-03,8.846287e+01,9.028371e-01,-4.944125e-01
3.98107,9.948096e-01,-2.459557e+00,8.954156e-03,8.831462e+01,8.954156e-03,8.831462e+01,9.028296e-01,-5.420991e-01
4.36516,9.947688e-01,-2.696753e+00,9.817338e-03,8.815208e+01,9.817338e-03,8.815209e+01,9.028206e-01,-5.943824e-01
4.78630,9.947198e-01,-2.956802e+00,1.076357e-02,8.797390e+01,1.076357e-02,8.797390e+01,9.028098e-01,-6.517045e-01
5.24807,9.946608e-01,-3.241899e+00,1.180081e-02,8.777855e+01,1.180081e-02,8.777855e+01,9.027968e-01,-7.145499e-01
5.75440,9.945900e-01,-3.554448e+00,1.293773e-02,8.756440e+01,1.293773e-02,8.756440e+01,9.027811e-01,-7.834491e-01
6.30957,9.945049e-01,-3.897080e+00,1.418383e-02,8.732964e+01,1.418383e-02,8.732964e+01,9.027624e-01,-8.589832e-01
6.91831,9.944026e-01,-4.272674e+00,1.554948e-02,8.707231e+01,1.554948e-02,8.707231e+01,9.027398e-01,-9.417885e-01
7.58578,9.942797e-01,-4.684382e+00,1.704600e-02,8.679025e+01,1.704600e-02,8.679025e+01,9.027127e-01,-1.032561e+00
8.31764,9.941321e-01,-5.135649e+00,1.868574e-02,8.648111e+01,1.868574e-02,8.648111e+01,9.026801e-01,-1.132064e+00
9.12011,9.939547e-01,-5.630238e+00,2.048215e-02,8.614232e+01,2.048215e-02,8.614232e+01,9.026410e-01,-1.241128e+00
10.00000,9.937418e-01,-6.172263e+00,2.244986e-02,8.577106e+01,2.244986e-02,8.577106e+01,9.025941e-01,-1.360667e+00
10.96478,9.934862e-01,-6.766210e+00,2.460476e-02,8.536428e+01,2.460476e-02,8.536428e+01,9.025377e-01,-1.491674e+00
12.02264,9.931793e-01,-7.416972e+00,2.696408e-02,8.491864e+01,2.696408e-02,8.491864e+01,9.024701e-01,-1.635236e+00
13.18257,9.928111e-01,-8.129875e+00,2.954643e-02,8.443051e+01,2.954643e-02,8.443051e+01,9.023890e-01,-1.792537e+00
14.45440,9.923695e-01,-8.910712e+00,3.237191e-02,8.389596e+01,3.237191e-02,8.389596e+01,9.022918e-01,-1.964869e+00
15.84893,9.918401e-01,-9.765771e+00,3.546206e-02,8.331072e+01,3.546206e-02,8.331072e+01,9.021752e-01,-2.153635e+00
17.37801,9.912058e-01,-1.070186e+01,3.883998e-02,8.267017e+01,3.883998e-02,8.267017e+01,9.020357e-01,-2.360363e+00
19.05461,9.904464e-01,-1.172635e+01,4.253017e-02,8.196933e+01,4.253017e-02,8.196934e+01,9.018688e-01,-2.586707e+00
20.89296,9.895379e-01,-1.284716e+01,4.655857e-02,8.120288e+01,4.655857e-02,8.120288e+01,9.016693e-01,-2.834458e+00
22.90868,9.884521e-01,-1.407281e+01,5.095232e-02,8.036507e+01,5.095232e-02,8.036507e+01,9.014311e-01,-3.105552e+00
25.11886,9.871559e-01,-1.541238e+01,5.573953e-02,7.944985e+01,5.573953e-02,7.944985e+01,9.011470e-01,-3.402069e+00
27.54229,9.856109e-01,-1.687555e+01,6.094894e-02,7.845078e+01,6.094894e-02,7.845078e+01,9.008089e-01,-3.726243e+00
30.19952,9.837721e-01,-1.847250e+01,6.660936e-02,7.736112e+01,6.660936e-02,7.736112e+01,9.004073e-01,-4.080460e+00
33.11311,9.815883e-01,-2.021390e+01,7.274898e-02,7.617389e+01,7.274898e-02,7.617389e+01,8.999313e-01,-4.467260e+00
36.30781,9.790007e-01,-2.211082e+01,7.939444e-02,7.488191e+01,7.939444e-02,7.488191e+01,8.993686e-01,-4.889326e+00
39.81072,9.759432e-01,-2.417453e+01,8.656961e-02,7.347798e+01,8.656961e-02,7.347798e+01,8.987058e-01,-5.349485e+00
43.65158,9.723424e-01,-2.641637e+01,9.429411e-02,7.195494e+01,9.429411e-02,7.195494e+01,8.979280e-01,-5.850688e+00
47.86301,9.681181e-01,-2.884749e+01,1.025815e-01,7.030597e+01,1.025815e-01,7.030597e+01,8.970193e-01,-6.396002e+00
52.48075,9.631848e-01,-3.147851e+01,1.114372e-01,6.852475e+01,1.114372e-01,6.852475e+01,8.959635e-01,-6.988591e+00
57.54399,9.574540e-01,-3.431912e+01,1.208561e-01,6.660578e+01,1.208561e-01,6.660578e+01,8.947443e-01,-7.631700e+00
63.09573,9.508372e-01,-3.737763e+01,1.308199e-01,6.454474e+01,1.308199e-01,6.454474e+01,8.933465e-01,-8.328645e+00
69.18310,9.432513e-01,-4.066037e+01,1.412947e-01,6.233880e+01,1.412947e-01,6.233880e+01,8.917575e-01,-9.082818e+00
75.85776,9.346240e-01,-4.417115e+01,1.522288e-01,5.998706e+01,1.522288e-01,5.998706e+01,8.899682e-01,-9.897702e+00
83.17638,9.249016e-01,-4.791054e+01,1.635509e-01,5.749091e+01,1.635509e-01,5.749091e+01,8.879753e-01,-1.077692e+01
91.20108,9.140569e-01,-5.187528e+01,1.751693e-01,5.485429e+01,1.751693e-01,5.485429e+01,8.857829e-01,-1.172432e+01
100.00000,9.020976e-01,-5.605766e+01,1.869725e-01,5.208400e+01,1.869725e-01,5.208400e+01,8.834042e-01,-1.274408e+01
109.64782,8.890731e-01,-6.044510e+01,1.988316e-01,4.918967e+01,1.988316e-01,4.918967e+01,8.808629e-01,-1.384090e+01
120.22644,8.750805e-01,-6.501984e+01,2.106040e-01,4.618369e+01,2.106040e-01,4.618369e+01,8.781940e-01,-1.502019e+01
131.82567,8.602653e-01,-6.975891e+01,2.221389e-01,4.308083e+01,2.221389e-01,4.308083e+01,8.754433e-01,-1.628828e+01
144.54398,8.448196e-01,-7.463439e+01,2.332844e-01,3.989770e+01,2.332844e-01,3.989770e+01,8.726663e-01,-1.765260e+01
158.48932,8.289737e-01,-7.961395e+01,2.438944e-01,3.665197e+01,2.438944e-01,3.665197e+01,8.699260e-01,-1.912189e+01
173.78008,8.129848e-01,-8.466173e+01,2.538352e-01,3.336150e+01,2.538352e-01,3.336150e+01,8.672902e-01,-2.070627e+01
190.54607,7.971212e-01,-8.973940e+01,2.629915e-01,3.004343e+01,2.629915e-01,3.004343e+01,8.648275e-01,-2.241721e+01
208.92961,7.816464e-01,-9.480744e+01,2.712696e-01,2.671332e+01,2.712696e-01,2.671332e+01,8.626049e-01,-2.426743e+01
229.08677,7.668028e-01,-9.982653e+01,2.785989e-01,2.338445e+01,2.785989e-01,2.338445e+01,8.606847e-01,-2.627065e+01
251.18864,7.527995e-01,-1.047589e+02,2.849310e-01,2.006733e+01,2.849310e-01,2.006733e+01,8.591233e-01,-2.844128e+01
275.42287,7.398028e-01,-1.095696e+02,2.902366e-01,1.676946e+01,2.902366e-01,1.676946e+01,8.579697e-01,-3.079396e+01
301.99517,7.279328e-01,-1.142274e+02,2.945017e-01,1.349535e+01,2.945017e-01,1.349535e+01,8.572665e-01,-3.334306e+01
331.13112,7.172631e-01,-1.187061e+02,2.977226e-01,1.024673e+01,2.977226e-01,1.024673e+01,8.570496e-01,-3.610219e+01
363.07805,7.078254e-01,-1.229843e+02,2.999018e-01,7.023044e+00,2.999018e-01,7.023044e+00,8.573497e-01,-3.908351e+01
398.10717,6.996149e-01,-1.270464e+02,3.010437e-01,3.821987e+00,3.010437e-01,3.821987e+00,8.581929e-01,-4.229714e+01
436.51583,6.925985e-01,-1.308819e+02,3.011519e-01,6.402205e-01,3.011519e-01,6.402205e-01,8.596004e-01,-4.575041e+01
478.63009,6.867212e-01,-1.344856e+02,3.002278e-01,-2.525887e+00,3.002278e-01,-2.525887e+00,8.615886e-01,-4.944713e+01
524.80746,6.819136e-01,-1.378568e+02,2.982702e-01,-5.679485e+00,2.982702e-01,-5.679485e+00,8.641672e-01,-5.338686e+01
575.43994,6.780963e-01,-1.409989e+02,2.952768e-01,-8.822492e+00,2.952768e-01,-8.822492e+00,8.673376e-01,-5.756412e+01
630.95734,6.751845e-01,-1.439185e+02,2.912470e-01,-1.195489e+01,2.912470e-01,-1.195489e+01,8.710897e-01,-6.196783e+01
691.83097,6.730902e-01,-1.466250e+02,2.861856e-01,-1.507411e+01,2.861856e-01,-1.507411e+01,8.753993e-01,-6.658082e+01
758.57758,6.717236e-01,-1.491293e+02,2.801074e-01,-1.817461e+01,2.801074e-01,-1.817461e+01,8.802258e-01,-7.137967e+01
831.76377,6.709945e-01,-1.514441e+02,2.730416e-01,-2.124754e+01,2.730416e-01,-2.124754e+01,8.855102e-01,-7.633489e+01
912.01084,6.708125e-01,-1.535820e+02,2.650362e-01,-2.428076e+01,2.650362e-01,-2.428076e+01,8.911749e-01,-8.141145e+01
1000.00000,6.710883e-01,-1.555562e+02,2.561609e-01,-2.725899e+01,2.561609e-01,-2.725899e+01,8.971260e-01,-8.656987e+01
1096.47820,6.717342e-01,-1.573789e+02,2.465085e-01,-3.016430e+01,2.465085e-01,-3.016430e+01,9.032569e-01,-9.176755e+01
1202.26443,6.726663e-01,-1.590618e+02,2.361935e-01,-3.297682e+01,2.361935e-01,-3.297682e+01,9.094537e-01,-9.696045e+01
1318.25674,6.738058e-01,-1.606154e+02,2.253491e-01,-3.567550e+01,2.253491e-01,-3.567550e+01,9.156022e-01,-1.021049e+02
1445.43977,6.750816e-01,-1.620489e+02,2.141217e-01,-3.823914e+01,2.141217e-01,-3.823914e+01,9.215949e-01,-1.071593e+02
1584.89319,6.764316e-01,-1.633704e+02,2.026644e-01,-4.064721e+01,2.026644e-01,-4.064721e+01,9.273369e-01,-1.120859e+02
1737.80083,6.778041e-01,-1.645870e+02,1.911298e-01,-4.288069e+01,1.911298e-01,-4.288069e+01,9.327508e-01,-1.168516e+02
1905.46072,6.791585e-01,-1.657048e+02,1.796633e-01,-4.492273e+01,1.796633e-01,-4.492273e+01,9.377790e-01,-1.214290e+02
2089.29613,6.804650e-01,-1.667290e+02,1.683972e-01,-4.675904e+01,1.683972e-01,-4.675904e+01,9.423847e-01,-1.257971e+02
2290.86765,6.817041e-01,-1.676644e+02,1.574469e-01,-4.837816e+01,1.574469e-01,-4.837816e+01,9.465506e-01,-1.299406e+02
2511.88643,6.828653e-01,-1.685151e+02,1.469081e-01,-4.977156e+01,1.469081e-01,-4.977156e+01,9.502758e-01,-1.338499e+02
2754.22870,6.839458e-01,-1.692852e+02,1.368565e-01,-5.093358e+01,1.368565e-01,-5.093358e+01,9.535735e-01,-1.375207e+02
3019.95172,6.849491e-01,-1.699782e+02,1.273478e-01,-5.186129e+01,1.273478e-01,-5.186129e+01,9.564668e-01,-1.409530e+02
3311.31121,6.858835e-01,-1.705974e+02,1.184199e-01,-5.255443e+01,1.184199e-01,-5.255443e+01,9.589854e-01,-1.441505e+02
3630.78055,6.867613e-01,-1.711462e+02,1.100943e-01,-5.301530e+01,1.100943e-01,-5.301530e+01,9.611630e-01,-1.471195e+02
3981.07171,6.875973e-01,-1.716275e+02,1.023791e-01,-5.324872e+01,1.023791e-01,-5.324872e+01,9.630350e-01,-1.498687e+02
4365.15832,6.884091e-01,-1.720440e+02,9.527125e-02,-5.326208e+01,9.527125e-02,-5.326208e+01,9.646363e-01,-1.524084e+02
4786.30092,6.892158e-01,-1.723983e+02,8.875853e-02,-5.306547e+01,8.875853e-02,-5.306547e+01,9.660004e-01,-1.547497e+02
5248.07460,6.900386e-01,-1.726929e+02,8.282190e-02,-5.267182e+01,8.282190e-02,-5.267182e+01,9.671585e-01,-1.569043e+02
5754.39937,6.909004e-01,-1.729297e+02,7.743696e-02,-5.209710e+01,7.743696e-02,-5.209710e+01,9.681390e-01,-1.588842e+02
6309.57344,6.918266e-01,-1.731108e+02,7.257539e-02,-5.136043e+01,7.257539e-02,-5.136043e+01,9.689675e-01,-1.607012e+02
6918.30971,6.928447e-01,-1.732379e+02,6.820600e-02,-5.048413e+01,6.820600e-02,-5.048413e+01,9.696667e-01,-1.623669e+02
7585.77575,6.939854e-01,-1.733125e+02,6.429560e-02,-4.949363e+01,6.429560e-02,-4.949363e+01,9.702562e-01,-1.638926e+02
8317.63771,6.952831e-01,-1.733361e+02,6.080966e-02,-4.841714e+01,6.080966e-02,-4.841714e+01,9.707534e-01,-1.652890e+02
9120.10839,6.967762e-01,-1.733102e+02,5.771282e-02,-4.728519e+01,5.771282e-02,-4.728519e+01,9.711733e-01,-1.665661e+02
10000.00000,6.985080e-01,-1.732361e+02,5.496938e-02,-4.612987e+01,5.496938e-02,-4.612987e+01,9.715286e-01,-1.677334e+02
