! ! 
! S ! 
! ! 
! # MHz  S  MA  R  50.00000
! ! ===================================================================
1.00000,9.949987e-01,-6.179165e-01,2.254811e-03,8.957661e+01,2.254811e-03,8.957662e+01,9.070034e-01,-1.361659e-01
1.09648,9.949961e-01,-6.775304e-01,2.472340e-03,8.953573e+01,2.472340e-03,8.953573e+01,9.070029e-01,-1.493008e-01
1.20226,9.949930e-01,-7.428952e-01,2.710852e-03,8.949091e+01,2.710852e-03,8.949091e+01,9.070022e-01,-1.637029e-01
1.31826,9.949893e-01,-8.145657e-01,2.972371e-03,8.944176e+01,2.972371e-03,8.944176e+01,9.070013e-01,-1.794946e-01
1.44544,9.949848e-01,-8.931500e-01,3.259114e-03,8.938788e+01,3.259114e-03,8.938788e+01,9.070004e-01,-1.968099e-01
1.58489,9.949794e-01,-9.793148e-01,3.573514e-03,8.932880e+01,3.573514e-03,8.932880e+01,9.069992e-01,-2.157956e-01
1.73780,9.949730e-01,-1.073791e+00,3.918236e-03,8.926403e+01,3.918236e-03,8.926403e+01,9.069977e-01,-2.366129e-01
1.90546,9.949652e-01,-1.177380e+00,4.296202e-03,8.919301e+01,4.296202e-03,8.919301e+01,9.069960e-01,-2.594383e-01
2.08930,9.949558e-01,-1.290961e+00,4.710615e-03,8.911514e+01,4.710615e-03,8.911514e+01,9.069939e-01,-2.844656e-01
2.29087,9.949446e-01,-1.415497e+00,5.164985e-03,8.902977e+01,5.164985e-03,8.902977e+01,9.069914e-01,-3.119070e-01
2.51189,9.949310e-01,-1.552043e+00,5.663160e-03,8.893616e+01,5.663160e-03,8.893616e+01,9.069884e-01,-3.419951e-01
2.75423,9.949148e-01,-1.701756e+00,6.209355e-03,8.883353e+01,6.209355e-03,8.883353e+01,9.069848e-01,-3.749851e-01
3.01995,9.948952e-01,-1.865906e+00,6.808190e-03,8.872100e+01,6.808190e-03,8.872100e+01,9.069805e-01,-4.111567e-01
3.31131,9.948717e-01,-2.045883e+00,7.464726e-03,8.859763e+01,7.464726e-03,8.859763e+01,9.069752e-01,-4.508163e-01
3.63078,9.948435e-01,-2.243210e+00,8.184505e-03,8.846236e+01,8.184505e-03,8.846236e+01,9.069690e-01,-4.942999e-01
3.98107,9.948095e-01,-2.459557e+00,8.973599e-03,8.831406e+01,8.973599e-03,8.831406e+01,9.069614e-01,-5.419756e-01
4.36516,9.947687e-01,-2.696752e+00,9.838655e-03,8.815147e+01,9.838655e-03,8.815147e+01,9.069524e-01,-5.942469e-01
4.78630,9.947196e-01,-2.956801e+00,1.078695e-02,8.797322e+01,1.078695e-02,8.797322e+01,9.069415e-01,-6.515559e-01
5.24807,9.946607e-01,-3.241899e+00,1.182643e-02,8.777781e+01,1.182643e-02,8.777781e+01,9.069284e-01,-7.143869e-01
5.75440,9.945898e-01,-3.554447e+00,1.296582e-02,8.756359e+01,1.296582e-02,8.756359e+01,9.069127e-01,-7.832704e-01
6.30957,9.945046e-01,-3.897079e+00,1.421462e-02,8.732876e+01,1.421462e-02,8.732876e+01,9.068938e-01,-8.587873e-01
6.91831,9.944023e-01,-4.272674e+00,1.558324e-02,8.707134e+01,1.558324e-02,8.707134e+01,9.068710e-01,-9.415736e-01
7.58578,9.942794e-01,-4.684382e+00,1.708301e-02,8.678919e+01,1.708301e-02,8.678919e+01,9.068438e-01,-1.032326e+00
8.31764,9.941317e-01,-5.135648e+00,1.872631e-02,8.647995e+01,1.872631e-02,8.647995e+01,9.068110e-01,-1.131805e+00
9.12011,9.939543e-01,-5.630237e+00,2.052662e-02,8.614104e+01,2.052662e-02,8.614104e+01,9.067716e-01,-1.240845e+00
10.00000,9.937412e-01,-6.172262e+00,2.249860e-02,8.576966e+01,2.249860e-02,8.576966e+01,9.067244e-01,-1.360356e+00
10.96478,9.934855e-01,-6.766209e+00,2.465818e-02,8.536274e+01,2.465818e-02,8.536274e+01,9.066677e-01,-1.491333e+00
12.02264,9.931785e-01,-7.416970e+00,2.702261e-02,8.491695e+01,2.702261e-02,8.491695e+01,9.065996e-01,-1.634861e+00
13.18257,9.928101e-01,-8.129872e+00,2.961056e-02,8.442866e+01,2.961056e-02,8.442866e+01,9.065180e-01,-1.792126e+00
14.45440,9.923683e-01,-8.910708e+00,3.244216e-02,8.389394e+01,3.244216e-02,8.389394e+01,9.064201e-01,-1.964418e+00
15.84893,9.918387e-01,-9.765766e+00,3.553902e-02,8.330850e+01,3.553902e-02,8.330850e+01,9.063029e-01,-2.153141e+00
17.37801,9.912041e-01,-1.070186e+01,3.892425e-02,8.266774e+01,3.892425e-02,8.266774e+01,9.061624e-01,-2.359820e+00
19.05461,9.904443e-01,-1.172634e+01,4.262243e-02,8.196667e+01,4.262243e-02,8.196667e+01,9.059944e-01,-2.586111e+00
20.89296,9.895354e-01,-1.284715e+01,4.665955e-02,8.119996e+01,4.665955e-02,8.119996e+01,9.057936e-01,-2.833804e+00
22.90868,9.884491e-01,-1.407279e+01,5.106280e-02,8.036188e+01,5.106280e-02,8.036188e+01,9.055539e-01,-3.104833e+00
25.11886,9.871524e-01,-1.541236e+01,5.586036e-02,7.944635e+01,5.586036e-02,7.944635e+01,9.052680e-01,-3.401279e+00
27.54229,9.856066e-01,-1.687552e+01,6.108102e-02,7.844695e+01,6.108102e-02,7.844695e+01,9.049277e-01,-3.725375e+00
30.19952,9.837671e-01,-1.847246e+01,6.675364e-02,7.735693e+01,6.675364e-02,7.735693e+01,9.045235e-01,-4.079506e+00
33.11311,9.815823e-01,-2.021386e+01,7.290648e-02,7.616931e+01,7.290648e-02,7.616931e+01,9.040443e-01,-4.466210e+00
36.30781,9.789936e-01,-2.211076e+01,7.956623e-02,7.487690e+01,7.956623e-02,7.487690e+01,9.034780e-01,-4.888170e+00
39.81072,9.759347e-01,-2.417445e+01,8.675679e-02,7.347250e+01,8.675679e-02,7.347250e+01,9.028108e-01,-5.348211e+00
43.65158,9.723324e-01,-2.641627e+01,9.449783e-02,7.194896e+01,9.449783e-02,7.194896e+01,9.020279e-01,-5.849284e+00
47.86301,9.681063e-01,-2.884736e+01,1.028029e-01,7.029944e+01,1.028029e-01,7.029944e+01,9.011132e-01,-6.394453e+00
52.48075,9.631709e-01,-3.147834e+01,1.116775e-01,6.851762e+01,1.116775e-01,6.851762e+01,9.000503e-01,-6.986880e+00
57.54399,9.574377e-01,-3.431891e+01,1.211163e-01,6.659801e+01,1.211163e-01,6.659801e+01,8.988229e-01,-7.629808e+00
63.09573,9.508182e-01,-3.737735e+01,1.311011e-01,6.453628e+01,1.311011e-01,6.453628e+01,8.974157e-01,-8.326552e+00
69.18310,9.432292e-01,-4.066002e+01,1.415979e-01,6.232959e+01,1.415979e-01,6.232959e+01,8.958157e-01,-9.080501e+00
75.85776,9.345985e-01,-4.417071e+01,1.525548e-01,5.997706e+01,1.525548e-01,5.997706e+01,8.940139e-01,-9.895134e+00
83.17638,9.248724e-01,-4.790998e+01,1.639003e-01,5.748005e+01,1.639003e-01,5.748005e+01,8.920068e-01,-1.077407e+01
91.20108,9.140237e-01,-5.187458e+01,1.755425e-01,5.484252e+01,1.755425e-01,5.484252e+01,8.897985e-01,-1.172115e+01
100.00000,9.020600e-01,-5.605680e+01,1.873697e-01,5.207126e+01,1.873697e-01,5.207126e+01,8.874020e-01,-1.274057e+01
109.64782,8.890311e-01,-6.044405e+01,1.992525e-01,4.917589e+01,1.992525e-01,4.917589e+01,8.848410e-01,-1.383700e+01
120.22644,8.750337e-01,-6.501856e+01,2.110481e-01,4.616881e+01,2.110481e-01,4.616881e+01,8.821504e-01,-1.501587e+01
131.82567,8.602139e-01,-6.975738e+01,2.226054e-01,4.306478e+01,2.226054e-01,4.306478e+01,8.793760e-01,-1.628348e+01
144.54398,8.447636e-01,-7.463257e+01,2.337720e-01,3.988040e+01,2.337720e-01,3.988040e+01,8.765733e-01,-1.764728e+01
158.48932,8.289133e-01,-7.961181e+01,2.444014e-01,3.663334e+01,2.444014e-01,3.663334e+01,8.738054e-01,-1.911601e+01
173.78008,8.129202e-01,-8.465925e+01,2.543598e-01,3.334145e+01,2.543598e-01,3.334145e+01,8.711397e-01,-2.069978e+01
190.54607,7.970530e-01,-8.973654e+01,2.635314e-01,3.002187e+01,2.635314e-01,3.002187e+01,8.686449e-01,-2.241007e+01
208.92961,7.815750e-01,-9.480419e+01,2.718225e-01,2.669014e+01,2.718225e-01,2.669014e+01,8.663876e-01,-2.425959e+01
229.08677,7.667289e-01,-9.982288e+01,2.791621e-01,2.335954e+01,2.791621e-01,2.335954e+01,8.644300e-01,-2.626208e+01
251.18864,7.527237e-01,-1.047548e+02,2.855017e-01,2.004058e+01,2.855017e-01,2.004058e+01,8.628276e-01,-2.843195e+01
275.42287,7.397260e-01,-1.095651e+02,2.908118e-01,1.674075e+01,2.908118e-01,1.674075e+01,8.616292e-01,-3.078383e+01
301.99517,7.278557e-01,-1.142225e+02,2.950783e-01,1.346454e+01,2.950783e-01,1.346454e+01,8.608763e-01,-3.333213e+01
331.13112,7.171866e-01,-1.187008e+02,2.982974e-01,1.021372e+01,2.982974e-01,1.021372e+01,8.606042e-01,-3.609044e+01
363.07805,7.077503e-01,-1.229786e+02,3.004716e-01,6.987712e+00,3.004716e-01,6.987712e+00,8.608426e-01,-3.907097e+01
398.10717,6.995423e-01,-1.270403e+02,3.016051e-01,3.784236e+00,3.016051e-01,3.784236e+00,8.616164e-01,-4.228383e+01
436.51583,6.925291e-01,-1.308755e+02,3.017015e-01,5.999746e-01,3.017015e-01,5.999746e-01,8.629460e-01,-4.573640e+01
478.63009,6.866560e-01,-1.344790e+02,3.007621e-01,-2.568673e+00,3.007621e-01,-2.568673e+00,8.648467e-01,-4.943250e+01
524.80746,6.818533e-01,-1.378500e+02,2.987857e-01,-5.724819e+00,2.987857e-01,-5.724819e+00,8.673273e-01,-5.337171e+01
575.43994,6.780417e-01,-1.409919e+02,2.957701e-01,-8.870331e+00,2.957701e-01,-8.870331e+00,8.703884e-01,-5.754859e+01
630.95734,6.751362e-01,-1.439114e+02,2.917150e-01,-1.200513e+01,2.917150e-01,-1.200513e+01,8.740197e-01,-6.195208e+01
691.83097,6.730486e-01,-1.466178e+02,2.866254e-01,-1.512660e+01,2.866254e-01,-1.512660e+01,8.781969e-01,-6.656503e+01
758.57758,6.716890e-01,-1.491223e+02,2.805165e-01,-1.822911e+01,2.805165e-01,-1.822911e+01,8.828799e-01,-7.136404e+01
831.76377,6.709669e-01,-1.514372e+02,2.734179e-01,-2.130376e+01,2.734179e-01,-2.130376e+01,8.880105e-01,-7.631961e+01
912.01084,6.707919e-01,-1.535754e+02,2.653784e-01,-2.433833e+01,2.653784e-01,-2.433833e+01,8.935128e-01,-8.139672e+01
1000.00000,6.710741e-01,-1.555499e+02,2.564685e-01,-2.731748e+01,2.564685e-01,-2.731748e+01,8.992949e-01,-8.655586e+01
1096.47820,6.717258e-01,-1.573731e+02,2.467816e-01,-3.022327e+01,2.467816e-01,-3.022327e+01,9.052526e-01,-9.175440e+01
1202.26443,6.726629e-01,-1.590564e+02,2.364330e-01,-3.303577e+01,2.364330e-01,-3.303577e+01,9.112748e-01,-9.694827e+01
1318.25674,6.738066e-01,-1.606105e+02,2.255565e-01,-3.573396e+01,2.255565e-01,-3.573396e+01,9.172501e-01,-1.020937e+02
1445.43977,6.750857e-01,-1.620444e+02,2.142992e-01,-3.829664e+01,2.142992e-01,-3.829664e+01,9.230739e-01,-1.071492e+02
1584.89319,6.764381e-01,-1.633665e+02,2.028147e-01,-4.070331e+01,2.028147e-01,-4.070331e+01,9.286537e-01,-1.120768e+02
1737.80083,6.778122e-01,-1.645836e+02,1.912557e-01,-4.293502e+01,1.912557e-01,-4.293502e+01,9.339141e-01,-1.168435e+02
1905.46072,6.791675e-01,-1.657018e+02,1.797678e-01,-4.497497e+01,1.797678e-01,-4.497497e+01,9.387995e-01,-1.214219e+02
2089.29613,6.804744e-01,-1.667264e+02,1.684832e-01,-4.680893e+01,1.684832e-01,-4.680893e+01,9.432739e-01,-1.257909e+02
2290.86765,6.817134e-01,-1.676621e+02,1.575172e-01,-4.842553e+01,1.575172e-01,-4.842553e+01,9.473206e-01,-1.299351e+02
2511.88643,6.828741e-01,-1.685132e+02,1.469652e-01,-4.981629e+01,1.469652e-01,-4.981629e+01,9.509391e-01,-1.338452e+02
2754.22870,6.839540e-01,-1.692835e+02,1.369027e-01,-5.097561e+01,1.369027e-01,-5.097561e+01,9.541420e-01,-1.375166e+02
3019.95172,6.849565e-01,-1.699767e+02,1.273851e-01,-5.190061e+01,1.273851e-01,-5.190061e+01,9.569518e-01,-1.409494e+02
3311.31121,6.858902e-01,-1.705962e+02,1.184499e-01,-5.259108e+01,1.184499e-01,-5.259108e+01,9.593977e-01,-1.441473e+02
3630.78055,6.867671e-01,-1.711452e+02,1.101184e-01,-5.304935e+01,1.101184e-01,-5.304935e+01,9.615123e-01,-1.471167e+02
3981.07171,6.876024e-01,-1.716266e+02,1.023986e-01,-5.328026e+01,1.023986e-01,-5.328026e+01,9.633301e-01,-1.498663e+02
4365.15832,6.884134e-01,-1.720432e+02,9.528698e-02,-5.329123e+01,9.528698e-02,-5.329123e+01,9.648849e-01,-1.524062e+02
4786.30092,6.892194e-01,-1.723977e+02,8.877129e-02,-5.309235e+01,8.877129e-02,-5.309235e+01,9.662094e-01,-1.547478e+02
5248.07460,6.900416e-01,-1.726923e+02,8.283230e-02,-5.269657e+01,8.283230e-02,-5.269657e+01,9.673339e-01,-1.569026e+02
5754.39937,6.909029e-01,-1.729292e+02,7.744550e-02,-5.211986e+01,7.744550e-02,-5.211986e+01,9.682860e-01,-1.588826e+02
6309.57344,6.918286e-01,-1.731104e+02,7.258245e-02,-5.138132e+01,7.258245e-02,-5.138132e+01,9.690905e-01,-1.606998e+02
6918.30971,6.928463e-01,-1.732375e+02,6.821189e-02,-5.050330e+01,6.821189e-02,-5.050330e+01,9.697694e-01,-1.623657e+02
7585.77575,6.939867e-01,-1.733121e+02,6.430057e-02,-4.951119e+01,6.430057e-02,-4.951119e+01,9.703420e-01,-1.638915e+02
8317.63771,6.952841e-01,-1.733358e+02,6.081388e-02,-4.843323e+01,6.081388e-02,-4.843323e+01,9.708250e-01,-1.652880e+02
9120.10839,6.967769e-01,-1.733099e+02,5.771646e-02,-4.729991e+01,5.771646e-02,-4.729991e+01,9.712329e-01,-1.665652e+02
10000.00000,6.985085e-01,-1.732358e+02,5.497255e-02,-4.614334e+01,5.497255e-02,-4.614334e+01,9.715782e-01,-1.677326e+02
