! ! 
! S ! 
! ! 
! # MHz  S  MA  R  50.00000
! ! ===================================================================
1.00000,9.954104e-01,-6.179456e-01,2.252635e-03,8.957660e+01,2.252635e-03,8.957661e+01,9.047591e-01,-1.361834e-01
1.09648,9.954078e-01,-6.775624e-01,2.469954e-03,8.953572e+01,2.469954e-03,8.953573e+01,9.047585e-01,-1.493199e-01
1.20226,9.954047e-01,-7.429303e-01,2.708236e-03,8.949090e+01,2.708236e-03,8.949090e+01,9.047578e-01,-1.637239e-01
1.31826,9.954010e-01,-8.146042e-01,2.969503e-03,8.944175e+01,2.969503e-03,8.944176e+01,9.047570e-01,-1.795176e-01
1.44544,9.953965e-01,-8.931921e-01,3.255970e-03,8.938787e+01,3.255970e-03,8.938787e+01,9.047560e-01,-1.968351e-01
1.58489,9.953911e-01,-9.793610e-01,3.570066e-03,8.932879e+01,3.570066e-03,8.932879e+01,9.047548e-01,-2.158233e-01
1.73780,9.953846e-01,-1.073842e+00,3.914455e-03,8.926402e+01,3.914455e-03,8.926402e+01,9.047534e-01,-2.366432e-01
1.90546,9.953768e-01,-1.177436e+00,4.292057e-03,8.919300e+01,4.292057e-03,8.919300e+01,9.047517e-01,-2.594716e-01
2.08930,9.953675e-01,-1.291022e+00,4.706070e-03,8.911513e+01,4.706070e-03,8.911513e+01,9.047496e-01,-2.845021e-01
2.29087,9.953562e-01,-1.415563e+00,5.160001e-03,8.902975e+01,5.160001e-03,8.902975e+01,9.047471e-01,-3.119470e-01
2.51189,9.953427e-01,-1.552116e+00,5.657695e-03,8.893614e+01,5.657695e-03,8.893615e+01,9.047441e-01,-3.420390e-01
2.75423,9.953264e-01,-1.701837e+00,6.203363e-03,8.883351e+01,6.203363e-03,8.883351e+01,9.047405e-01,-3.750332e-01
3.01995,9.953068e-01,-1.865994e+00,6.801620e-03,8.872098e+01,6.801620e-03,8.872098e+01,9.047362e-01,-4.112094e-01
3.31131,9.952833e-01,-2.045979e+00,7.457522e-03,8.859761e+01,7.457522e-03,8.859761e+01,9.047310e-01,-4.508741e-01
3.63078,9.952550e-01,-2.243316e+00,8.176607e-03,8.846234e+01,8.176607e-03,8.846234e+01,9.047247e-01,-4.943632e-01
3.98107,9.952210e-01,-2.459673e+00,8.964940e-03,8.831404e+01,8.964940e-03,8.831404e+01,9.047172e-01,-5.420451e-01
4.36516,9.951801e-01,-2.696880e+00,9.829160e-03,8.815145e+01,9.829160e-03,8.815145e+01,9.047082e-01,-5.943231e-01
4.78630,9.951310e-01,-2.956941e+00,1.077654e-02,8.797320e+01,1.077654e-02,8.797320e+01,9.046973e-01,-6.516395e-01
5.24807,9.950720e-01,-3.242051e+00,1.181502e-02,8.777778e+01,1.181502e-02,8.777779e+01,9.046843e-01,-7.144785e-01
5.75440,9.950010e-01,-3.554615e+00,1.295331e-02,8.756356e+01,1.295331e-02,8.756356e+01,9.046686e-01,-7.833708e-01
6.30957,9.949157e-01,-3.897263e+00,1.420091e-02,8.732872e+01,1.420091e-02,8.732872e+01,9.046498e-01,-8.588974e-01
6.91831,9.948133e-01,-4.272875e+00,1.556820e-02,8.707131e+01,1.556820e-02,8.707131e+01,9.046271e-01,-9.416944e-01
7.58578,9.946902e-01,-4.684602e+00,1.706652e-02,8.678915e+01,1.706652e-02,8.678915e+01,9.045999e-01,-1.032458e+00
8.31764,9.945423e-01,-5.135890e+00,1.870823e-02,8.647991e+01,1.870823e-02,8.647991e+01,9.045673e-01,-1.131950e+00
9.12011,9.943647e-01,-5.630502e+00,2.050680e-02,8.614099e+01,2.050680e-02,8.614100e+01,9.045281e-01,-1.241004e+00
10.00000,9.941514e-01,-6.172552e+00,2.247688e-02,8.576961e+01,2.247688e-02,8.576961e+01,9.044810e-01,-1.360530e+00
10.96478,9.938954e-01,-6.766526e+00,2.463437e-02,8.536269e+01,2.463437e-02,8.536269e+01,9.044244e-01,-1.491524e+00
12.02264,9.935880e-01,-7.417317e+00,2.699651e-02,8.491690e+01,2.699651e-02,8.491690e+01,9.043566e-01,-1.635071e+00
13.18257,9.932192e-01,-8.130252e+00,2.958196e-02,8.442860e+01,2.958196e-02,8.442860e+01,9.042752e-01,-1.792356e+00
14.45440,9.927769e-01,-8.911124e+00,3.241082e-02,8.389387e+01,3.241082e-02,8.389387e+01,9.041777e-01,-1.964670e+00
15.84893,9.922466e-01,-9.766221e+00,3.550467e-02,8.330843e+01,3.550467e-02,8.330843e+01,9.040608e-01,-2.153417e+00
17.37801,9.916113e-01,-1.070235e+01,3.888662e-02,8.266766e+01,3.888662e-02,8.266766e+01,9.039209e-01,-2.360123e+00
19.05461,9.908506e-01,-1.172689e+01,4.258122e-02,8.196659e+01,4.258122e-02,8.196659e+01,9.037534e-01,-2.586443e+00
20.89296,9.899406e-01,-1.284774e+01,4.661441e-02,8.119988e+01,4.661441e-02,8.119988e+01,9.035533e-01,-2.834168e+00
22.90868,9.888531e-01,-1.407344e+01,5.101338e-02,8.036179e+01,5.101338e-02,8.036179e+01,9.033143e-01,-3.105232e+00
25.11886,9.875548e-01,-1.541307e+01,5.580626e-02,7.944627e+01,5.580626e-02,7.944627e+01,9.030294e-01,-3.401716e+00
27.54229,9.860073e-01,-1.687629e+01,6.102181e-02,7.844686e+01,6.102181e-02,7.844686e+01,9.026902e-01,-3.725853e+00
30.19952,9.841656e-01,-1.847329e+01,6.668888e-02,7.735685e+01,6.668888e-02,7.735685e+01,9.022873e-01,-4.080030e+00
33.11311,9.819782e-01,-2.021476e+01,7.283569e-02,7.616922e+01,7.283569e-02,7.616922e+01,9.018098e-01,-4.466784e+00
36.30781,9.793864e-01,-2.211173e+01,7.948887e-02,7.487683e+01,7.948887e-02,7.487683e+01,9.012454e-01,-4.888799e+00
39.81072,9.763240e-01,-2.417550e+01,8.667232e-02,7.347244e+01,8.667232e-02,7.347244e+01,9.005805e-01,-5.348900e+00
43.65158,9.727175e-01,-2.641740e+01,9.440568e-02,7.194893e+01,9.440568e-02,7.194893e+01,8.998002e-01,-5.850039e+00
47.86301,9.684865e-01,-2.884858e+01,1.027025e-01,7.029945e+01,1.027025e-01,7.029945e+01,8.988887e-01,-6.395280e+00
52.48075,9.635455e-01,-3.147964e+01,1.115681e-01,6.851768e+01,1.115681e-01,6.851768e+01,8.978295e-01,-6.987785e+00
57.54399,9.578057e-01,-3.432028e+01,1.209974e-01,6.659814e+01,1.209974e-01,6.659814e+01,8.966064e-01,-7.630800e+00
63.09573,9.511787e-01,-3.737881e+01,1.309720e-01,6.453649e+01,1.309720e-01,6.453649e+01,8.952043e-01,-8.327639e+00
69.18310,9.435812e-01,-4.066155e+01,1.414581e-01,6.232993e+01,1.414581e-01,6.232993e+01,8.936101e-01,-9.081691e+00
75.85776,9.349408e-01,-4.417230e+01,1.524036e-01,5.997755e+01,1.524036e-01,5.997755e+01,8.918151e-01,-9.896439e+00
83.17638,9.252039e-01,-4.791163e+01,1.637372e-01,5.748073e+01,1.637372e-01,5.748073e+01,8.898157e-01,-1.077550e+01
91.20108,9.143433e-01,-5.187628e+01,1.753671e-01,5.484345e+01,1.753671e-01,5.484345e+01,8.876160e-01,-1.172273e+01
100.00000,9.023666e-01,-5.605852e+01,1.871816e-01,5.207249e+01,1.871816e-01,5.207249e+01,8.852293e-01,-1.274230e+01
109.64782,8.893236e-01,-6.044579e+01,1.990516e-01,4.917749e+01,1.990516e-01,4.917749e+01,8.826793e-01,-1.383891e+01
120.22644,8.753114e-01,-6.502030e+01,2.108343e-01,4.617085e+01,2.108343e-01,4.617085e+01,8.800008e-01,-1.501797e+01
131.82567,8.604760e-01,-6.975910e+01,2.223788e-01,4.306735e+01,2.223788e-01,4.306735e+01,8.772397e-01,-1.628581e+01
144.54398,8.450096e-01,-7.463426e+01,2.335331e-01,3.988358e+01,2.335331e-01,3.988358e+01,8.744516e-01,-1.764986e+01
158.48932,8.291429e-01,-7.961347e+01,2.441507e-01,3.663723e+01,2.441507e-01,3.663723e+01,8.716994e-01,-1.911887e+01
173.78008,8.131335e-01,-8.466087e+01,2.540981e-01,3.334615e+01,2.540981e-01,3.334615e+01,8.690508e-01,-2.070295e+01
190.54607,7.972501e-01,-8.973813e+01,2.632597e-01,3.002747e+01,2.632597e-01,3.002747e+01,8.665744e-01,-2.241358e+01
208.92961,7.817563e-01,-9.480576e+01,2.715419e-01,2.669674e+01,2.715419e-01,2.669674e+01,8.643370e-01,-2.426348e+01
229.08677,7.668949e-01,-9.982445e+01,2.788741e-01,2.336725e+01,2.788741e-01,2.336725e+01,8.624007e-01,-2.626638e+01
251.18864,7.528752e-01,-1.047564e+02,2.852077e-01,2.004948e+01,2.852077e-01,2.004948e+01,8.608216e-01,-2.843669e+01
275.42287,7.398636e-01,-1.095667e+02,2.905135e-01,1.675094e+01,2.905135e-01,1.675094e+01,8.596486e-01,-3.078903e+01
301.99517,7.279804e-01,-1.142242e+02,2.947773e-01,1.347610e+01,2.947773e-01,1.347610e+01,8.589236e-01,-3.333781e+01
331.13112,7.172991e-01,-1.187026e+02,2.979957e-01,1.022673e+01,2.979957e-01,1.022673e+01,8.586824e-01,-3.609663e+01
363.07805,7.078515e-01,-1.229806e+02,3.001710e-01,7.002230e+00,3.001710e-01,7.002230e+00,8.589551e-01,-3.907765e+01
398.10717,6.996327e-01,-1.270424e+02,3.013076e-01,3.800319e+00,3.013076e-01,3.800319e+00,8.597673e-01,-4.229100e+01
436.51583,6.926095e-01,-1.308778e+02,3.014091e-01,6.176586e-01,3.014091e-01,6.176586e-01,8.611398e-01,-4.574402e+01
478.63009,6.867270e-01,-1.344814e+02,3.004768e-01,-2.549370e+00,3.004768e-01,-2.549370e+00,8.630884e-01,-4.944054e+01
524.80746,6.819154e-01,-1.378525e+02,2.985094e-01,-5.703902e+00,2.985094e-01,-5.703902e+00,8.656226e-01,-5.338011e+01
575.43994,6.780953e-01,-1.409946e+02,2.955049e-01,-8.847833e+00,2.955049e-01,-8.847833e+00,8.687432e-01,-5.755728e+01
630.95734,6.751817e-01,-1.439142e+02,2.914626e-01,-1.198112e+01,2.914626e-01,-1.198112e+01,8.724401e-01,-6.196097e+01
691.83097,6.730864e-01,-1.466207e+02,2.863876e-01,-1.510117e+01,2.863876e-01,-1.510117e+01,8.766892e-01,-6.657402e+01
758.57758,6.717196e-01,-1.491251e+02,2.802946e-01,-1.820240e+01,2.802946e-01,-1.820240e+01,8.814500e-01,-7.137302e+01
831.76377,6.709907e-01,-1.514400e+02,2.732131e-01,-2.127593e+01,2.732131e-01,-2.127593e+01,8.866638e-01,-7.632845e+01
912.01084,6.708094e-01,-1.535782e+02,2.651916e-01,-2.430959e+01,2.651916e-01,-2.430959e+01,8.922539e-01,-8.140532e+01
1000.00000,6.710860e-01,-1.555526e+02,2.563000e-01,-2.728807e+01,2.563000e-01,-2.728807e+01,8.981273e-01,-8.656412e+01
1096.47820,6.717327e-01,-1.573755e+02,2.466314e-01,-3.019344e+01,2.466314e-01,-3.019344e+01,9.041785e-01,-9.176223e+01
1202.26443,6.726654e-01,-1.590587e+02,2.363007e-01,-3.300578e+01,2.363007e-01,-3.300578e+01,9.102948e-01,-9.695560e+01
1318.25674,6.738054e-01,-1.606125e+02,2.254413e-01,-3.570408e+01,2.254413e-01,-3.570408e+01,9.163636e-01,-1.021005e+02
1445.43977,6.750815e-01,-1.620463e+02,2.142001e-01,-3.826712e+01,2.142001e-01,-3.826712e+01,9.222784e-01,-1.071555e+02
1584.89319,6.764315e-01,-1.633681e+02,2.027302e-01,-4.067439e+01,2.027302e-01,-4.067439e+01,9.279455e-01,-1.120825e+02
1737.80083,6.778039e-01,-1.645850e+02,1.911844e-01,-4.290691e+01,1.911844e-01,-4.290691e+01,9.332886e-01,-1.168486e+02
1905.46072,6.791579e-01,-1.657030e+02,1.797080e-01,-4.494783e+01,1.797080e-01,-4.494783e+01,9.382508e-01,-1.214265e+02
2089.29613,6.804639e-01,-1.667275e+02,1.684336e-01,-4.678291e+01,1.684336e-01,-4.678291e+01,9.427959e-01,-1.257950e+02
2290.86765,6.817023e-01,-1.676630e+02,1.574761e-01,-4.840073e+01,1.574761e-01,-4.840073e+01,9.469067e-01,-1.299387e+02
2511.88643,6.828628e-01,-1.685139e+02,1.469315e-01,-4.979277e+01,1.469315e-01,-4.979277e+01,9.505826e-01,-1.338484e+02
2754.22870,6.839426e-01,-1.692841e+02,1.368750e-01,-5.095340e+01,1.368750e-01,-5.095340e+01,9.538365e-01,-1.375194e+02
3019.95172,6.849452e-01,-1.699772e+02,1.273624e-01,-5.187973e+01,1.273624e-01,-5.187973e+01,9.566912e-01,-1.409519e+02
3311.31121,6.858790e-01,-1.705966e+02,1.184313e-01,-5.257151e+01,1.184313e-01,-5.257151e+01,9.591761e-01,-1.441495e+02
3630.78055,6.867561e-01,-1.711454e+02,1.101033e-01,-5.303105e+01,1.101033e-01,-5.303105e+01,9.613246e-01,-1.471187e+02
3981.07171,6.875916e-01,-1.716268e+02,1.023862e-01,-5.326319e+01,1.023862e-01,-5.326319e+01,9.631715e-01,-1.498680e+02
4365.15832,6.884028e-01,-1.720433e+02,9.527676e-02,-5.327533e+01,9.527676e-02,-5.327533e+01,9.647513e-01,-1.524078e+02
4786.30092,6.892091e-01,-1.723978e+02,8.876289e-02,-5.307757e+01,8.876289e-02,-5.307757e+01,9.660971e-01,-1.547492e+02
5248.07460,6.900315e-01,-1.726923e+02,8.282538e-02,-5.268283e+01,8.282538e-02,-5.268283e+01,9.672396e-01,-1.569039e+02
5754.39937,6.908931e-01,-1.729292e+02,7.743977e-02,-5.210710e+01,7.743977e-02,-5.210710e+01,9.682070e-01,-1.588838e+02
6309.57344,6.918190e-01,-1.731103e+02,7.257770e-02,-5.136949e+01,7.257770e-02,-5.136949e+01,9.690244e-01,-1.607008e+02
6918.30971,6.928369e-01,-1.732374e+02,6.820795e-02,-5.049232e+01,6.820795e-02,-5.049232e+01,9.697142e-01,-1.623666e+02
7585.77575,6.939775e-01,-1.733120e+02,6.429729e-02,-4.950103e+01,6.429729e-02,-4.950103e+01,9.702959e-01,-1.638924e+02
8317.63771,6.952752e-01,-1.733356e+02,6.081116e-02,-4.842382e+01,6.081116e-02,-4.842382e+01,9.707865e-01,-1.652887e+02
9120.10839,6.967682e-01,-1.733097e+02,5.771419e-02,-4.729121e+01,5.771419e-02,-4.729121e+01,9.712008e-01,-1.665659e+02
10000.00000,6.985000e-01,-1.732356e+02,5.497066e-02,-4.613531e+01,5.497066e-02,-4.613531e+01,9.715515e-01,-1.677333e+02
